1596707640362	1596707640360	-12.756	-1.145	0.591	-2.045	0.316	2.457	127.738464	37.884846
1596707640385	1596707640382	-12.490	-1.446	0.306	-2.333	-0.059	2.509	127.738464	37.884846
1596707640402	1596707640399	-11.657	-1.827	0.052	-2.595	-0.247	2.578	127.738464	37.884846
1596707640422	1596707640420	-11.065	-2.318	-0.106	-2.760	-0.283	2.638	127.738464	37.884846
1596707640441	1596707640439	-11.065	-2.515	-0.302	-2.868	-0.074	2.602	127.738464	37.884846
1596707640460	1596707640459	-11.920	-2.901	-0.185	-2.863	0.327	2.557	127.738464	37.884846
1596707640483	1596707640478	-12.797	-3.341	0.048	-2.641	0.482	2.385	127.738464	37.884846
1596707640501	1596707640501	-12.629	-3.291	-0.113	-2.380	0.316	2.085	127.738464	37.884846
1596707640521	1596707640519	-12.883	-4.014	-0.868	-1.928	0.275	1.740	127.738464	37.884846
1596707640540	1596707640537	-13.827	-4.632	-0.781	-1.298	0.574	1.297	127.738464	37.884846
1596707640558	1596707640557	-12.375	-4.213	-0.156	-0.427	0.221	0.849	127.738464	37.884846
1596707640583	1596707640576	-9.723	-3.883	-0.216	0.386	-0.211	0.346	127.738464	37.884846
1596707640598	1596707640596	-9.225	-3.006	0.098	0.965	0.283	-0.452	127.738464	37.884846
1596707640618	1596707640615	-10.857	-1.858	0.795	1.327	0.843	-1.213	127.738464	37.884846
1596707640638	1596707640634	-11.934	-1.391	0.879	1.401	0.728	-1.849	127.738464	37.884846
1596707640657	1596707640654	-12.679	-1.480	0.361	1.230	0.602	-2.490	127.738464	37.884846
1596707640677	1596707640674	-13.647	-1.645	-0.230	1.142	0.650	-3.099	127.738464	37.884846
1596707640701	1596707640696	-14.213	-1.791	-0.336	1.365	0.481	-3.413	127.738464	37.884846
1596707640719	1596707640715	-14.105	-2.177	-0.149	1.911	-0.120	-3.327	127.738464	37.884846
1596707640734	1596707640733	-13.211	-2.072	-0.043	2.534	-0.647	-3.325	127.738464	37.884846
1596707640757	1596707640753	-12.006	-1.504	0.289	2.795	-0.589	-3.411	127.738464	37.884846
1596707640774	1596707640772	-11.218	-1.221	0.486	3.170	-0.664	-3.236	127.738464	37.884846
1596707640797	1596707640792	-10.497	-0.982	0.249	3.470	-0.760	-3.053	127.738464	37.884846
1596707640813	1596707640811	-10.320	-0.733	0.158	3.450	-0.408	-3.033	127.738464	37.884846
1596707640833	1596707640831	-11.225	-0.670	0.515	3.376	-0.081	-3.042	127.738464	37.884846
1596707640853	1596707640851	-12.291	-0.572	0.287	3.321	-0.072	-2.877	127.738464	37.884846
1596707640872	1596707640870	-12.533	-0.354	0.122	3.276	-0.315	-2.723	127.738464	37.884846
1596707640897	1596707640892	-11.999	-0.002	-0.154	3.019	-0.749	-2.573	127.738464	37.884846
1596707640911	1596707640910	-11.348	0.072	-0.230	2.590	-0.945	-2.440	127.738464	37.884846
1596707640941	1596707640941	-11.242	-0.127	0.251	2.109	-0.930	-2.185	127.738464	37.884834
1596707640954	1596707640954	-11.405	-0.179	0.282	1.605	-1.059	-1.956	127.738464	37.884834
1596707640970	1596707640969	-10.713	0.329	-0.027	1.002	-1.339	-1.910	127.738464	37.884834
1596707640991	1596707640988	-9.592	0.458	-0.489	0.266	-1.651	-1.818	127.738464	37.884834
1596707641009	1596707641008	-8.770	0.527	-0.592	-0.482	-1.606	-1.792	127.738464	37.884834
1596707641029	1596707641028	-8.507	0.415	-0.456	-1.168	-1.356	-1.751	127.738464	37.884834
1596707641050	1596707641048	-8.327	0.405	-0.477	-1.662	-1.195	-1.646	127.738464	37.884834
1596707641069	1596707641067	-8.298	0.669	-1.059	-2.016	-1.031	-1.465	127.738464	37.884834
1596707641090	1596707641087	-9.450	0.580	-0.973	-2.289	-0.365	-1.149	127.738464	37.884834
1596707641108	1596707641106	-10.684	-0.112	-0.084	-2.390	0.129	-0.623	127.738464	37.884834
1596707641129	1596707641127	-10.926	-0.915	0.311	-2.287	-0.150	0.023	127.738464	37.884834
1596707641148	1596707641146	-10.406	-1.516	0.752	-1.922	-0.224	0.591	127.738464	37.884834
1596707641169	1596707641167	-9.429	-2.019	1.399	-1.487	-0.061	1.307	127.738464	37.884834
1596707641189	1596707641187	-8.684	-2.093	1.497	-1.061	0.089	1.959	127.738464	37.884834
1596707641209	1596707641209	-9.220	-1.755	1.612	-0.582	0.680	2.483	127.738464	37.884834
1596707641229	1596707641229	-11.446	-1.296	2.326	-0.088	1.406	2.949	127.738464	37.884834
1596707641248	1596707641248	-14.090	-0.996	2.560	0.217	1.731	3.327	127.738464	37.884834
1596707641268	1596707641268	-15.894	-0.289	2.105	0.205	1.713	3.542	127.738464	37.884834
1596707641288	1596707641288	-15.901	-0.306	2.124	0.172	1.361	3.811	127.738464	37.884834
1596707641309	1596707641309	-14.392	-0.977	2.254	-0.063	0.539	3.840	127.738464	37.884834
1596707641327	1596707641325	-12.255	-1.470	1.655	-0.523	-0.306	3.389	127.738464	37.884834
1596707641348	1596707641345	-10.107	-0.812	1.248	-1.238	-0.498	2.840	127.738464	37.884834
1596707641364	1596707641364	-8.895	-0.965	1.408	-1.817	-0.305	2.699	127.738464	37.884834
1596707641385	1596707641383	-8.899	-1.269	1.873	-2.093	-0.069	2.607	127.738464	37.884834
1596707641406	1596707641403	-9.503	-0.927	1.995	-2.303	0.163	2.338	127.738464	37.884834
1596707641424	1596707641424	-10.480	-1.315	1.962	-2.645	0.340	2.362	127.738464	37.884834
1596707641446	1596707641444	-11.242	-2.510	1.672	-2.905	0.246	2.304	127.738464	37.884834
1596707641464	1596707641465	-11.441	-2.541	1.226	-2.718	-0.019	2.046	127.738464	37.884834
1596707641484	1596707641484	-11.213	-1.820	0.821	-2.587	-0.195	1.950	127.738464	37.884834
1596707641508	1596707641508	-10.909	-1.861	0.404	-2.513	-0.339	1.880	127.738464	37.884834
1596707641529	1596707641522	-10.823	-2.340	0.268	-2.282	-0.319	1.924	127.738464	37.884834
1596707641545	1596707641542	-10.938	-2.596	0.194	-2.085	-0.217	1.992	127.738464	37.884834
1596707641562	1596707641561	-11.475	-2.759	0.026	-1.850	-0.110	1.972	127.738464	37.884834
1596707641583	1596707641581	-12.169	-2.786	-0.003	-1.650	0.021	1.902	127.738464	37.884834
1596707641604	1596707641601	-12.299	-2.776	0.071	-1.554	0.040	1.762	127.738464	37.884834
1596707641629	1596707641629	-11.978	-3.147	-0.281	-1.497	-0.056	1.549	127.738464	37.884834
1596707641649	1596707641649	-12.871	-3.485	-0.836	-1.278	0.162	1.211	127.738464	37.884834
1596707641666	1596707641666	-13.868	-3.217	0.064	-0.946	0.559	0.815	127.738464	37.884834
1596707641687	1596707641687	-12.358	-3.313	0.543	-0.419	0.024	0.394	127.738464	37.884834
1596707641706	1596707641706	-10.330	-3.437	-0.029	0.264	-0.355	-0.008	127.738464	37.884834
1596707641727	1596707641723	-10.169	-3.121	-0.151	1.022	0.013	-0.514	127.738464	37.884834
1596707641742	1596707641739	-11.384	-2.663	-0.403	1.532	0.250	-0.971	127.738464	37.884834
1596707641765	1596707641762	-12.373	-2.479	-0.628	1.970	0.198	-1.330	127.738464	37.884834
1596707641780	1596707641778	-12.996	-2.383	-0.753	2.421	0.152	-1.643	127.738464	37.884834
1596707641800	1596707641797	-13.578	-2.170	-0.410	2.874	0.120	-1.853	127.738464	37.884834
1596707641822	1596707641823	-13.499	-1.918	0.218	3.279	-0.216	-2.001	127.738464	37.884834
1596707641841	1596707641836	-12.203	-1.746	0.519	3.559	-0.678	-2.252	127.738464	37.884834
1596707641863	1596707641863	-10.773	-1.442	0.608	3.669	-0.847	-2.579	127.738464	37.884834
1596707641881	1596707641882	-9.908	-0.912	0.445	3.695	-0.874	-2.788	127.738464	37.884834
1596707641901	1596707641901	-9.755	-1.281	-0.307	3.788	-0.856	-2.920	127.738464	37.884834
1596707641922	1596707641921	-10.088	-1.216	-0.099	4.195	-0.768	-3.202	127.738464	37.884834
1596707641936	1596707641936	-10.912	-0.009	-0.410	3.925	-0.888	-3.329	127.738464	37.884834
1596707641969	1596707641969	-11.590	0.053	-0.384	3.482	-0.949	-3.273	127.738464	37.884834
1596707641982	1596707641982	-12.423	0.048	-0.353	3.021	-1.028	-3.192	127.738464	37.884823
1596707641994	1596707641992	-13.080	0.058	-0.345	2.728	-1.158	-3.100	127.738464	37.884823
1596707642015	1596707642014	-13.070	0.501	-0.067	2.152	-1.307	-2.976	127.738464	37.884823
1596707642036	1596707642035	-12.296	0.448	0.227	1.461	-1.523	-2.784	127.738464	37.884823
1596707642053	1596707642052	-11.424	0.070	0.131	0.764	-1.681	-2.620	127.738464	37.884823
1596707642074	1596707642072	-10.842	-0.127	-0.420	0.123	-1.683	-2.477	127.738464	37.884823
1596707642094	1596707642091	-10.878	0.084	-0.721	-0.409	-1.367	-2.417	127.738464	37.884823
1596707642113	1596707642111	-11.295	0.048	-0.640	-0.903	-1.113	-2.340	127.738464	37.884823
1596707642132	1596707642131	-10.845	0.056	-0.614	-1.267	-1.145	-2.298	127.738464	37.884823
1596707642155	1596707642151	-9.946	0.077	-0.992	-1.587	-1.163	-1.998	127.738464	37.884823
1596707642172	1596707642171	-10.052	-0.110	-1.040	-1.784	-0.702	-1.638	127.738464	37.884823
1596707642193	1596707642190	-10.495	-0.445	-0.082	-1.843	-0.186	-1.182	127.738464	37.884823
1596707642210	1596707642210	-9.846	-0.848	0.239	-1.797	-0.364	-0.696	127.738464	37.884823
1596707642231	1596707642229	-8.562	-0.970	0.615	-1.680	-0.370	-0.235	127.738464	37.884823
1596707642252	1596707642250	-7.462	-1.403	1.581	-1.474	-0.063	0.295	127.738464	37.884823
1596707642275	1596707642275	-7.031	-1.926	1.962	-1.129	0.234	0.833	127.738464	37.884823
1596707642295	1596707642295	-7.824	-2.029	2.014	-0.554	0.797	1.351	127.738464	37.884823
1596707642314	1596707642314	-10.037	-1.806	2.278	0.073	1.500	1.857	127.738464	37.884823
1596707642335	1596707642334	-12.608	-1.391	2.498	0.553	1.850	2.344	127.738464	37.884823
1596707642355	1596707642350	-14.632	-0.891	2.687	0.877	1.775	2.715	127.738464	37.884823
1596707642370	1596707642368	-15.176	-0.687	2.984	0.935	1.414	2.903	127.738464	37.884823
1596707642390	1596707642387	-13.458	-0.512	2.922	0.759	0.841	2.884	127.738464	37.884823
1596707642408	1596707642406	-11.233	0.197	2.754	0.398	0.245	2.709	127.738464	37.884823
1596707642429	1596707642426	-9.182	1.098	2.350	-0.275	-0.048	2.532	127.738464	37.884823
1596707642449	1596707642449	-7.639	0.971	2.077	-1.261	0.076	2.365	127.738464	37.884823
1596707642468	1596707642467	-7.266	0.305	1.770	-2.045	0.306	2.030	127.738464	37.884823
1596707642489	1596707642487	-8.221	-0.428	2.220	-2.374	0.638	2.210	127.738464	37.884823
1596707642509	1596707642509	-9.295	-0.809	2.251	-2.785	0.704	2.324	127.738464	37.884823
1596707642525	1596707642524	-10.399	-1.791	1.839	-2.830	0.686	2.432	127.738464	37.884823
1596707642546	1596707642543	-11.443	-1.564	1.377	-2.737	0.619	2.494	127.738464	37.884823
1596707642565	1596707642564	-12.164	-1.468	0.639	-2.818	0.341	2.618	127.738464	37.884823
1596707642585	1596707642582	-12.608	-1.933	0.095	-2.832	0.057	2.742	127.738464	37.884823
1596707642605	1596707642603	-13.068	-2.510	-0.072	-2.507	-0.115	2.830	127.738464	37.884823
1596707642625	1596707642622	-13.659	-2.774	0.069	-2.117	-0.176	2.878	127.738464	37.884823
1596707642644	1596707642642	-14.114	-2.987	0.179	-1.863	-0.197	2.902	127.738464	37.884823
1596707642664	1596707642663	-13.987	-3.296	0.273	-1.675	-0.198	2.929	127.738464	37.884823
1596707642683	1596707642683	-13.305	-3.396	0.098	-1.633	-0.178	2.793	127.738464	37.884823
1596707642704	1596707642704	-13.168	-3.828	-0.456	-1.527	-0.117	2.191	127.738464	37.884823
1596707642727	1596707642727	-13.676	-3.866	-0.396	-1.306	0.213	1.669	127.738464	37.884823
1596707642748	1596707642748	-13.005	-3.866	0.438	-0.662	0.191	1.189	127.738464	37.884823
1596707642772	1596707642772	-11.151	-3.327	0.258	0.032	-0.209	0.580	127.738464	37.884823
1596707642786	1596707642782	-10.459	-2.630	0.095	0.567	-0.123	-0.118	127.738464	37.884823
1596707642807	1596707642803	-10.351	-2.462	0.036	1.010	-0.070	-0.745	127.738464	37.884823
1596707642822	1596707642820	-10.605	-2.199	-0.518	1.248	-0.101	-1.267	127.738464	37.884823
1596707642844	1596707642841	-11.460	-2.117	-0.863	1.487	-0.028	-1.633	127.738464	37.884823
1596707642862	1596707642860	-12.018	-2.041	-1.177	1.830	-0.074	-1.807	127.738464	37.884823
1596707642883	1596707642884	-12.399	-2.007	-0.779	2.223	-0.197	-1.756	127.738464	37.884823
1596707642902	1596707642902	-12.514	-2.151	0.064	2.646	-0.510	-1.752	127.738464	37.884823
1596707642922	1596707642922	-11.534	-2.091	0.697	2.940	-0.896	-1.803	127.738464	37.884823
1596707642949	1596707642945	-10.308	-1.832	0.860	3.164	-1.086	-1.900	127.738464	37.884811
1596707642963	1596707642963	-9.747	-1.636	0.603	3.312	-0.906	-2.067	127.738464	37.884811
1596707642980	1596707642976	-9.582	-1.245	0.479	3.581	-0.721	-2.246	127.738464	37.884811
1596707643000	1596707642998	-9.733	-0.915	0.139	3.984	-0.742	-2.396	127.738464	37.884811
1596707643019	1596707643016	-10.313	-0.560	0.378	4.074	-0.833	-2.685	127.738464	37.884811
1596707643039	1596707643036	-10.837	0.642	0.028	3.305	-0.830	-2.896	127.738464	37.884811
1596707643058	1596707643055	-11.688	-0.141	-0.020	2.556	-0.637	-2.697	127.738464	37.884811
1596707643076	1596707643077	-12.679	-0.543	-0.226	2.048	-0.721	-2.754	127.738464	37.884811
1596707643096	1596707643096	-13.341	-0.079	-0.022	1.593	-0.907	-2.834	127.738464	37.884811
1596707643117	1596707643117	-12.737	0.403	0.366	1.085	-1.307	-2.800	127.738464	37.884811
1596707643137	1596707643137	-11.324	0.436	0.275	0.516	-1.677	-2.814	127.738464	37.884811
1596707643156	1596707643156	-10.308	0.118	-0.178	-0.001	-1.716	-2.812	127.738464	37.884811
1596707643182	1596707643181	-10.246	-0.251	-0.448	-0.391	-1.374	-2.733	127.738464	37.884811
1596707643196	1596707643194	-10.809	0.068	-0.630	-0.641	-1.017	-2.815	127.738464	37.884811
1596707643216	1596707643214	-11.168	1.031	-0.247	-0.929	-0.986	-2.679	127.738464	37.884811
1596707643233	1596707643232	-10.229	1.783	-0.111	-1.173	-1.254	-2.488	127.738464	37.884811
1596707643254	1596707643252	-8.904	2.113	-0.597	-1.332	-1.285	-2.097	127.738464	37.884811
1596707643272	1596707643272	-9.414	1.577	-1.205	-1.713	-0.670	-1.394	127.738464	37.884811
1596707643294	1596707643294	-10.773	0.348	-0.070	-2.107	0.168	-0.706	127.738464	37.884811
1596707643313	1596707643314	-10.157	-0.591	0.975	-2.172	-0.267	-0.034	127.738464	37.884811
1596707643334	1596707643334	-8.008	-1.207	1.367	-1.883	-0.755	0.534	127.738464	37.884811
1596707643353	1596707643353	-6.763	-1.367	1.518	-1.551	-0.312	1.122	127.738464	37.884811
1596707643372	1596707643372	-7.563	-1.348	1.217	-1.225	0.395	1.655	127.738464	37.884811
1596707643397	1596707643397	-9.951	-1.106	0.828	-0.837	1.171	2.060	127.738464	37.884811
1596707643411	1596707643411	-13.032	-0.596	0.876	-0.368	1.719	2.434	127.738464	37.884811
1596707643435	1596707643435	-16.201	-0.522	1.578	0.078	1.846	2.838	127.738464	37.884811
1596707643451	1596707643449	-17.698	-1.233	1.768	0.408	1.504	3.191	127.738464	37.884811
1596707643470	1596707643468	-16.263	-1.897	1.667	0.746	0.807	3.275	127.738464	37.884811
1596707643490	1596707643488	-13.446	-0.713	1.320	0.942	0.205	3.258	127.738464	37.884811
1596707643509	1596707643509	-11.247	-1.176	1.219	0.731	-0.010	3.108	127.738464	37.884811
1596707643529	1596707643529	-9.395	-0.297	0.347	0.151	-0.021	2.671	127.738464	37.884811
1596707643550	1596707643550	-8.449	0.453	0.733	-0.509	0.441	2.795	127.738464	37.884811
1596707643584	1596707643584	-8.533	0.180	1.351	-1.594	0.767	2.702	127.738464	37.884811
1596707643592	1596707643586	-9.069	-1.166	1.588	-2.064	0.771	2.494	127.738464	37.884811
1596707643611	1596707643611	-9.654	-1.207	1.195	-2.302	0.808	2.347	127.738464	37.884811
1596707643627	1596707643627	-10.279	-1.327	0.620	-2.408	0.712	2.276	127.738464	37.884811
1596707643646	1596707643646	-10.564	-1.329	-0.096	-2.527	0.423	2.433	127.738464	37.884811
1596707643666	1596707643665	-10.413	-1.854	-0.302	-2.735	0.222	2.453	127.738464	37.884811
1596707643686	1596707643684	-10.421	-1.770	-0.348	-2.798	0.228	2.324	127.738464	37.884811
1596707643706	1596707643705	-11.513	-2.299	-0.168	-2.577	0.426	2.565	127.738464	37.884811
1596707643740	1596707643740	-12.857	-2.692	0.287	-2.300	0.652	2.638	127.738464	37.884811
1596707643746	1596707643746	-13.714	-2.893	0.747	-2.049	0.605	2.691	127.738464	37.884811
1596707643773	1596707643773	-13.377	-3.037	0.824	-1.878	0.348	2.631	127.738464	37.884811
1596707643789	1596707643789	-12.497	-3.241	0.165	-1.797	0.162	2.324	127.738464	37.884811
1596707643815	1596707643809	-13.513	-4.031	-0.719	-1.629	0.458	1.956	127.738464	37.884811
1596707643825	1596707643822	-15.444	-4.170	-0.324	-1.011	0.813	1.572	127.738464	37.884811
1596707643844	1596707643843	-15.566	-3.895	-0.125	-0.066	0.319	1.025	127.738464	37.884811
1596707643864	1596707643862	-13.829	-3.087	-0.285	0.810	-0.146	0.347	127.738464	37.884811
1596707643886	1596707643883	-12.172	-2.323	0.100	1.547	-0.260	-0.236	127.738464	37.884811
1596707643905	1596707643902	-11.285	-1.614	0.040	1.909	-0.407	-0.917	127.738464	37.884811
1596707643924	1596707643924	-11.585	-1.583	-0.029	2.019	-0.442	-1.541	127.738464	37.884811
1596707643944	1596707643944	-11.522	-1.691	-0.101	2.100	-0.615	-1.989	127.738464	37.884811
1596707643966	1596707643966	-10.512	-1.842	-0.369	2.331	-0.954	-2.249	127.738464	37.884800
1596707643983	1596707643983	-10.195	-2.163	-0.417	2.789	-1.153	-2.299	127.738464	37.884800
1596707644003	1596707644001	-10.289	-2.409	-0.015	3.442	-1.194	-2.209	127.738464	37.884800
1596707644026	1596707644021	-10.595	-2.069	0.285	4.053	-1.060	-2.154	127.738464	37.884800
1596707644043	1596707644041	-11.348	-1.010	0.460	4.345	-0.985	-2.211	127.738464	37.884800
1596707644061	1596707644060	-11.230	0.980	0.014	4.493	-1.031	-2.159	127.738464	37.884800
1596707644081	1596707644079	-11.683	-0.481	-0.010	4.416	-0.925	-2.144	127.738464	37.884800
1596707644102	1596707644099	-13.218	-3.104	-2.453	4.675	-0.979	-2.464	127.738464	37.884800
1596707644120	1596707644120	-12.950	-0.150	-3.368	6.155	-1.474	-2.653	127.738464	37.884800
1596707644145	1596707644145	-13.321	1.284	-4.214	8.060	-1.739	-1.687	127.738464	37.884800
1596707644165	1596707644165	-13.290	-1.902	-3.378	10.244	-2.467	-1.075	127.738464	37.884800
1596707644184	1596707644184	-13.324	2.753	-0.350	8.866	-3.087	-0.943	127.738464	37.884800
1596707644203	1596707644203	-12.136	5.627	-0.769	4.175	-3.600	-0.755	127.738464	37.884800
1596707644231	1596707644220	-9.913	2.703	-0.108	0.863	-3.261	-0.926	127.738464	37.884800
1596707644241	1596707644239	-10.332	2.197	-0.614	-2.101	-3.002	-1.444	127.738464	37.884800
1596707644259	1596707644256	-10.780	1.970	-1.869	-4.002	-2.999	-2.047	127.738464	37.884800
1596707644278	1596707644275	-10.895	1.783	-1.589	-5.245	-2.609	-2.255	127.738464	37.884800
1596707644297	1596707644295	-10.871	1.234	-1.541	-6.536	-2.253	-2.603	127.738464	37.884800
1596707644319	1596707644316	-10.571	-0.153	-1.452	-7.336	-2.002	-3.138	127.738464	37.884800
1596707644341	1596707644342	-9.810	-0.745	-1.203	-7.374	-1.755	-3.205	127.738464	37.884800
1596707644365	1596707644365	-8.863	-0.895	-0.971	-6.579	-1.465	-2.951	127.738464	37.884800
1596707644380	1596707644380	-9.026	-0.215	-1.337	-5.412	-0.940	-2.558	127.738464	37.884800
1596707644401	1596707644401	-9.721	-0.100	-0.633	-4.054	-0.296	-1.776	127.738464	37.884800
1596707644427	1596707644427	-9.934	-0.244	-0.848	-2.938	-0.501	-0.930	127.738464	37.884800
1596707644435	1596707644435	-9.477	-0.833	-0.808	-1.889	-0.684	0.043	127.738464	37.884800
1596707644456	1596707644453	-8.746	-1.731	-0.295	-1.003	-0.597	1.123	127.738464	37.884800
1596707644474	1596707644471	-8.456	-1.945	0.079	-0.367	-0.411	2.002	127.738464	37.884800
1596707644493	1596707644491	-9.259	-2.259	1.032	0.262	0.246	2.808	127.738464	37.884800
1596707644512	1596707644511	-11.029	-2.110	2.184	0.958	0.947	3.352	127.738464	37.884800
1596707644533	1596707644533	-12.993	-1.636	3.308	1.808	1.397	3.758	127.738464	37.884800
1596707644552	1596707644550	-14.776	-1.755	3.487	2.672	1.637	4.061	127.738464	37.884800
1596707644573	1596707644572	-14.840	-1.494	2.354	3.366	1.464	3.951	127.738464	37.884800
1596707644592	1596707644592	-12.598	-0.651	1.243	3.644	1.020	3.486	127.738464	37.884800
1596707644611	1596707644611	-10.526	0.324	0.740	3.185	0.755	3.079	127.738464	37.884800
1596707644636	1596707644633	-8.957	1.229	0.067	1.926	0.758	2.902	127.738464	37.884800
1596707644661	1596707644654	-8.689	1.725	-0.369	0.392	1.121	2.712	127.738464	37.884800
1596707644670	1596707644668	-9.858	2.135	-0.113	-0.930	1.535	2.736	127.738464	37.884800
1596707644691	1596707644688	-11.355	1.661	0.230	-2.390	1.741	2.778	127.738464	37.884800
1596707644709	1596707644707	-12.634	0.575	0.987	-3.601	1.730	2.698	127.738464	37.884800
1596707644730	1596707644727	-13.611	-0.665	1.135	-4.310	1.479	2.713	127.738464	37.884800
1596707644750	1596707644747	-14.299	-2.057	1.351	-4.900	1.303	2.923	127.738464	37.884800
1596707644769	1596707644769	-14.730	-3.662	1.823	-5.034	0.945	3.163	127.738464	37.884800
1596707644789	1596707644788	-14.558	-4.697	1.516	-4.561	0.386	3.552	127.738464	37.884800
1596707644809	1596707644809	-14.081	-5.282	1.420	-3.757	0.010	3.750	127.738464	37.884800
1596707644829	1596707644828	-14.373	-5.813	1.518	-3.007	-0.099	3.769	127.738464	37.884800
1596707644853	1596707644846	-14.740	-6.669	1.463	-2.361	0.061	3.458	127.738464	37.884800
1596707644866	1596707644865	-13.271	-6.896	0.800	-2.135	-0.276	2.682	127.738464	37.884800
1596707644890	1596707644890	-11.084	-8.039	-0.915	-1.333	-0.773	2.246	127.738464	37.884800
1596707644909	1596707644907	-11.525	-7.239	-1.296	-0.262	-0.378	1.269	127.738464	37.884800
1596707644926	1596707644923	-12.354	-5.179	0.036	0.307	0.105	-0.035	127.738464	37.884800
1596707644950	1596707644950	-12.462	-3.562	0.634	0.845	0.042	-0.942	127.738464	37.884789
1596707644977	1596707644973	-12.531	-2.347	0.737	1.237	-0.075	-1.986	127.738464	37.884789
1596707644987	1596707644987	-13.159	-1.993	0.007	1.309	-0.288	-2.864	127.738464	37.884789
1596707645004	1596707645001	-14.519	-2.393	-0.911	1.487	-0.285	-3.499	127.738464	37.884789
1596707645023	1596707645021	-15.410	-2.790	-1.030	1.735	-0.164	-3.980	127.738464	37.884789
1596707645043	1596707645043	-15.822	-2.939	-1.054	1.918	-0.267	-4.012	127.738464	37.884789
1596707645061	1596707645060	-15.324	-2.721	-0.697	2.241	-0.548	-3.776	127.738464	37.884789
1596707645081	1596707645080	-13.762	-2.750	-0.149	2.718	-1.047	-3.539	127.738464	37.884789
1596707645102	1596707645100	-12.255	-2.491	-0.187	3.077	-1.411	-3.395	127.738464	37.884789
1596707645122	1596707645120	-11.661	-1.456	-0.415	3.167	-0.977	-3.248	127.738464	37.884789
1596707645142	1596707645139	-12.040	-0.574	0.146	3.802	-0.503	-3.002	127.738464	37.884789
1596707645161	1596707645160	-12.914	-0.761	-0.192	4.009	-0.682	-2.668	127.738464	37.884789
1596707645181	1596707645179	-12.957	-0.989	-0.568	3.796	-0.808	-2.885	127.738464	37.884789
1596707645202	1596707645202	-13.044	-0.984	-0.875	3.872	-0.732	-2.778	127.738464	37.884789
1596707645227	1596707645224	-13.820	-0.668	-1.246	3.824	-0.891	-2.759	127.738464	37.884789
1596707645242	1596707645242	-14.407	-0.035	-1.584	3.136	-1.254	-2.795	127.738464	37.884789
1596707645266	1596707645262	-13.848	0.147	-1.339	2.739	-1.580	-2.904	127.738464	37.884789
1596707645281	1596707645281	-12.766	0.250	-1.337	2.367	-2.003	-2.926	127.738464	37.884789
1596707645306	1596707645302	-11.740	1.395	-0.793	1.639	-2.031	-3.103	127.738464	37.884789
1596707645321	1596707645318	-11.264	0.997	-0.228	0.506	-1.975	-2.919	127.738464	37.884789
1596707645341	1596707645339	-10.931	0.741	-0.554	-0.499	-2.119	-3.209	127.738464	37.884789
1596707645360	1596707645360	-10.686	1.455	-0.877	-1.318	-1.732	-3.249	127.738464	37.884789
1596707645379	1596707645379	-10.461	1.991	-0.709	-1.856	-1.360	-3.413	127.738464	37.884789
1596707645400	1596707645400	-9.213	3.690	-0.307	-2.400	-1.375	-3.659	127.738464	37.884789
1596707645419	1596707645419	-7.294	3.706	-0.487	-2.762	-1.388	-3.033	127.738464	37.884789
1596707645439	1596707645437	-6.585	1.737	-0.566	-2.769	-0.720	-2.155	127.738464	37.884789
1596707645458	1596707645457	-7.201	1.153	0.407	-2.361	0.286	-1.477	127.738464	37.884789
1596707645479	1596707645479	-7.869	0.755	0.711	-1.713	0.401	-0.530	127.738464	37.884789
1596707645496	1596707645493	-7.884	0.084	0.975	-0.994	0.288	0.701	127.738464	37.884789
1596707645515	1596707645513	-7.702	-0.246	1.595	-0.319	0.587	1.950	127.738464	37.884789
1596707645534	1596707645532	-8.188	-0.809	2.268	0.251	0.948	2.956	127.738464	37.884789
1596707645555	1596707645552	-9.640	-1.061	1.928	0.616	1.355	3.596	127.738464	37.884789
1596707645574	1596707645574	-11.410	-0.323	1.245	0.869	1.919	4.128	127.738464	37.884789
1596707645595	1596707645595	-13.942	0.779	1.049	0.962	2.479	4.595	127.738464	37.884789
1596707645615	1596707645615	-17.250	1.421	1.178	0.897	2.834	5.062	127.738464	37.884789
1596707645634	1596707645635	-20.508	-0.261	1.449	1.080	3.153	5.779	127.738464	37.884789
1596707645653	1596707645653	-19.914	0.175	1.669	0.978	2.572	5.610	127.738464	37.884789
1596707645678	1596707645676	-16.826	-0.598	0.924	0.357	1.678	5.202	127.738464	37.884789
1596707645693	1596707645692	-14.536	-1.099	0.227	-0.009	1.255	4.765	127.738464	37.884789
1596707645712	1596707645710	-12.624	0.168	-0.384	-0.341	1.113	4.437	127.738464	37.884789
1596707645732	1596707645730	-11.681	0.391	-0.506	-1.207	1.320	4.074	127.738464	37.884789
1596707645751	1596707645751	-12.497	-0.289	-0.185	-2.212	1.755	3.597	127.738464	37.884789
1596707645772	1596707645770	-14.167	-0.491	0.261	-2.594	1.830	2.875	127.738464	37.884789
1596707645792	1596707645792	-14.761	-0.927	-0.017	-2.925	1.304	2.464	127.738464	37.884789
1596707645817	1596707645817	-14.239	-0.924	-0.384	-3.222	0.961	2.251	127.738464	37.884789
1596707645835	1596707645835	-13.848	-1.475	-0.501	-3.527	0.909	2.234	127.738464	37.884789
1596707645855	1596707645855	-12.924	-2.239	-0.214	-3.706	0.787	2.289	127.738464	37.884789
1596707645870	1596707645870	-11.851	-2.958	0.270	-3.551	0.670	2.459	127.738464	37.884789
1596707645890	1596707645889	-11.355	-3.605	0.503	-3.231	0.731	2.395	127.738464	37.884789
1596707645909	1596707645909	-11.597	-4.086	1.205	-2.973	0.925	2.231	127.738464	37.884789
1596707645928	1596707645927	-11.899	-4.429	1.859	-2.905	1.006	2.104	127.738464	37.884789
1596707645949	1596707645946	-11.247	-4.728	1.217	-2.762	0.627	1.916	127.738464	37.884789
1596707645973	1596707645971	-10.864	-5.265	-0.496	-2.398	0.238	1.583	127.738464	37.884781
1596707645991	1596707645987	-12.205	-6.482	-0.880	-1.590	0.634	1.006	127.738464	37.884781
1596707646009	1596707646006	-13.118	-6.499	0.014	-0.294	0.924	0.476	127.738464	37.884781
1596707646026	1596707646025	-11.992	-4.702	0.821	0.794	0.484	-0.227	127.738464	37.884781
1596707646047	1596707646045	-11.570	-2.661	1.085	1.172	0.313	-1.165	127.738464	37.884781
1596707646070	1596707646064	-12.500	-1.763	0.886	1.119	0.311	-2.055	127.738464	37.884781
1596707646092	1596707646092	-13.750	-2.052	0.325	1.035	0.269	-2.820	127.738464	37.884781
1596707646106	1596707646105	-14.778	-2.366	-0.173	1.335	0.285	-3.511	127.738464	37.884781
1596707646127	1596707646124	-15.602	-2.354	-0.355	2.166	-0.118	-3.806	127.738464	37.884781
1596707646144	1596707646143	-15.461	-2.414	-0.405	3.141	-0.791	-3.776	127.738464	37.884781
1596707646164	1596707646163	-15.188	-2.115	-0.479	3.728	-1.138	-3.886	127.738464	37.884781
1596707646185	1596707646182	-15.233	-1.116	-0.060	3.839	-1.022	-4.012	127.738464	37.884781
1596707646209	1596707646209	-15.231	-1.003	-0.029	4.224	-1.219	-3.844	127.738464	37.884781
1596707646227	1596707646227	-14.747	-0.503	-0.089	4.772	-1.740	-3.648	127.738464	37.884781
1596707646249	1596707646249	-14.222	0.719	-0.348	4.523	-1.853	-3.323	127.738464	37.884781
1596707646268	1596707646268	-13.853	0.405	-0.288	3.895	-1.669	-3.160	127.738464	37.884781
1596707646288	1596707646288	-14.246	-0.234	-0.726	3.011	-1.492	-3.117	127.738464	37.884781
1596707646312	1596707646303	-14.627	-1.054	-1.275	2.737	-1.568	-3.079	127.738464	37.884781
1596707646324	1596707646321	-14.543	-0.404	-1.555	2.506	-1.769	-3.109	127.738464	37.884781
1596707646345	1596707646342	-13.619	0.786	-1.289	1.880	-1.948	-3.180	127.738464	37.884781
1596707646361	1596707646361	-12.972	0.286	-1.193	1.085	-2.007	-3.021	127.738464	37.884781
1596707646385	1596707646383	-12.835	-0.201	-1.306	0.513	-1.985	-2.935	127.738464	37.884781
1596707646409	1596707646409	-12.730	0.144	-1.371	0.141	-2.004	-2.996	127.738464	37.884781
1596707646422	1596707646421	-12.581	0.194	-1.241	-0.230	-1.954	-2.936	127.738464	37.884781
1596707646442	1596707646442	-12.164	-0.019	-1.050	-0.465	-1.971	-3.058	127.738464	37.884781
1596707646462	1596707646462	-11.755	0.202	-0.844	-0.749	-1.846	-3.224	127.738464	37.884781
1596707646485	1596707646484	-10.948	0.995	-0.700	-1.186	-1.913	-3.297	127.738464	37.884781
1596707646506	1596707646501	-9.081	2.350	-0.772	-1.619	-2.101	-3.171	127.738464	37.884781
1596707646520	1596707646518	-6.346	3.845	-0.908	-1.865	-2.097	-2.750	127.738464	37.884781
1596707646539	1596707646537	-3.924	3.369	-0.063	-1.785	-1.656	-2.147	127.738464	37.884781
1596707646558	1596707646555	-3.265	1.718	1.013	-1.596	-0.657	-1.524	127.738464	37.884781
1596707646578	1596707646575	-5.251	0.676	0.254	-1.232	0.291	-0.682	127.738464	37.884781
1596707646598	1596707646597	-7.958	-0.275	0.742	-0.688	1.100	0.306	127.738464	37.884781
1596707646618	1596707646617	-8.983	-0.718	1.296	-0.321	1.087	1.204	127.738464	37.884781
1596707646638	1596707646635	-8.873	-0.941	1.602	0.212	0.859	2.202	127.738464	37.884781
1596707646657	1596707646657	-9.695	-1.377	1.921	0.911	1.234	3.352	127.738464	37.884781
1596707646677	1596707646677	-11.281	-0.991	1.607	1.428	1.809	4.027	127.738464	37.884781
1596707646699	1596707646699	-13.171	0.355	1.193	1.512	2.411	4.434	127.738464	37.884781
1596707646718	1596707646715	-15.485	1.177	0.934	1.384	2.781	4.830	127.738464	37.884781
1596707646734	1596707646733	-17.236	1.522	0.788	0.953	2.890	5.017	127.738464	37.884781
1596707646756	1596707646753	-17.341	0.590	0.486	0.416	2.750	5.278	127.738464	37.884781
1596707646774	1596707646772	-16.345	-0.227	-0.032	0.101	2.378	5.252	127.738464	37.884781
1596707646795	1596707646793	-15.537	0.745	-0.834	-0.408	2.251	4.738	127.738464	37.884781
1596707646814	1596707646814	-16.048	0.748	-1.114	-1.334	2.557	4.577	127.738464	37.884781
1596707646834	1596707646834	-16.527	1.272	-1.222	-2.390	2.560	4.235	127.738464	37.884781
1596707646856	1596707646855	-16.496	0.889	-1.375	-3.832	2.463	4.217	127.738464	37.884781
1596707646873	1596707646873	-16.802	-0.632	-1.021	-5.019	2.466	3.956	127.738464	37.884781
1596707646898	1596707646896	-17.118	-1.111	-0.954	-5.654	1.934	3.471	127.738464	37.884781
1596707646913	1596707646913	-16.627	-2.443	-1.124	-5.427	1.307	3.408	127.738464	37.884781
1596707646933	1596707646933	-15.782	-1.897	-1.646	-5.157	0.799	3.533	127.738464	37.884781
1596707646968	1596707646968	-15.540	-2.369	-1.881	-4.816	0.770	3.405	127.738464	37.884773
1596707646973	1596707646972	-15.451	-2.939	-1.718	-4.305	0.624	3.219	127.738464	37.884773
1596707646992	1596707646989	-15.106	-3.145	-1.591	-3.369	0.296	3.262	127.738464	37.884773
1596707647012	1596707647009	-14.768	-3.698	-1.191	-2.412	0.224	3.375	127.738464	37.884773
1596707647030	1596707647029	-14.859	-4.359	-0.566	-1.446	0.273	3.099	127.738464	37.884773
1596707647050	1596707647047	-14.076	-4.379	0.460	-0.726	0.236	2.751	127.738464	37.884773
1596707647069	1596707647068	-12.833	-4.692	0.450	-0.303	-0.010	2.539	127.738464	37.884773
1596707647091	1596707647091	-12.550	-5.773	0.342	0.209	0.176	2.005	127.738464	37.884773
1596707647109	1596707647109	-11.652	-6.096	0.934	0.705	0.123	1.290	127.738464	37.884773
1596707647134	1596707647127	-9.010	-5.576	1.391	1.124	-0.344	0.508	127.738464	37.884773
1596707647154	1596707647147	-7.062	-4.093	1.267	1.540	-0.547	-0.393	127.738464	37.884773
1596707647168	1596707647166	-7.766	-2.206	0.874	1.910	-0.253	-1.358	127.738464	37.884773
1596707647188	1596707647185	-10.011	-1.811	0.884	2.113	0.064	-2.176	127.738464	37.884773
1596707647205	1596707647205	-12.057	-2.067	0.572	2.234	-0.075	-2.908	127.738464	37.884773
1596707647227	1596707647226	-14.169	-1.935	0.222	2.542	-0.362	-3.571	127.738464	37.884773
1596707647247	1596707647247	-15.834	-1.370	0.182	2.984	-0.937	-4.029	127.738464	37.884773
1596707647268	1596707647268	-16.361	-0.754	-0.173	3.362	-1.818	-4.216	127.738464	37.884773
1596707647287	1596707647287	-16.404	0.242	-0.932	3.419	-2.583	-4.543	127.738464	37.884773
1596707647310	1596707647310	-16.024	1.294	-1.076	3.195	-2.802	-4.978	127.738464	37.884773
1596707647324	1596707647324	-15.477	1.543	-0.333	3.224	-2.951	-4.975	127.738464	37.884773
1596707647347	1596707647343	-15.827	2.509	0.201	2.549	-2.900	-5.008	127.738464	37.884773
1596707647365	1596707647362	-15.906	2.530	1.090	1.565	-2.199	-5.152	127.738464	37.884773
1596707647384	1596707647382	-15.882	1.320	1.269	0.743	-2.003	-5.008	127.738464	37.884773
1596707647405	1596707647402	-14.744	0.089	0.079	0.174	-2.383	-4.579	127.738464	37.884773
1596707647424	1596707647424	-13.355	0.036	-0.930	-0.323	-2.034	-4.279	127.738464	37.884773
1596707647443	1596707647441	-12.519	0.872	-1.347	-1.022	-1.480	-4.107	127.738464	37.884773
1596707647463	1596707647460	-11.791	3.481	-1.974	-1.675	-1.388	-3.724	127.738464	37.884773
1596707647482	1596707647482	-10.409	4.118	-1.656	-1.934	-1.351	-3.117	127.738464	37.884773
1596707647504	1596707647501	-9.450	1.943	-1.744	-2.088	-1.395	-2.334	127.738464	37.884773
1596707647528	1596707647525	-9.537	-0.356	-2.259	-2.136	-1.116	-1.588	127.738464	37.884773
1596707647549	1596707647541	-10.444	-1.741	-2.226	-2.041	-0.710	-1.127	127.738464	37.884773
1596707647562	1596707647561	-11.086	-1.674	-2.125	-1.746	-0.645	-1.070	127.738464	37.884773
1596707647582	1596707647581	-11.312	0.099	-2.664	-1.407	-0.780	-0.982	127.738464	37.884773
1596707647602	1596707647600	-11.175	1.241	-2.104	-0.846	-0.585	-0.870	127.738464	37.884773
1596707647622	1596707647622	-10.095	1.684	-0.844	-0.410	-0.536	-0.851	127.738464	37.884773
1596707647642	1596707647642	-9.903	1.941	0.263	0.032	-0.096	-0.652	127.738464	37.884773
1596707647661	1596707647661	-10.131	1.428	2.000	0.546	0.745	-0.354	127.738464	37.884773
1596707647680	1596707647679	-9.493	0.836	2.268	1.000	0.615	-0.120	127.738464	37.884773
1596707647701	1596707647700	-8.715	0.592	1.933	1.672	0.624	0.290	127.738464	37.884773
1596707647724	1596707647720	-9.101	-0.009	2.409	2.425	1.352	1.066	127.738464	37.884773
1596707647740	1596707647737	-10.967	-0.282	2.148	2.770	2.055	1.815	127.738464	37.884773
1596707647761	1596707647760	-12.878	0.120	2.139	2.925	2.422	2.427	127.738464	37.884773
1596707647779	1596707647778	-13.777	1.232	2.295	2.608	2.327	2.968	127.738464	37.884773
1596707647799	1596707647796	-13.813	1.871	2.515	1.874	2.129	3.358	127.738464	37.884773
1596707647819	1596707647816	-13.341	2.178	2.318	0.804	2.131	3.603	127.738464	37.884773
1596707647838	1596707647836	-12.914	1.900	1.921	-0.274	2.015	3.853	127.738464	37.884773
1596707647857	1596707647857	-12.375	1.637	1.626	-1.282	1.794	3.844	127.738464	37.884773
1596707647876	1596707647876	-12.011	1.102	1.358	-1.869	1.595	3.780	127.738464	37.884773
1596707647896	1596707647896	-12.361	1.153	1.097	-2.254	1.599	3.837	127.738464	37.884773
1596707647916	1596707647916	-13.662	0.333	1.662	-2.855	1.818	3.810	127.738464	37.884773
1596707647936	1596707647936	-15.013	-0.479	1.650	-3.786	1.808	3.622	127.738464	37.884773
1596707647976	1596707647963	-15.547	-2.316	1.353	-3.855	1.239	3.542	127.738464	37.884773
1596707647984	1596707647984	-14.558	-1.997	0.637	-3.373	0.281	3.640	127.738457	37.884762
1596707647993	1596707647992	-13.494	-1.743	0.242	-3.342	0.144	3.781	127.738457	37.884762
1596707648014	1596707648013	-13.743	-2.786	0.572	-3.536	0.419	3.991	127.738457	37.884762
1596707648036	1596707648034	-14.627	-3.593	0.709	-3.421	0.415	3.801	127.738457	37.884762
1596707648053	1596707648051	-14.804	-4.304	0.649	-2.838	0.161	3.420	127.738457	37.884762
1596707648073	1596707648070	-13.985	-4.484	0.740	-2.161	-0.075	2.877	127.738457	37.884762
1596707648093	1596707648092	-12.562	-5.021	0.373	-1.467	-0.431	2.435	127.738457	37.884762
1596707648113	1596707648110	-11.647	-5.900	-0.254	-0.568	-0.407	1.842	127.738457	37.884762
1596707648135	1596707648134	-11.484	-5.528	0.254	0.501	-0.073	1.061	127.738457	37.884762
1596707648154	1596707648154	-10.720	-3.830	0.340	1.470	-0.213	0.383	127.738457	37.884762
1596707648177	1596707648170	-11.017	-2.438	-0.123	2.114	-0.175	-0.254	127.738457	37.884762
1596707648190	1596707648189	-11.661	-1.775	0.301	2.190	-0.127	-0.972	127.738457	37.884762
1596707648210	1596707648208	-11.314	-1.583	0.186	1.889	-0.494	-1.643	127.738457	37.884762
1596707648231	1596707648228	-11.590	-1.573	-0.156	1.690	-0.725	-2.276	127.738457	37.884762
1596707648250	1596707648249	-12.553	-1.343	-0.209	1.628	-0.836	-2.747	127.738457	37.884762
1596707648270	1596707648270	-13.365	-1.176	-0.307	1.577	-1.016	-3.148	127.738457	37.884762
1596707648289	1596707648289	-13.928	-0.998	-0.537	1.473	-1.146	-3.511	127.738457	37.884762
1596707648309	1596707648309	-14.584	-0.951	-0.458	1.519	-1.139	-3.740	127.738457	37.884762
1596707648329	1596707648329	-14.570	-0.165	-0.341	1.870	-1.174	-3.855	127.738457	37.884762
1596707648351	1596707648351	-14.615	-0.603	-0.135	2.342	-1.211	-3.945	127.738457	37.884762
1596707648368	1596707648368	-14.270	-1.025	-0.290	2.580	-1.696	-4.249	127.738457	37.884762
1596707648388	1596707648386	-13.087	1.651	-0.261	2.627	-1.598	-4.369	127.738457	37.884762
1596707648406	1596707648406	-12.986	0.568	0.287	2.449	-1.364	-4.076	127.738457	37.884762
1596707648427	1596707648425	-13.403	0.274	-0.345	1.632	-1.125	-4.235	127.738457	37.884762
1596707648446	1596707648446	-13.015	-0.019	-0.424	1.474	-0.839	-4.259	127.738457	37.884762
1596707648466	1596707648466	-12.751	-0.402	-0.669	1.732	-1.217	-3.919	127.738457	37.884762
1596707648486	1596707648486	-12.081	0.180	-0.726	1.727	-1.202	-3.607	127.738457	37.884762
1596707648506	1596707648506	-11.599	0.494	-0.396	1.427	-0.954	-3.306	127.738457	37.884762
1596707648525	1596707648525	-11.410	0.032	-0.218	1.092	-1.044	-2.888	127.738457	37.884762
1596707648546	1596707648546	-10.792	-0.170	-0.125	0.737	-1.185	-2.603	127.738457	37.884762
1596707648578	1596707648566	-9.985	0.154	-0.238	0.466	-1.341	-2.391	127.738457	37.884762
1596707648585	1596707648582	-9.623	0.599	-0.398	0.209	-1.296	-2.128	127.738457	37.884762
1596707648603	1596707648603	-9.870	0.925	-0.353	-0.007	-1.065	-1.875	127.738457	37.884762
1596707648622	1596707648620	-9.649	1.548	-0.187	-0.311	-1.051	-1.596	127.738457	37.884762
1596707648642	1596707648640	-8.174	1.977	-0.058	-0.671	-1.383	-1.367	127.738457	37.884762
1596707648662	1596707648660	-6.456	1.960	-0.216	-1.057	-1.523	-1.040	127.738457	37.884762
1596707648681	1596707648679	-6.250	1.249	-0.024	-1.416	-0.856	-0.553	127.738457	37.884762
1596707648703	1596707648701	-7.805	0.822	-0.043	-1.714	-0.034	-0.016	127.738457	37.884762
1596707648726	1596707648724	-10.571	0.607	-0.563	-1.917	0.567	0.635	127.738457	37.884762
1596707648742	1596707648739	-12.476	0.206	0.512	-2.091	0.887	1.378	127.738457	37.884762
1596707648768	1596707648763	-12.078	-0.404	0.443	-2.202	0.109	2.017	127.738457	37.884762
1596707648780	1596707648779	-10.646	-1.099	-0.163	-2.128	-0.219	2.688	127.738457	37.884762
1596707648804	1596707648801	-10.957	-1.272	0.100	-2.006	0.523	3.410	127.738457	37.884762
1596707648819	1596707648818	-13.393	-1.214	0.685	-1.794	1.376	4.016	127.738457	37.884762
1596707648845	1596707648841	-15.990	-0.907	1.238	-1.554	1.662	4.431	127.738457	37.884762
1596707648861	1596707648858	-17.425	-1.185	1.169	-1.252	1.496	4.758	127.738457	37.884762
1596707648879	1596707648878	-17.159	-1.727	0.919	-0.916	1.311	4.935	127.738457	37.884762
1596707648898	1596707648896	-15.667	-1.933	0.896	-0.477	0.998	4.973	127.738457	37.884762
1596707648917	1596707648914	-13.817	-2.383	0.946	-0.034	0.732	4.607	127.738457	37.884762
1596707648939	1596707648935	-12.095	-1.561	0.352	0.294	0.416	4.305	127.738457	37.884750
1596707648957	1596707648954	-10.756	0.000	-0.448	0.088	0.620	4.058	127.738457	37.884750
1596707648977	1596707648973	-11.319	0.618	-0.511	-0.668	1.403	3.649	127.738457	37.884750
1596707648997	1596707648993	-13.214	-0.321	0.002	-1.399	1.641	3.303	127.738457	37.884750
1596707649015	1596707649013	-13.916	-0.824	0.414	-1.801	1.215	3.177	127.738457	37.884750
1596707649036	1596707649034	-13.321	-1.504	0.632	-2.050	0.770	2.931	127.738457	37.884750
1596707649055	1596707649053	-12.749	-1.319	0.383	-2.392	0.538	2.558	127.738457	37.884750
1596707649075	1596707649073	-12.485	-1.902	0.378	-2.684	0.608	2.506	127.738457	37.884750
1596707649096	1596707649093	-12.073	-2.388	0.222	-2.768	0.532	2.563	127.738457	37.884750
1596707649113	1596707649112	-11.891	-3.073	0.433	-2.537	0.444	2.606	127.738457	37.884750
1596707649133	1596707649131	-12.210	-3.818	0.572	-2.039	0.368	2.569	127.738457	37.884750
1596707649154	1596707649151	-12.703	-4.132	0.948	-1.413	0.497	2.415	127.738457	37.884750
1596707649172	1596707649170	-13.027	-4.402	1.202	-0.834	0.388	2.157	127.738457	37.884750
1596707649193	1596707649190	-13.207	-5.459	0.527	-0.288	0.115	1.868	127.738457	37.884750
1596707649216	1596707649215	-13.899	-6.199	0.805	0.490	0.262	1.434	127.738457	37.884750
1596707649231	1596707649229	-12.291	-5.706	1.415	1.137	-0.160	0.694	127.738457	37.884750
1596707649252	1596707649249	-9.781	-5.286	0.884	1.870	-0.728	-0.097	127.738457	37.884750
1596707649271	1596707649269	-9.953	-3.674	0.479	2.778	-0.571	-1.013	127.738457	37.884750
1596707649291	1596707649289	-11.831	-1.466	0.184	3.270	-0.434	-1.862	127.738457	37.884750
1596707649313	1596707649311	-13.810	-0.821	-0.115	3.250	-0.695	-2.531	127.738457	37.884750
1596707649331	1596707649331	-15.377	-0.860	-0.741	3.021	-1.337	-3.232	127.738457	37.884750
1596707649351	1596707649350	-16.464	-0.486	-1.416	2.909	-2.035	-3.870	127.738457	37.884750
1596707649375	1596707649375	-17.116	0.108	-1.989	3.042	-2.552	-4.246	127.738457	37.884750
1596707649396	1596707649396	-17.712	1.960	-1.229	3.065	-2.664	-4.133	127.738457	37.884750
1596707649412	1596707649408	-19.315	0.297	-0.908	2.627	-2.781	-4.101	127.738457	37.884750
1596707649430	1596707649428	-17.645	1.852	0.110	1.959	-3.090	-4.994	127.738457	37.884750
1596707649449	1596707649446	-15.564	1.737	-0.376	1.667	-3.299	-4.691	127.738457	37.884750
1596707649468	1596707649466	-15.612	-0.807	-0.906	2.281	-2.858	-4.915	127.738457	37.884750
1596707649488	1596707649488	-15.585	0.539	-0.784	3.048	-1.856	-4.625	127.738457	37.884750
1596707649508	1596707649508	-15.406	0.638	-1.584	3.610	-2.109	-4.284	127.738457	37.884750
1596707649528	1596707649528	-13.614	2.118	-2.530	3.776	-2.522	-4.085	127.738457	37.884750
1596707649548	1596707649548	-12.406	1.917	-2.631	3.037	-2.292	-2.814	127.738457	37.884750
1596707649567	1596707649567	-11.889	0.353	-1.344	2.462	-1.976	-2.271	127.738457	37.884750
1596707649590	1596707649588	-11.436	1.474	-0.868	0.995	-1.846	-3.004	127.738457	37.884750
1596707649609	1596707649605	-10.730	-0.268	-1.038	-0.200	-1.911	-2.321	127.738457	37.884750
1596707649625	1596707649625	-10.049	-0.749	-0.760	-0.644	-1.748	-1.811	127.738457	37.884750
1596707649646	1596707649644	-9.151	0.089	-1.184	-0.951	-1.922	-1.968	127.738457	37.884750
1596707649665	1596707649664	-8.478	0.254	-1.375	-1.438	-1.746	-1.959	127.738457	37.884750
1596707649685	1596707649685	-8.547	-0.230	-1.529	-1.775	-1.330	-1.952	127.738457	37.884750
1596707649705	1596707649704	-9.096	-0.632	-1.548	-1.923	-0.939	-1.890	127.738457	37.884750
1596707649727	1596707649727	-9.220	-0.692	-1.306	-1.886	-0.770	-1.936	127.738457	37.884750
1596707649745	1596707649745	-8.693	-0.757	-1.354	-1.694	-0.890	-1.857	127.738457	37.884750
1596707649766	1596707649765	-8.274	-0.412	-1.299	-1.577	-0.765	-1.763	127.738457	37.884750
1596707649788	1596707649787	-8.145	0.091	-0.959	-1.514	-0.398	-1.538	127.738457	37.884750
1596707649804	1596707649804	-7.757	1.114	-0.364	-1.596	-0.162	-1.145	127.738457	37.884750
1596707649823	1596707649822	-6.842	2.523	-0.158	-1.548	0.022	-0.608	127.738457	37.884750
1596707649845	1596707649845	-5.646	1.534	0.809	-1.325	0.235	0.362	127.738457	37.884750
1596707649863	1596707649862	-5.179	-0.929	1.789	-1.057	0.652	1.304	127.738457	37.884750
1596707649883	1596707649883	-7.009	-2.836	2.469	-0.413	1.670	2.471	127.738457	37.884750
1596707649904	1596707649902	-10.030	-2.412	3.025	0.541	2.557	3.609	127.738457	37.884750
1596707649923	1596707649923	-12.543	-0.769	3.396	1.302	2.841	4.537	127.738457	37.884750
1596707649949	1596707649949	-14.924	0.472	2.687	1.614	3.020	5.259	127.738457	37.884750
1596707649963	1596707649963	-18.182	1.402	1.796	1.616	3.503	5.847	127.738457	37.884739
1596707649982	1596707649979	-21.368	1.665	0.951	1.366	3.818	6.214	127.738457	37.884739
1596707650000	1596707649998	-21.782	2.156	1.202	0.810	3.480	6.229	127.738457	37.884739
1596707650020	1596707650018	-19.473	2.961	0.824	-0.462	2.793	6.380	127.738457	37.884739
1596707650040	1596707650039	-17.698	0.827	1.458	-2.443	2.743	6.310	127.738457	37.884739
1596707650060	1596707650059	-15.667	-0.141	0.313	-3.850	1.927	5.137	127.738457	37.884739
1596707650080	1596707650078	-13.995	0.384	0.531	-4.406	1.809	4.514	127.738457	37.884739
1596707650100	1596707650098	-13.575	0.230	1.102	-5.062	1.857	3.924	127.738457	37.884739
1596707650119	1596707650118	-14.062	-1.434	0.378	-5.585	1.655	3.534	127.738457	37.884739
1596707650140	1596707650137	-13.923	-2.093	0.227	-5.604	1.443	2.641	127.738457	37.884739
1596707650158	1596707650158	-13.171	-2.338	-0.769	-5.366	0.662	1.978	127.738457	37.884739
1596707650178	1596707650177	-12.553	-2.889	-1.246	-4.775	0.122	1.664	127.738457	37.884739
