1596707729048	1596707729030	-9.168	-1.767	0.948	-1.308	-0.572	1.010	127.737976	37.884075
1596707729069	1596707729046	-9.774	-1.842	0.900	-1.157	-0.178	1.307	127.737976	37.884075
1596707729088	1596707729069	-11.187	-1.988	1.193	-1.009	0.300	1.546	127.737976	37.884075
1596707729107	1596707729085	-12.157	-1.655	1.540	-0.771	0.715	1.772	127.737976	37.884075
1596707729127	1596707729105	-12.337	-1.391	1.492	-0.440	0.728	1.918	127.737976	37.884075
1596707729146	1596707729124	-12.301	-1.566	1.561	-0.172	0.567	1.990	127.737976	37.884075
1596707729171	1596707729145	-12.203	-1.803	1.712	-0.041	0.576	2.052	127.737976	37.884075
1596707729186	1596707729170	-11.546	-2.093	2.213	0.107	0.627	1.954	127.737976	37.884075
1596707729207	1596707729184	-10.277	-1.485	2.421	0.445	0.451	1.876	127.737976	37.884075
1596707729224	1596707729204	-8.962	-1.058	2.433	0.642	0.164	1.677	127.737976	37.884075
1596707729243	1596707729222	-7.920	-1.561	2.453	0.351	0.090	1.605	127.737976	37.884075
1596707729263	1596707729241	-7.886	-1.588	2.668	0.062	0.165	1.485	127.737976	37.884075
1596707729283	1596707729261	-8.111	-1.442	2.642	-0.056	0.367	1.462	127.737976	37.884075
1596707729303	1596707729282	-8.413	-1.245	2.242	-0.171	0.425	1.411	127.737976	37.884075
1596707729322	1596707729301	-8.725	-1.439	1.938	-0.409	0.387	1.294	127.737976	37.884075
1596707729342	1596707729320	-9.019	-1.902	1.909	-0.601	0.340	1.200	127.737976	37.884075
1596707729363	1596707729340	-9.328	-2.290	1.959	-0.660	0.278	1.096	127.737976	37.884075
1596707729382	1596707729363	-9.592	-2.448	1.916	-0.547	0.207	0.990	127.737976	37.884075
1596707729401	1596707729379	-9.855	-2.383	1.806	-0.303	0.123	0.934	127.737976	37.884075
1596707729420	1596707729399	-10.205	-2.251	1.700	-0.000	0.070	0.860	127.737976	37.884075
1596707729441	1596707729419	-10.816	-2.060	1.617	0.258	0.076	0.725	127.737976	37.884075
1596707729460	1596707729439	-11.551	-1.878	1.590	0.402	0.140	0.563	127.737976	37.884075
1596707729481	1596707729458	-11.930	-1.751	1.636	0.410	0.209	0.346	127.737976	37.884075
1596707729500	1596707729478	-11.139	-1.681	1.360	0.298	0.124	0.081	127.737976	37.884075
1596707729519	1596707729498	-10.135	-1.705	1.104	0.117	-0.147	-0.246	127.737976	37.884075
1596707729541	1596707729518	-9.462	-1.537	0.795	-0.038	-0.347	-0.584	127.737976	37.884075
1596707729566	1596707729538	-10.162	-1.322	0.024	-0.147	-0.375	-0.934	127.737976	37.884075
1596707729580	1596707729559	-12.921	-1.523	-0.125	-0.223	-0.085	-1.185	127.737976	37.884075
1596707729600	1596707729577	-15.530	-1.894	0.718	-0.142	0.555	-1.288	127.737976	37.884075
1596707729618	1596707729598	-15.854	-2.041	1.842	0.043	0.876	-1.248	127.737976	37.884075
1596707729639	1596707729617	-12.754	-1.679	1.320	0.281	0.272	-1.277	127.737976	37.884075
1596707729659	1596707729636	-9.649	-1.482	-0.005	0.445	-0.915	-1.466	127.737976	37.884075
1596707729678	1596707729658	-9.271	-1.559	-0.070	0.549	-1.268	-1.546	127.737976	37.884075
1596707729700	1596707729675	-10.866	-1.688	0.613	0.634	-0.490	-1.483	127.737976	37.884075
1596707729717	1596707729697	-12.004	-1.720	0.800	0.789	0.259	-1.428	127.737976	37.884075
1596707729737	1596707729714	-12.162	-1.837	0.603	1.053	0.269	-1.387	127.737976	37.884075
1596707729758	1596707729733	-12.184	-1.791	0.572	1.379	0.044	-1.338	127.737976	37.884075
1596707729776	1596707729756	-11.915	-1.420	0.527	1.686	-0.026	-1.313	127.737976	37.884075
1596707729798	1596707729772	-11.228	-0.924	0.443	1.934	-0.189	-1.352	127.737976	37.884075
1596707729814	1596707729792	-10.365	-0.479	0.498	2.080	-0.387	-1.481	127.737976	37.884075
1596707729835	1596707729812	-9.721	-0.129	0.436	1.880	-0.558	-1.688	127.737976	37.884075
1596707729855	1596707729832	-9.563	-0.150	0.294	1.233	-0.608	-1.889	127.737976	37.884075
1596707729875	1596707729853	-9.275	-0.462	0.196	0.472	-0.511	-2.013	127.737976	37.884075
1596707729895	1596707729875	-8.784	-0.670	0.151	-0.039	-0.524	-2.178	127.737976	37.884075
1596707729915	1596707729895	-8.540	-0.586	0.256	-0.365	-0.566	-2.265	127.737976	37.884075
1596707729934	1596707729915	-8.595	-0.745	0.174	-0.659	-0.498	-2.309	127.737976	37.884075
1596707729953	1596707729932	-8.813	-1.080	0.239	-0.772	-0.359	-2.195	127.737976	37.884068
1596707729974	1596707729951	-8.866	-1.099	0.210	-0.741	-0.231	-2.003	127.737976	37.884068
1596707729998	1596707729973	-8.667	-0.886	0.227	-0.641	-0.279	-1.809	127.737976	37.884068
1596707730010	1596707729997	-8.542	-0.735	0.203	-0.520	-0.338	-1.553	127.737976	37.884068
1596707730034	1596707730009	-8.226	-0.586	0.093	-0.464	-0.352	-1.247	127.737976	37.884068
1596707730051	1596707730032	-8.013	-0.622	-0.106	-0.487	-0.412	-0.954	127.737976	37.884068
1596707730076	1596707730049	-8.502	-0.539	-0.254	-0.537	-0.387	-0.612	127.737976	37.884068
1596707730093	1596707730070	-10.131	-0.167	-0.654	-0.601	-0.151	-0.220	127.737976	37.884068
1596707730123	1596707730092	-12.653	-0.409	-0.067	-0.695	0.237	0.277	127.737976	37.884068
1596707730135	1596707730123	-14.071	-1.061	0.608	-0.858	0.789	0.885	127.737976	37.884068
1596707730156	1596707730135	-13.147	-1.466	0.912	-1.026	0.627	1.405	127.737976	37.884068
1596707730172	1596707730156	-11.470	-2.074	1.705	-0.963	-0.125	1.767	127.737976	37.884068
1596707730199	1596707730171	-10.210	-2.601	2.496	-0.742	-0.184	2.245	127.737976	37.884068
1596707730210	1596707730189	-9.175	-2.287	2.144	-0.447	0.033	2.664	127.737976	37.884068
1596707730230	1596707730210	-9.031	-1.408	1.458	-0.087	-0.048	2.820	127.737976	37.884068
1596707730248	1596707730228	-10.960	-1.200	1.169	0.162	0.332	2.979	127.737976	37.884068
1596707730268	1596707730246	-13.657	-1.099	1.581	0.221	1.125	3.280	127.737976	37.884068
1596707730290	1596707730266	-15.619	-1.557	2.148	0.157	1.660	3.417	127.737976	37.884068
1596707730307	1596707730290	-15.477	-1.319	2.065	0.248	1.451	3.450	127.737976	37.884068
1596707730333	1596707730308	-12.893	-0.088	1.794	0.379	0.501	2.864	127.737976	37.884068
1596707730351	1596707730333	-10.615	-0.237	1.933	0.018	-0.232	2.271	127.737976	37.884068
1596707730370	1596707730351	-8.943	-0.955	2.057	-0.968	-0.301	2.208	127.737976	37.884068
1596707730388	1596707730370	-8.193	-1.607	2.194	-1.725	-0.279	1.956	127.737976	37.884068
1596707730415	1596707730385	-7.879	-1.799	2.024	-2.048	-0.208	1.859	127.737976	37.884068
1596707730426	1596707730410	-8.056	-2.134	1.619	-2.298	-0.137	1.646	127.737976	37.884068
1596707730449	1596707730424	-8.583	-2.237	1.154	-2.402	-0.056	1.535	127.737976	37.884068
1596707730463	1596707730449	-9.278	-2.330	0.802	-2.291	-0.048	1.468	127.737976	37.884068
1596707730485	1596707730463	-10.078	-2.613	0.519	-2.154	-0.034	1.446	127.737976	37.884068
1596707730505	1596707730482	-10.732	-2.901	0.347	-1.962	-0.034	1.423	127.737976	37.884068
1596707730529	1596707730502	-11.082	-3.116	0.292	-1.661	-0.100	1.393	127.737976	37.884068
1596707730549	1596707730529	-11.012	-3.056	0.251	-1.372	-0.202	1.357	127.737976	37.884068
1596707730567	1596707730549	-10.909	-2.862	0.179	-1.125	-0.311	1.229	127.737976	37.884068
1596707730591	1596707730567	-11.233	-2.843	0.206	-1.020	-0.262	1.098	127.737976	37.884068
1596707730612	1596707730591	-11.542	-2.929	0.397	-1.060	-0.074	0.898	127.737976	37.884068
1596707730625	1596707730611	-11.319	-3.114	0.582	-1.089	0.058	0.626	127.737976	37.884068
1596707730648	1596707730622	-10.090	-3.384	0.618	-0.996	0.061	0.351	127.737976	37.884068
1596707730662	1596707730641	-9.110	-3.509	0.244	-0.765	-0.031	0.039	127.737976	37.884068
1596707730683	1596707730661	-10.612	-3.904	-0.827	-0.454	-0.061	-0.223	127.737976	37.884068
1596707730703	1596707730680	-12.979	-3.557	-0.333	0.068	0.321	-0.507	127.737976	37.884068
1596707730727	1596707730701	-14.852	-3.466	-0.920	0.673	0.919	-0.668	127.737976	37.884068
1596707730748	1596707730727	-16.476	-3.210	-1.270	1.321	0.668	-0.914	127.737976	37.884068
1596707730766	1596707730748	-17.015	-2.247	-0.975	1.942	0.454	-1.225	127.737976	37.884068
1596707730787	1596707730766	-15.722	-1.624	-0.930	2.436	0.081	-1.507	127.737976	37.884068
1596707730801	1596707730787	-13.542	-1.262	-1.220	2.690	-0.536	-1.890	127.737976	37.884068
1596707730822	1596707730798	-12.258	-1.207	-1.658	2.736	-0.978	-2.409	127.737976	37.884068
1596707730841	1596707730822	-12.387	-1.487	-1.414	2.773	-0.961	-2.714	127.737976	37.884068
1596707730859	1596707730840	-12.622	-1.753	-1.224	2.986	-0.599	-2.827	127.737976	37.884068
1596707730879	1596707730858	-12.339	-1.873	-0.772	3.398	-0.435	-2.861	127.737976	37.884068
1596707730898	1596707730876	-11.820	-0.857	-0.285	4.247	-0.421	-2.844	127.737976	37.884068
1596707730918	1596707730895	-10.933	-1.365	0.028	4.361	-0.417	-2.871	127.737976	37.884068
1596707730939	1596707730915	-10.200	-1.628	-0.927	4.326	-0.620	-2.872	127.737976	37.884068
1596707730961	1596707730938	-9.807	-0.848	-1.026	4.217	-0.940	-2.937	127.737976	37.884060
1596707730976	1596707730960	-10.480	-0.378	-0.798	4.348	-0.668	-3.158	127.737976	37.884060
1596707730996	1596707730976	-11.453	-0.524	-0.757	4.072	-0.470	-2.930	127.737976	37.884060
1596707731021	1596707730995	-12.263	-0.495	-0.532	3.732	-0.470	-2.859	127.737976	37.884060
1596707731035	1596707731020	-12.634	-0.373	-0.108	3.350	-0.537	-2.729	127.737976	37.884060
1596707731053	1596707731033	-12.181	-0.316	0.249	2.928	-0.779	-2.541	127.737976	37.884060
1596707731076	1596707731052	-11.249	0.041	-0.185	2.344	-1.230	-2.408	127.737976	37.884060
1596707731093	1596707731073	-10.960	0.252	-0.326	1.597	-1.640	-2.334	127.737976	37.884060
1596707731113	1596707731091	-11.252	0.264	-0.278	0.717	-1.527	-2.136	127.737976	37.884060
1596707731134	1596707731114	-11.240	0.580	-0.479	-0.243	-1.391	-2.050	127.737976	37.884060
1596707731153	1596707731131	-10.586	0.501	-0.350	-1.220	-1.460	-2.170	127.737976	37.884060
1596707731174	1596707731153	-9.405	0.329	-0.302	-2.061	-1.490	-2.220	127.737976	37.884060
1596707731193	1596707731174	-8.097	1.038	-0.781	-2.731	-1.525	-2.373	127.737976	37.884060
1596707731212	1596707731193	-7.697	2.082	-0.652	-3.229	-1.464	-2.438	127.737976	37.884060
1596707731240	1596707731210	-7.311	1.953	0.098	-3.484	-0.951	-2.080	127.737976	37.884060
1596707731254	1596707731234	-7.120	1.443	0.627	-3.454	-0.550	-1.458	127.737976	37.884060
1596707731273	1596707731249	-8.104	0.180	1.106	-3.141	-0.539	-0.803	127.737976	37.884060
1596707731291	1596707731273	-9.383	-0.742	1.576	-2.693	0.042	0.131	127.737976	37.884060
1596707731311	1596707731289	-10.102	-2.100	1.430	-2.288	0.567	1.018	127.737976	37.884060
1596707731331	1596707731308	-10.490	-2.488	0.848	-1.539	0.393	2.084	127.737976	37.884060
1596707731349	1596707731331	-11.554	-1.796	0.927	-0.588	0.204	3.145	127.737976	37.884060
1596707731370	1596707731348	-13.825	-0.948	1.341	0.372	0.530	4.125	127.737976	37.884060
1596707731390	1596707731369	-16.903	-0.354	2.041	1.154	1.143	5.045	127.737976	37.884060
1596707731408	1596707731390	-18.639	-0.100	2.395	1.613	1.671	5.806	127.737976	37.884060
1596707731437	1596707731408	-17.789	-0.033	1.590	1.645	1.726	5.914	127.737976	37.884060
1596707731448	1596707731437	-16.105	0.846	0.361	1.178	1.322	5.475	127.737976	37.884060
1596707731471	1596707731448	-14.383	0.302	-0.379	0.168	0.914	5.175	127.737976	37.884060
1596707731487	1596707731471	-12.998	0.317	-1.239	-1.143	0.682	4.788	127.737976	37.884060
1596707731506	1596707731486	-12.507	0.551	-0.590	-2.489	0.712	4.435	127.737976	37.884060
1596707731529	1596707731505	-13.125	-0.347	-0.053	-3.647	0.858	4.137	127.737976	37.884060
1596707731546	1596707731527	-14.114	-2.050	0.237	-4.663	1.029	3.736	127.737976	37.884060
1596707731568	1596707731546	-14.160	-2.709	-0.151	-5.165	1.029	3.463	127.737976	37.884060
1596707731586	1596707731567	-13.207	-2.649	-0.709	-5.029	0.447	2.998	127.737976	37.884060
1596707731606	1596707731587	-12.327	-2.841	-1.102	-4.846	-0.040	2.653	127.737976	37.884060
1596707731632	1596707731606	-11.973	-3.107	-1.344	-4.511	-0.286	2.426	127.737976	37.884060
1596707731645	1596707731632	-12.107	-3.032	-1.440	-3.899	-0.408	2.270	127.737976	37.884060
1596707731670	1596707731643	-12.648	-3.308	-1.560	-3.251	-0.345	2.189	127.737976	37.884060
1596707731684	1596707731670	-13.123	-3.830	-1.526	-2.613	-0.274	2.213	127.737976	37.884060
1596707731708	1596707731682	-12.852	-4.161	-1.557	-1.917	-0.273	2.328	127.737976	37.884060
1596707731723	1596707731706	-13.628	-4.793	-2.204	-1.243	-0.466	2.316	127.737976	37.884060
1596707731756	1596707731721	-15.645	-5.555	-1.751	-0.530	-0.445	2.431	127.737976	37.884060
1596707731769	1596707731761	-14.814	-6.503	-1.023	0.232	0.040	2.460	127.737976	37.884060
1596707731785	1596707731769	-11.599	-7.179	-1.447	1.022	-0.298	2.225	127.737976	37.884060
1596707731803	1596707731785	-10.056	-8.151	-1.009	1.857	-0.838	1.647	127.737976	37.884060
1596707731827	1596707731803	-10.679	-6.096	-0.568	2.753	-0.427	0.833	127.737976	37.884060
1596707731842	1596707731827	-12.584	-1.947	-0.479	3.712	0.137	-0.363	127.737976	37.884060
1596707731865	1596707731840	-13.518	-0.088	-0.161	4.904	0.424	-1.364	127.737976	37.884060
1596707731890	1596707731862	-13.252	-0.321	-0.412	5.522	0.133	-2.131	127.737976	37.884060
1596707731903	1596707731887	-14.217	-1.214	-0.671	5.080	-0.463	-3.035	127.737976	37.884060
1596707731922	1596707731901	-15.477	-1.885	-0.841	4.558	-0.874	-3.709	127.737976	37.884060
1596707731947	1596707731919	-16.196	-1.583	-1.119	4.350	-1.394	-4.044	127.737976	37.884052
1596707731977	1596707731946	-16.505	-0.718	-1.433	4.453	-1.882	-4.243	127.737976	37.884052
1596707731991	1596707731977	-15.928	0.276	-3.613	4.441	-2.365	-4.240	127.737976	37.884052
1596707732005	1596707731980	-17.868	-0.821	-2.707	4.713	-2.748	-4.065	127.737976	37.884052
1596707732019	1596707731999	-17.468	2.947	-2.650	6.048	-2.941	-3.824	127.737976	37.884052
1596707732054	1596707732019	-16.175	4.420	-0.321	6.112	-3.691	-4.296	127.737976	37.884052
1596707732064	1596707732054	-17.063	1.052	-0.075	4.800	-3.420	-3.963	127.737976	37.884052
1596707732081	1596707732061	-17.185	0.427	0.091	3.293	-3.494	-3.121	127.737976	37.884052
1596707732098	1596707732078	-16.543	0.664	0.071	2.271	-3.215	-3.441	127.737976	37.884052
1596707732120	1596707732095	-15.659	-0.234	-0.551	1.225	-2.968	-3.511	127.737976	37.884052
1596707732138	1596707732118	-14.735	-0.644	-1.117	0.048	-2.824	-3.081	127.737976	37.884052
1596707732165	1596707732135	-13.748	-0.160	-1.687	-1.040	-2.686	-2.940	127.737976	37.884052
1596707732178	1596707732166	-12.727	-0.050	-1.977	-1.932	-2.648	-2.887	127.737976	37.884052
1596707732202	1596707732179	-11.570	0.127	-2.305	-2.658	-2.608	-2.821	127.737976	37.884052
1596707732219	1596707732200	-10.442	0.020	-2.540	-3.087	-2.623	-2.935	127.737976	37.884052
1596707732243	1596707732219	-9.462	0.103	-2.681	-3.154	-2.549	-3.022	127.737976	37.884052
1596707732261	1596707732240	-8.667	-0.220	-2.370	-3.058	-2.333	-3.244	127.737976	37.884052
1596707732276	1596707732260	-7.939	-0.050	-2.360	-2.920	-1.983	-3.341	127.737976	37.884052
1596707732297	1596707732276	-8.236	1.404	-2.137	-2.816	-1.640	-3.408	127.737976	37.884052
1596707732313	1596707732296	-8.432	3.165	-1.512	-2.667	-1.050	-3.129	127.737976	37.884052
1596707732334	1596707732313	-7.127	4.396	-1.023	-2.607	-0.515	-2.744	127.737976	37.884052
1596707732352	1596707732332	-5.606	2.250	-0.757	-2.693	-0.582	-2.330	127.737976	37.884052
1596707732374	1596707732352	-5.150	-0.946	0.232	-2.598	-0.576	-1.321	127.737976	37.884052
1596707732394	1596707732374	-6.930	-3.983	2.053	-2.216	0.105	-0.147	127.737976	37.884052
1596707732420	1596707732394	-9.414	-4.513	3.983	-1.011	1.024	1.297	127.737976	37.884052
1596707732439	1596707732420	-10.619	-2.563	4.561	0.581	1.462	2.552	127.737976	37.884052
1596707732455	1596707732439	-11.324	-0.965	3.452	2.158	1.368	3.290	127.737976	37.884052
1596707732470	1596707732455	-12.303	0.398	1.827	3.328	1.367	3.810	127.737976	37.884052
1596707732495	1596707732471	-13.408	1.004	0.776	3.573	1.837	4.523	127.737976	37.884052
1596707732510	1596707732489	-14.088	1.538	0.591	3.344	2.471	4.988	127.737976	37.884052
1596707732529	1596707732510	-14.105	2.037	0.855	3.052	2.612	5.129	127.737976	37.884052
1596707732551	1596707732529	-13.889	2.446	0.840	2.392	2.544	5.411	127.737976	37.884052
1596707732575	1596707732548	-14.033	2.719	0.081	1.213	2.430	5.238	127.737976	37.884052
1596707732598	1596707732575	-15.235	2.741	-1.423	-0.306	2.329	5.108	127.737976	37.884052
1596707732615	1596707732598	-17.883	2.142	-2.072	-2.154	2.534	5.048	127.737976	37.884052
1596707732633	1596707732615	-20.774	0.743	-2.144	-4.211	2.890	5.087	127.737976	37.884052
1596707732652	1596707732632	-23.601	-0.895	-2.743	-6.591	2.970	4.798	127.737976	37.884052
1596707732675	1596707732652	-23.979	-3.751	-3.253	-8.545	1.995	4.535	127.737976	37.884052
1596707732690	1596707732676	-21.715	-3.617	-3.615	-8.618	0.315	4.289	127.737976	37.884052
1596707732708	1596707732690	-19.660	-4.117	-4.025	-8.239	-0.713	4.137	127.737976	37.884052
1596707732731	1596707732706	-19.047	-4.247	-3.816	-7.738	-1.207	4.251	127.737976	37.884052
1596707732746	1596707732730	-18.639	-4.477	-2.645	-6.758	-1.507	4.522	127.737976	37.884052
1596707732765	1596707732745	-16.584	-5.406	-3.127	-5.149	-1.796	4.392	127.737976	37.884052
1596707732785	1596707732765	-14.778	-6.374	-3.685	-3.575	-2.171	4.633	127.737976	37.884052
1596707732812	1596707732785	-14.661	-7.466	-4.434	-2.111	-1.646	4.238	127.737976	37.884052
1596707732828	1596707732812	-12.893	-9.531	-3.086	-0.541	-1.171	3.812	127.737976	37.884052
1596707732846	1596707732828	-11.039	-10.118	-2.506	0.384	-0.926	3.236	127.737976	37.884052
1596707732865	1596707732846	-11.762	-6.834	-2.037	1.331	-0.953	2.210	127.737976	37.884052
1596707732889	1596707732865	-13.159	-3.267	-1.768	2.630	-0.090	1.124	127.737976	37.884052
1596707732905	1596707732884	-11.970	-1.660	-1.538	4.572	0.496	0.199	127.737976	37.884052
1596707732924	1596707732905	-10.126	-1.779	-1.347	5.746	0.017	-0.674	127.737976	37.884052
1596707732949	1596707732922	-9.668	-2.148	-1.002	5.463	-0.644	-1.728	127.737976	37.884052
1596707732973	1596707732949	-10.473	-2.476	-0.697	4.590	-0.758	-2.686	127.737961	37.884045
1596707732981	1596707732973	-11.304	-2.203	-0.151	4.064	-0.878	-3.033	127.737961	37.884045
1596707733002	1596707732981	-12.109	-1.976	0.311	3.849	-1.137	-3.118	127.737961	37.884045
1596707733022	1596707733002	-13.060	-1.185	-0.034	3.506	-1.391	-3.441	127.737961	37.884045
1596707733044	1596707733022	-13.094	-0.898	-1.325	3.009	-1.629	-4.030	127.737961	37.884045
1596707733065	1596707733042	-13.436	0.144	-0.860	2.913	-1.673	-4.368	127.737961	37.884045
1596707733088	1596707733065	-15.499	-0.586	-2.051	3.721	-1.483	-4.460	127.737961	37.884045
1596707733103	1596707733081	-17.847	-1.099	-1.716	4.292	-1.434	-4.356	127.737961	37.884045
1596707733121	1596707733102	-17.602	3.433	-2.245	5.570	-1.691	-4.948	127.737961	37.884045
1596707733140	1596707733120	-19.234	2.441	-0.726	5.889	-2.382	-4.797	127.737961	37.884045
1596707733160	1596707733138	-20.966	0.937	-0.209	5.015	-2.285	-4.215	127.737961	37.884045
1596707733180	1596707733158	-20.434	1.016	-0.580	3.121	-2.741	-3.935	127.737961	37.884045
1596707733202	1596707733178	-18.139	1.122	-1.062	1.450	-2.978	-4.198	127.737961	37.884045
1596707733221	1596707733202	-16.177	1.620	-1.946	0.515	-3.412	-4.118	127.737961	37.884045
1596707733240	1596707733221	-15.715	1.088	-1.979	-0.700	-3.478	-3.848	127.737961	37.884045
1596707733259	1596707733240	-15.327	0.240	-1.601	-2.123	-2.839	-3.720	127.737961	37.884045
1596707733279	1596707733259	-13.738	0.288	-1.603	-3.107	-2.505	-3.699	127.737961	37.884045
1596707733301	1596707733280	-11.295	1.268	-2.037	-3.518	-2.736	-4.169	127.737961	37.884045
1596707733320	1596707733301	-9.340	1.787	-2.760	-3.682	-2.954	-4.309	127.737961	37.884045
1596707733339	1596707733315	-8.808	1.950	-2.056	-3.816	-2.517	-3.923	127.737961	37.884045
1596707733357	1596707733338	-8.545	3.012	-1.850	-3.792	-1.539	-3.650	127.737961	37.884045
1596707733377	1596707733353	-7.704	2.432	-2.140	-3.612	-1.225	-3.319	127.737961	37.884045
1596707733395	1596707733373	-6.748	1.215	-1.603	-3.032	-1.123	-2.339	127.737961	37.884045
1596707733415	1596707733395	-6.430	-0.285	-1.675	-2.551	-0.722	-1.457	127.737961	37.884045
1596707733435	1596707733415	-6.822	-2.139	-1.304	-2.358	-0.354	-0.468	127.737961	37.884045
1596707733455	1596707733435	-7.522	-3.250	0.028	-1.810	0.046	0.900	127.737961	37.884045
1596707733479	1596707733455	-7.958	-2.898	1.293	-0.859	0.433	2.270	127.737961	37.884045
1596707733498	1596707733478	-8.576	-2.419	2.570	0.172	0.746	3.158	127.737961	37.884045
1596707733512	1596707733499	-9.891	-1.957	3.044	1.014	1.175	3.813	127.737961	37.884045
1596707733538	1596707733512	-11.393	-1.743	2.232	1.654	1.493	4.227	127.737961	37.884045
1596707733552	1596707733532	-12.488	-1.566	0.840	2.359	1.704	4.559	127.737961	37.884045
1596707733572	1596707733550	-12.936	-1.528	0.256	3.009	1.861	4.595	127.737961	37.884045
1596707733592	1596707733570	-12.627	-1.006	-0.429	3.499	1.800	4.438	127.737961	37.884045
1596707733612	1596707733590	-11.769	0.702	-0.760	3.636	1.675	4.378	127.737961	37.884045
1596707733633	1596707733612	-11.048	1.859	-1.126	3.513	1.306	4.164	127.737961	37.884045
1596707733652	1596707733633	-11.525	3.038	-1.375	2.621	0.913	3.953	127.737961	37.884045
1596707733674	1596707733652	-14.023	3.500	-0.566	1.150	1.252	3.812	127.737961	37.884045
1596707733691	1596707733674	-16.723	1.428	0.929	-0.844	2.041	4.227	127.737961	37.884045
1596707733712	1596707733690	-18.165	-0.287	1.561	-3.310	2.524	4.186	127.737961	37.884045
1596707733737	1596707733710	-17.641	-1.983	1.375	-5.848	2.144	3.578	127.737961	37.884045
1596707733749	1596707733729	-16.067	-3.542	0.268	-7.141	1.140	3.431	127.737961	37.884045
1596707733768	1596707733747	-15.178	-4.299	-0.374	-7.421	0.424	3.441	127.737961	37.884045
1596707733789	1596707733767	-15.542	-3.861	-0.223	-6.441	-0.085	3.751	127.737961	37.884045
1596707733808	1596707733787	-16.800	-4.268	-0.628	-5.228	-0.104	3.908	127.737961	37.884045
1596707733829	1596707733808	-17.001	-5.193	-0.995	-4.260	0.039	3.910	127.737961	37.884045
1596707733849	1596707733829	-15.051	-5.262	-1.014	-2.553	-0.548	4.034	127.737961	37.884045
1596707733868	1596707733849	-13.496	-6.084	-1.730	-0.800	-0.905	3.752	127.737961	37.884045
1596707733891	1596707733868	-13.353	-6.551	-1.296	0.588	-0.878	3.076	127.737961	37.884045
1596707733910	1596707733891	-12.037	-5.174	0.258	2.230	-0.464	2.728	127.737961	37.884045
1596707733929	1596707733905	-10.452	-3.928	0.864	3.546	-0.516	2.015	127.737961	37.884045
1596707733954	1596707733925	-10.488	-2.867	0.797	4.324	-0.780	1.069	127.737953	37.884037
1596707733968	1596707733954	-11.209	-2.328	-1.035	4.759	-0.857	0.195	127.737953	37.884037
1596707733998	1596707733966	-11.237	-1.609	-3.428	4.752	-1.143	-0.603	127.737953	37.884037
1596707734006	1596707733993	-10.857	-0.335	-4.842	4.243	-1.641	-1.398	127.737953	37.884037
1596707734025	1596707734003	-10.444	0.798	-5.527	3.544	-2.266	-2.129	127.737953	37.884037
1596707734048	1596707734023	-10.648	1.637	-4.626	3.016	-2.616	-2.756	127.737953	37.884037
1596707734064	1596707734044	-11.369	2.379	-2.013	2.610	-2.390	-3.290	127.737953	37.884037
1596707734089	1596707734062	-12.088	2.231	0.754	2.080	-1.858	-3.650	127.737953	37.884037
1596707734104	1596707734086	-12.047	1.157	2.184	1.411	-1.559	-3.957	127.737953	37.884037
1596707734135	1596707734105	-11.501	-0.972	2.103	0.408	-1.316	-4.118	127.737953	37.884037
1596707734143	1596707734122	-11.015	-3.408	1.023	-0.590	-1.121	-4.033	127.737953	37.884037
1596707734163	1596707734143	-10.468	-3.356	0.584	-0.991	-0.805	-3.912	127.737953	37.884037
1596707734182	1596707734163	-10.421	-2.170	-0.197	-0.987	-0.215	-4.200	127.737953	37.884037
1596707734205	1596707734181	-11.304	-0.984	-0.681	-0.512	-0.042	-3.989	127.737953	37.884037
1596707734222	1596707734202	-13.216	-0.519	-1.397	-0.202	0.312	-3.265	127.737953	37.884037
1596707734245	1596707734222	-14.294	-0.239	-2.405	-0.142	0.661	-2.691	127.737953	37.884037
1596707734271	1596707734245	-12.893	0.721	-2.885	-0.172	0.433	-2.625	127.737953	37.884037
1596707734291	1596707734271	-10.924	0.719	-4.272	-0.285	-0.583	-2.713	127.737953	37.884037
1596707734303	1596707734291	-10.694	0.427	-4.173	-0.427	-1.404	-2.746	127.737953	37.884037
1596707734327	1596707734303	-10.794	-0.143	-2.702	-0.973	-0.952	-2.767	127.737953	37.884037
1596707734345	1596707734322	-9.752	-0.488	-2.120	-1.500	-0.702	-2.885	127.737953	37.884037
1596707734361	1596707734340	-8.873	0.142	-0.956	-1.515	-0.968	-3.150	127.737953	37.884037
1596707734380	1596707734361	-9.292	1.138	0.450	-1.360	-0.708	-3.214	127.737953	37.884037
1596707734399	1596707734380	-9.779	2.013	1.166	-1.033	-0.091	-2.968	127.737953	37.884037
1596707734420	1596707734399	-8.966	1.308	1.461	-0.666	0.296	-2.603	127.737953	37.884037
1596707734445	1596707734420	-8.607	-0.299	1.054	-0.098	-0.009	-1.987	127.737953	37.884037
1596707734465	1596707734445	-10.912	-1.494	0.064	0.242	-0.305	-0.958	127.737953	37.884037
1596707734479	1596707734465	-14.093	-1.212	-0.211	0.272	0.489	0.135	127.737953	37.884037
1596707734497	1596707734479	-15.772	-1.085	0.560	0.399	1.213	1.183	127.737953	37.884037
1596707734522	1596707734496	-14.847	-1.964	1.775	0.619	1.002	2.311	127.737953	37.884037
1596707734538	1596707734520	-12.744	-2.503	2.259	1.107	0.234	3.212	127.737953	37.884037
1596707734560	1596707734536	-11.733	-1.540	2.493	1.812	-0.260	3.564	127.737953	37.884037
1596707734576	1596707734560	-11.755	-0.582	2.460	2.368	-0.070	3.787	127.737953	37.884037
1596707734595	1596707734574	-11.637	0.971	1.631	2.631	0.254	3.798	127.737953	37.884037
1596707734616	1596707734593	-11.908	1.658	0.340	2.316	0.267	3.588	127.737953	37.884037
1596707734639	1596707734616	-12.433	1.330	-0.144	1.377	0.339	3.221	127.737953	37.884037
1596707734659	1596707734639	-11.956	0.829	-0.271	0.290	0.353	2.884	127.737953	37.884037
1596707734684	1596707734659	-10.864	0.480	-0.281	-0.722	-0.100	2.591	127.737953	37.884037
1596707734701	1596707734684	-9.958	0.305	-0.264	-1.806	-0.589	2.318	127.737953	37.884037
1596707734727	1596707734701	-9.589	-0.289	-0.939	-3.078	-0.883	2.038	127.737953	37.884037
1596707734735	1596707734721	-9.896	-1.363	-0.911	-4.318	-0.897	1.834	127.737953	37.884037
1596707734753	1596707734735	-10.811	-2.184	-0.695	-5.029	-0.716	1.710	127.737953	37.884037
1596707734771	1596707734753	-11.424	-3.557	-0.355	-5.458	-0.668	1.645	127.737953	37.884037
1596707734792	1596707734771	-11.130	-3.336	-0.652	-5.423	-0.714	1.597	127.737953	37.884037
1596707734811	1596707734791	-10.413	-2.524	-1.658	-5.156	-0.897	1.608	127.737953	37.884037
1596707734831	1596707734811	-10.023	-2.141	-2.135	-4.231	-1.086	1.934	127.737953	37.884037
1596707734857	1596707734831	-10.135	-1.983	-2.075	-2.958	-0.983	2.331	127.737953	37.884037
1596707734878	1596707734858	-10.617	-2.412	-1.919	-1.935	-0.778	2.559	127.737953	37.884037
1596707734900	1596707734877	-11.479	-3.272	-1.584	-1.246	-0.639	2.924	127.737953	37.884037
1596707734921	1596707734900	-12.538	-3.665	-0.815	-0.346	-0.389	3.260	127.737953	37.884037
1596707734929	1596707734921	-13.226	-4.673	-0.513	0.289	-0.109	3.623	127.737953	37.884037
1596707734973	1596707734930	-13.511	-4.505	-1.066	1.389	-0.076	3.706	127.737953	37.884037
1596707734978	1596707734969	-14.711	-4.125	-1.222	2.329	-0.138	3.515	127.737953	37.884037
1596707734987	1596707734978	-15.418	-5.124	-0.228	2.796	0.277	3.073	127.737946	37.884029
1596707735014	1596707734986	-13.034	-5.059	0.014	2.798	0.519	2.349	127.737946	37.884029
1596707735040	1596707735010	-10.123	-3.365	0.158	2.887	-0.146	1.444	127.737946	37.884029
1596707735054	1596707735036	-8.981	-1.276	-0.106	2.978	-0.629	0.297	127.737946	37.884029
1596707735066	1596707735049	-10.394	0.139	-0.214	2.776	-0.466	-1.088	127.737946	37.884029
1596707735090	1596707735065	-12.337	0.202	-0.441	2.448	0.143	-2.151	127.737946	37.884029
1596707735106	1596707735086	-13.144	-0.591	-1.567	1.868	0.140	-3.080	127.737946	37.884029
1596707735129	1596707735103	-13.516	-0.970	-2.276	1.287	-0.355	-3.864	127.737946	37.884029
1596707735146	1596707735126	-14.112	-0.730	-2.386	0.933	-0.450	-4.500	127.737946	37.884029
1596707735166	1596707735142	-14.364	-0.929	-2.257	0.747	-0.368	-4.830	127.737946	37.884029
1596707735185	1596707735166	-13.844	-0.630	-1.694	0.929	-0.460	-4.862	127.737946	37.884029
1596707735206	1596707735182	-14.141	-0.546	-1.893	1.623	-0.289	-4.965	127.737946	37.884029
1596707735224	1596707735202	-14.598	-1.207	-2.791	2.645	0.136	-5.062	127.737946	37.884029
1596707735243	1596707735221	-15.748	-2.606	-5.251	4.968	-0.510	-5.454	127.737946	37.884029
1596707735264	1596707735243	-15.751	4.468	-4.499	8.512	-0.927	-4.797	127.737946	37.884029
1596707735284	1596707735262	-13.499	6.341	-0.250	11.419	-0.533	-4.299	127.737946	37.884029
1596707735304	1596707735283	-11.084	-0.150	-0.285	7.148	-1.204	-3.421	127.737946	37.884029
1596707735322	1596707735304	-10.648	-2.805	-1.620	2.858	-1.975	-3.198	127.737946	37.884029
1596707735346	1596707735323	-10.219	-2.541	-0.903	0.684	-1.299	-3.259	127.737946	37.884029
1596707735362	1596707735346	-9.410	-1.514	-0.482	0.533	-0.443	-2.955	127.737946	37.884029
1596707735383	1596707735359	-8.195	-0.426	-1.150	0.884	-0.822	-2.712	127.737946	37.884029
1596707735401	1596707735380	-7.668	-0.749	-1.368	0.625	-1.175	-2.433	127.737946	37.884029
1596707735420	1596707735400	-7.884	-0.824	-1.404	0.236	-0.881	-1.992	127.737946	37.884029
1596707735442	1596707735420	-8.092	-0.261	-0.880	0.053	-0.607	-1.604	127.737946	37.884029
1596707735462	1596707735440	-8.269	0.171	-0.269	0.037	-0.441	-1.096	127.737946	37.884029
1596707735482	1596707735461	-8.554	0.801	-0.484	-0.078	-0.436	-0.508	127.737946	37.884029
1596707735502	1596707735480	-9.271	0.877	-0.130	-0.595	-0.508	-0.050	127.737946	37.884029
1596707735522	1596707735502	-10.521	0.777	0.481	-1.283	-0.242	0.561	127.737946	37.884029
1596707735543	1596707735522	-11.882	0.348	0.321	-2.241	0.098	1.174	127.737946	37.884029
1596707735562	1596707735543	-12.823	-0.706	0.649	-3.188	0.340	1.576	127.737946	37.884029
1596707735582	1596707735559	-12.332	-1.938	0.725	-3.883	0.502	2.007	127.737946	37.884029
1596707735600	1596707735581	-11.077	-2.783	1.049	-4.285	0.170	2.436	127.737946	37.884029
1596707735621	1596707735597	-10.878	-3.001	1.607	-4.265	-0.044	2.739	127.737946	37.884029
1596707735640	1596707735618	-12.864	-3.095	1.657	-3.791	0.225	2.944	127.737946	37.884029
1596707735660	1596707735638	-15.307	-2.084	1.075	-2.913	0.782	3.034	127.737946	37.884029
1596707735678	1596707735660	-16.244	-0.991	0.476	-1.790	0.920	2.920	127.737946	37.884029
1596707735698	1596707735677	-15.128	-0.953	-0.290	-0.878	0.541	2.688	127.737946	37.884029
1596707735717	1596707735697	-13.298	0.010	-0.250	-0.233	-0.085	2.324	127.737946	37.884029
1596707735741	1596707735716	-11.419	-0.213	-0.053	-0.071	-0.760	2.125	127.737946	37.884029
1596707735756	1596707735735	-9.644	-0.594	0.373	-1.031	-1.085	1.941	127.737946	37.884029
1596707735778	1596707735756	-8.198	-0.309	-0.372	-2.450	-1.284	1.429	127.737946	37.884029
1596707735794	1596707735778	-8.051	-1.111	-1.002	-3.715	-1.240	1.211	127.737946	37.884029
1596707735814	1596707735794	-9.103	-1.619	-1.124	-4.123	-0.875	1.386	127.737946	37.884029
1596707735834	1596707735812	-10.296	-2.309	-1.021	-4.270	-0.585	1.318	127.737946	37.884029
1596707735853	1596707735831	-10.746	-2.196	-1.023	-4.078	-0.601	1.412	127.737946	37.884029
1596707735874	1596707735852	-10.564	-2.577	-1.430	-3.879	-0.860	1.692	127.737946	37.884029
1596707735894	1596707735874	-10.286	-2.843	-1.426	-3.451	-1.130	2.019	127.737946	37.884029
1596707735913	1596707735894	-10.303	-3.073	-1.153	-2.857	-1.098	2.450	127.737946	37.884029
1596707735935	1596707735913	-10.588	-3.423	-1.054	-2.164	-1.142	2.974	127.737946	37.884029
1596707735955	1596707735933	-11.166	-3.643	-0.868	-1.196	-1.143	3.442	127.737946	37.884029
1596707735975	1596707735955	-12.255	-3.262	-0.748	-0.227	-1.030	3.826	127.737946	37.884018
1596707735993	1596707735975	-13.734	-3.988	-0.674	0.327	-0.720	4.087	127.737946	37.884018
1596707736011	1596707735990	-15.202	-4.501	-1.292	0.815	-0.278	4.341	127.737946	37.884018
1596707736030	1596707736009	-16.670	-3.523	-1.445	1.055	0.092	4.080	127.737946	37.884018
1596707736050	1596707736027	-15.434	-4.295	-0.765	1.069	0.349	3.467	127.737946	37.884018
1596707736070	1596707736048	-11.707	-5.406	-0.954	0.879	0.103	2.476	127.737946	37.884018
1596707736093	1596707736068	-9.386	-3.713	-0.238	0.650	-0.564	1.615	127.737946	37.884018
1596707736110	1596707736090	-8.751	-1.458	0.630	0.749	-0.263	0.494	127.737946	37.884018
1596707736131	1596707736110	-9.297	-0.445	0.392	0.676	0.328	-0.787	127.737946	37.884018
1596707736152	1596707736131	-10.722	-1.228	-0.312	0.540	0.574	-1.901	127.737946	37.884018
1596707736174	1596707736152	-12.260	-2.232	-1.308	0.549	0.634	-2.757	127.737946	37.884018
1596707736192	1596707736173	-13.791	-3.214	-1.589	0.717	0.676	-3.508	127.737946	37.884018
1596707736210	1596707736187	-15.238	-3.313	-1.150	1.120	1.016	-4.007	127.737946	37.884018
1596707736228	1596707736210	-15.456	-2.874	-0.650	1.750	1.051	-4.050	127.737946	37.884018
1596707736246	1596707736226	-14.167	-2.266	-0.508	2.524	0.372	-3.926	127.737946	37.884018
1596707736270	1596707736247	-12.301	-0.620	-0.115	3.149	-0.255	-3.888	127.737946	37.884018
1596707736294	1596707736270	-12.095	-0.388	0.038	3.680	-0.450	-3.978	127.737946	37.884018
1596707736315	1596707736294	-11.827	0.147	0.862	4.085	-0.288	-3.725	127.737946	37.884018
1596707736327	1596707736315	-11.530	0.300	-0.010	4.335	-0.247	-4.069	127.737946	37.884018
1596707736352	1596707736328	-11.132	0.757	0.572	4.359	-0.479	-3.472	127.737946	37.884018
1596707736368	1596707736352	-11.820	-0.658	1.025	4.205	-0.296	-3.337	127.737946	37.884018
1596707736389	1596707736365	-12.617	-2.517	0.237	3.333	-0.230	-2.792	127.737946	37.884018
1596707736405	1596707736388	-12.828	-1.288	0.189	3.109	-0.433	-2.509	127.737946	37.884018
1596707736425	1596707736405	-12.471	-0.723	0.177	3.311	-0.363	-2.310	127.737946	37.884018
1596707736443	1596707736424	-10.991	-0.380	-0.621	3.246	-0.973	-1.890	127.737946	37.884018
1596707736465	1596707736443	-9.412	0.286	-1.354	2.491	-1.826	-1.652	127.737946	37.884018
1596707736484	1596707736465	-9.134	0.417	-1.416	1.483	-2.186	-1.505	127.737946	37.884018
1596707736510	1596707736484	-10.092	0.264	-1.155	0.450	-1.954	-1.171	127.737946	37.884018
1596707736531	1596707736510	-10.938	0.168	-0.951	-0.465	-1.600	-0.936	127.737946	37.884018
1596707736550	1596707736531	-10.377	0.348	-0.997	-1.238	-1.614	-0.939	127.737946	37.884018
1596707736567	1596707736550	-9.026	0.415	-1.236	-1.908	-1.941	-1.075	127.737946	37.884018
1596707736587	1596707736565	-8.710	0.587	-1.419	-2.432	-2.128	-1.095	127.737946	37.884018
1596707736601	1596707736582	-9.311	0.417	-0.971	-2.976	-1.730	-0.997	127.737946	37.884018
1596707736628	1596707736600	-9.280	0.130	-0.971	-3.472	-1.056	-0.785	127.737946	37.884018
1596707736642	1596707736621	-9.465	-0.021	-1.579	-3.818	-0.983	-0.510	127.737946	37.884018
1596707736662	1596707736641	-10.962	-0.409	-1.066	-3.852	-0.715	-0.080	127.737946	37.884018
1596707736682	1596707736660	-12.351	-1.964	-0.319	-3.725	0.238	0.729	127.737946	37.884018
1596707736702	1596707736682	-11.915	-3.071	0.390	-3.273	0.506	1.472	127.737946	37.884018
1596707736736	1596707736703	-10.749	-3.293	1.504	-2.440	0.104	1.984	127.737946	37.884018
1596707736740	1596707736736	-11.082	-2.960	2.259	-1.161	0.081	2.579	127.737946	37.884018
1596707736771	1596707736739	-12.421	-2.017	1.839	0.181	0.575	3.082	127.737946	37.884018
1596707736780	1596707736771	-13.218	-0.955	0.982	1.302	0.968	3.333	127.737946	37.884018
1596707736809	1596707736780	-12.641	-0.515	0.742	1.978	1.000	3.414	127.737946	37.884018
1596707736819	1596707736799	-11.460	0.046	-0.058	2.247	0.869	3.263	127.737946	37.884018
1596707736838	1596707736820	-10.734	0.475	0.373	2.012	0.566	3.086	127.737946	37.884018
1596707736858	1596707736838	-10.092	0.312	1.260	1.377	0.630	3.152	127.737946	37.884018
1596707736878	1596707736856	-9.704	0.420	0.476	0.589	0.522	3.224	127.737946	37.884018
1596707736898	1596707736876	-11.067	1.009	0.246	-0.182	0.389	3.221	127.737946	37.884018
1596707736923	1596707736898	-13.293	0.336	0.764	-1.125	0.860	3.352	127.737946	37.884018
1596707736961	1596707736923	-15.197	0.005	0.606	-2.245	1.272	3.671	127.737938	37.884010
1596707736961	1596707736937	-16.129	-1.341	-0.261	-3.239	1.077	3.847	127.737938	37.884010
1596707736975	1596707736961	-15.362	-2.232	-0.983	-4.158	0.472	3.844	127.737938	37.884010
1596707736994	1596707736975	-14.598	-2.865	-1.395	-5.270	-0.123	3.819	127.737938	37.884010
1596707737016	1596707736993	-14.529	-4.807	-1.054	-6.090	-0.458	4.053	127.737938	37.884010
1596707737036	1596707737016	-14.306	-5.936	-0.408	-5.709	-0.560	4.186	127.737938	37.884010
1596707737054	1596707737036	-13.813	-5.665	-0.590	-4.777	-0.684	4.016	127.737938	37.884010
1596707737072	1596707737052	-13.302	-6.872	-0.870	-3.309	-0.891	3.595	127.737938	37.884010
1596707737095	1596707737072	-11.235	-7.656	-0.978	-1.619	-0.885	3.135	127.737938	37.884010
1596707737112	1596707737092	-8.310	-8.015	-0.839	0.132	-0.955	2.730	127.737938	37.884010
1596707737133	1596707737112	-8.370	-6.479	-1.502	1.855	-0.891	2.191	127.737938	37.884010
1596707737153	1596707737133	-11.297	-2.139	-1.052	3.330	-0.140	1.192	127.737938	37.884010
1596707737175	1596707737153	-14.007	0.072	-0.326	4.263	1.132	0.157	127.737938	37.884010
1596707737196	1596707737175	-15.624	-0.390	-0.508	4.326	1.078	-0.562	127.737938	37.884010
1596707737223	1596707737196	-16.519	-1.379	0.136	3.409	0.481	-1.365	127.737938	37.884010
1596707737233	1596707737216	-14.725	-1.765	0.464	2.214	0.211	-2.108	127.737938	37.884010
1596707737251	1596707737230	-12.483	-2.038	0.409	1.337	-0.595	-2.570	127.737938	37.884010
1596707737270	1596707737248	-12.133	-2.270	1.032	0.810	-1.113	-2.951	127.737938	37.884010
1596707737290	1596707737268	-12.694	-2.227	1.645	0.590	-0.922	-3.442	127.737938	37.884010
1596707737309	1596707737287	-13.865	-2.311	1.260	0.698	-0.657	-3.740	127.737938	37.884010
1596707737330	1596707737309	-15.561	-2.675	0.893	1.005	-0.429	-3.909	127.737938	37.884010
1596707737350	1596707737330	-16.754	-1.887	0.330	1.514	-0.262	-4.086	127.737938	37.884010
1596707737369	1596707737350	-16.994	-0.819	-0.693	2.101	-0.482	-4.446	127.737938	37.884010
1596707737389	1596707737369	-16.608	-0.165	-1.359	2.507	-0.880	-4.691	127.737938	37.884010
1596707737410	1596707737389	-16.582	0.309	-1.876	2.795	-0.940	-4.936	127.737938	37.884010
1596707737430	1596707737410	-15.717	0.939	-2.501	2.917	-1.300	-5.075	127.737938	37.884010
1596707737447	1596707737425	-15.355	0.877	-1.989	2.743	-1.565	-5.272	127.737938	37.884010
1596707737467	1596707737444	-15.094	0.360	-1.016	2.566	-1.404	-4.965	127.737938	37.884010
1596707737486	1596707737464	-14.213	0.784	-0.685	2.372	-1.440	-4.776	127.737938	37.884010
1596707737507	1596707737484	-12.603	2.183	-0.628	2.054	-1.733	-4.769	127.737938	37.884010
1596707737527	1596707737507	-10.900	1.354	-0.513	1.518	-1.923	-4.388	127.737938	37.884010
1596707737549	1596707737523	-9.362	-0.074	-0.695	0.825	-2.009	-3.626	127.737938	37.884010
1596707737566	1596707737547	-8.993	-1.334	-1.054	-0.061	-1.743	-3.181	127.737938	37.884010
1596707737589	1596707737565	-9.448	-1.286	-1.174	-0.669	-1.198	-2.501	127.737938	37.884010
1596707737608	1596707737588	-9.599	-0.474	-0.966	-1.036	-0.769	-1.973	127.737938	37.884010
1596707737626	1596707737608	-8.610	0.295	-1.098	-1.249	-0.662	-1.689	127.737938	37.884010
1596707737643	1596707737626	-7.496	0.554	-1.852	-1.530	-0.975	-1.564	127.737938	37.884010
1596707737665	1596707737643	-7.270	0.544	-1.562	-1.757	-1.064	-1.383	127.737938	37.884010
1596707737683	1596707737663	-7.611	0.642	-0.638	-1.809	-0.459	-1.016	127.737938	37.884010
1596707737705	1596707737681	-8.471	0.547	-0.096	-1.649	-0.047	-0.614	127.737938	37.884010
1596707737722	1596707737702	-9.786	-0.155	0.591	-1.262	0.203	-0.138	127.737938	37.884010
1596707737744	1596707737720	-10.897	-1.358	1.037	-0.807	0.661	0.591	127.737938	37.884010
1596707737762	1596707737742	-11.316	-2.330	1.499	-0.394	0.815	1.523	127.737938	37.884010
1596707737783	1596707737763	-11.307	-2.153	2.357	0.217	0.762	2.474	127.737938	37.884010
1596707737802	1596707737783	-12.057	-1.013	3.368	0.937	0.868	3.270	127.737938	37.884010
1596707737823	1596707737802	-13.602	0.178	3.904	1.337	1.318	3.912	127.737938	37.884010
1596707737844	1596707737823	-14.891	0.460	3.032	1.106	1.825	4.309	127.737938	37.884010
1596707737871	1596707737840	-14.349	0.563	2.453	0.419	1.988	4.548	127.737938	37.884010
1596707737881	1596707737861	-13.595	-0.028	1.863	-0.142	1.675	4.353	127.737938	37.884010
1596707737901	1596707737879	-13.247	-0.134	1.238	-0.643	1.262	4.131	127.737938	37.884010
1596707737920	1596707737899	-12.016	-0.730	0.292	-1.031	0.892	3.934	127.737938	37.884010
1596707737946	1596707737918	-11.130	-0.448	-0.942	-1.570	0.374	3.749	127.737938	37.884003
1596707737963	1596707737946	-12.109	-0.570	-0.980	-1.959	0.093	3.458	127.737938	37.884003
1596707737980	1596707737963	-13.966	-0.826	-0.587	-2.183	0.287	3.584	127.737938	37.884003
1596707738005	1596707737978	-15.741	-0.936	-0.118	-2.515	0.457	3.671	127.737938	37.884003
1596707738022	1596707737999	-16.946	-2.225	-0.125	-3.115	0.421	3.661	127.737938	37.884003
1596707738041	1596707738021	-16.560	-2.273	-0.420	-3.527	0.143	3.609	127.737938	37.884003
1596707738060	1596707738038	-15.477	-2.968	-0.590	-3.601	-0.393	3.551	127.737938	37.884003
1596707738078	1596707738058	-14.857	-3.253	-0.753	-3.580	-0.623	3.847	127.737938	37.884003
1596707738097	1596707738074	-14.586	-3.217	-0.884	-3.475	-0.666	3.852	127.737938	37.884003
1596707738118	1596707738094	-14.608	-4.292	-1.028	-3.273	-0.588	4.024	127.737938	37.884003
1596707738138	1596707738113	-14.198	-4.359	-1.284	-2.499	-0.391	4.034	127.737938	37.884003
1596707738156	1596707738137	-12.998	-4.005	-1.296	-1.620	-0.364	3.787	127.737938	37.884003
1596707738180	1596707738155	-11.288	-4.426	-0.995	-0.959	-0.370	3.532	127.737938	37.884003
1596707738194	1596707738180	-9.419	-5.200	-0.858	-0.763	-0.404	3.013	127.737938	37.884003
1596707738214	1596707738193	-9.146	-5.468	-1.018	-0.683	-0.459	2.385	127.737938	37.884003
1596707738234	1596707738212	-11.661	-4.932	-0.800	-0.262	-0.002	1.669	127.737938	37.884003
1596707738252	1596707738234	-14.232	-3.863	-0.115	0.336	0.922	0.731	127.737938	37.884003
1596707738278	1596707738252	-13.482	-3.233	-0.424	0.988	1.105	-0.114	127.737938	37.884003
1596707738294	1596707738272	-11.508	-3.308	-1.215	1.368	0.335	-0.837	127.737938	37.884003
1596707738313	1596707738294	-11.695	-3.056	-1.248	1.534	-0.145	-1.563	127.737938	37.884003
1596707738332	1596707738312	-12.485	-2.565	-0.681	1.749	-0.078	-2.333	127.737938	37.884003
1596707738353	1596707738331	-12.440	-2.239	-0.178	2.054	-0.024	-2.861	127.737938	37.884003
1596707738376	1596707738353	-11.946	-2.366	-0.329	2.332	-0.212	-3.253	127.737938	37.884003
1596707738392	1596707738376	-12.703	-2.802	-0.336	2.658	-0.416	-3.449	127.737938	37.884003
1596707738418	1596707738392	-14.431	-2.467	-0.250	3.129	-0.233	-3.604	127.737938	37.884003
1596707738435	1596707738418	-15.923	-2.086	0.040	3.585	0.132	-3.779	127.737938	37.884003
1596707738461	1596707738435	-16.745	-1.111	-0.915	4.196	0.063	-3.865	127.737938	37.884003
1596707738470	1596707738454	-16.613	-0.994	-1.098	4.353	-0.399	-4.053	127.737938	37.884003
1596707738493	1596707738469	-16.948	0.568	-2.068	5.213	-0.738	-4.251	127.737938	37.884003
1596707738509	1596707738493	-17.238	0.628	-1.902	5.347	-1.108	-4.232	127.737938	37.884003
1596707738528	1596707738509	-16.651	0.726	-2.211	5.116	-1.342	-4.480	127.737938	37.884003
1596707738551	1596707738528	-16.558	0.314	-2.039	4.491	-1.762	-4.197	127.737938	37.884003
1596707738575	1596707738548	-16.074	0.827	-1.193	3.677	-2.019	-3.929	127.737938	37.884003
1596707738593	1596707738575	-14.517	0.860	-0.638	2.845	-2.075	-4.066	127.737938	37.884003
1596707738612	1596707738593	-13.123	0.906	-0.690	2.137	-2.402	-3.758	127.737938	37.884003
1596707738632	1596707738612	-12.284	0.302	-0.561	1.133	-2.465	-3.495	127.737938	37.884003
1596707738653	1596707738633	-11.508	-0.167	-0.887	0.042	-2.184	-3.294	127.737938	37.884003
1596707738666	1596707738653	-10.722	-0.239	-1.172	-0.782	-2.137	-3.185	127.737938	37.884003
1596707738690	1596707738665	-10.100	-0.237	-1.208	-1.327	-2.013	-2.956	127.737938	37.884003
1596707738706	1596707738687	-9.414	-0.129	-1.416	-1.676	-1.829	-2.755	127.737938	37.884003
1596707738730	1596707738704	-8.645	-0.313	-1.407	-1.897	-1.743	-2.560	127.737938	37.884003
1596707738751	1596707738729	-7.726	-0.160	-1.186	-1.980	-1.591	-2.211	127.737938	37.884003
1596707738770	1596707738751	-6.978	0.190	-1.098	-1.975	-1.497	-1.963	127.737938	37.884003
1596707738791	1596707738770	-7.153	0.726	-1.138	-1.833	-1.355	-1.623	127.737938	37.884003
1596707738812	1596707738791	-7.596	1.131	-0.479	-1.485	-0.942	-1.084	127.737938	37.884003
1596707738831	1596707738812	-7.512	1.076	-0.580	-1.280	-0.518	-0.496	127.737938	37.884003
1596707738847	1596707738831	-7.536	-0.007	-0.796	-1.453	-0.633	-0.043	127.737938	37.884003
1596707738866	1596707738847	-8.140	-1.070	-0.345	-1.593	-0.448	0.678	127.737938	37.884003
