1596707532086	1596707532184	0.802	2.997	9.167	0.032	-0.004	-0.042	127.738365	37.885841
1596707532106	1596707532204	0.766	2.945	9.182	0.021	-0.001	-0.037	127.738365	37.885841
1596707532126	1596707532225	0.699	2.956	9.138	0.028	0.004	-0.031	127.738365	37.885841
1596707532150	1596707532243	0.714	3.014	9.083	0.041	0.005	-0.033	127.738365	37.885841
1596707532164	1596707532265	0.764	3.040	9.107	0.040	0.005	-0.032	127.738365	37.885841
1596707532189	1596707532286	0.759	3.007	9.098	0.037	-0.006	-0.026	127.738365	37.885841
1596707532204	1596707532303	0.709	2.990	9.062	0.038	-0.025	-0.019	127.738365	37.885841
1596707532226	1596707532322	0.728	2.992	9.057	0.033	-0.032	-0.018	127.738365	37.885841
1596707532243	1596707532341	0.740	3.036	9.086	0.022	-0.029	-0.022	127.738365	37.885841
1596707532265	1596707532361	0.687	3.031	9.069	0.012	-0.027	-0.026	127.738365	37.885841
1596707532287	1596707532380	0.651	3.019	9.059	0.005	-0.017	-0.020	127.738365	37.885841
1596707532304	1596707532401	0.707	3.031	9.091	0.006	-0.016	-0.006	127.738365	37.885841
1596707532324	1596707532421	0.735	3.086	9.071	0.015	-0.021	0.000	127.738365	37.885841
1596707532342	1596707532443	0.707	3.100	9.014	0.019	-0.010	-0.003	127.738365	37.885841
1596707532363	1596707532461	0.716	3.095	9.014	0.016	0.001	-0.005	127.738365	37.885841
1596707532382	1596707532481	0.702	3.083	9.040	0.015	-0.015	-0.005	127.738365	37.885841
1596707532401	1596707532502	0.692	3.062	9.021	0.013	-0.023	-0.001	127.738365	37.885841
1596707532422	1596707532523	0.735	3.081	9.011	0.013	0.001	0.006	127.738365	37.885841
1596707532443	1596707532536	0.762	3.093	9.007	0.019	0.018	0.008	127.738365	37.885841
1596707532461	1596707532560	0.699	3.050	9.023	0.041	0.029	-0.003	127.738365	37.885841
1596707532483	1596707532575	0.721	3.048	9.074	0.086	0.047	-0.016	127.738365	37.885841
1596707532503	1596707532597	0.788	3.086	9.129	0.126	0.027	-0.004	127.738365	37.885841
1596707532525	1596707532615	0.745	3.079	9.182	0.159	0.021	0.015	127.738365	37.885841
1596707532539	1596707532634	0.778	3.024	9.182	0.206	0.035	0.017	127.738365	37.885841
1596707532564	1596707532656	0.846	2.992	9.225	0.223	0.044	0.001	127.738365	37.885841
1596707532578	1596707532674	0.620	2.968	9.347	0.197	0.022	-0.018	127.738365	37.885841
1596707532599	1596707532695	0.568	2.964	9.388	0.156	0.015	-0.031	127.738365	37.885841
1596707532617	1596707532715	0.625	3.069	9.237	0.107	0.004	-0.029	127.738365	37.885841
1596707532639	1596707532733	0.594	3.280	8.992	0.054	-0.020	-0.024	127.738365	37.885841
1596707532656	1596707532755	0.565	3.385	8.817	-0.004	-0.037	-0.018	127.738365	37.885841
1596707532676	1596707532772	0.714	3.400	8.726	-0.028	-0.050	-0.009	127.738365	37.885841
1596707532695	1596707532793	0.690	3.445	8.726	-0.043	-0.047	0.014	127.738365	37.885841
1596707532719	1596707532812	0.659	3.402	8.695	-0.048	-0.043	0.034	127.738365	37.885841
1596707532734	1596707532833	0.781	3.390	8.647	-0.043	-0.031	0.046	127.738365	37.885841
1596707532755	1596707532853	0.786	3.395	8.652	-0.016	-0.020	0.045	127.738365	37.885841
1596707532774	1596707532873	0.757	3.352	8.801	0.011	-0.029	0.037	127.738365	37.885841
1596707532798	1596707532894	0.757	3.335	8.925	0.002	-0.032	0.032	127.738365	37.885841
1596707532814	1596707532913	0.807	3.328	8.897	-0.017	-0.014	0.031	127.738365	37.885841
1596707532834	1596707532931	0.776	3.306	8.920	-0.012	-0.012	0.028	127.738365	37.885841
1596707532853	1596707532956	0.668	3.309	9.007	-0.001	-0.032	0.015	127.738365	37.885841
1596707532874	1596707532971	0.716	3.359	9.064	-0.011	-0.024	0.008	127.738365	37.885841
1596707532910	1596707532990	0.742	3.392	9.069	-0.006	-0.024	0.003	127.738365	37.885841
1596707532913	1596707533014	0.647	3.364	9.047	0.008	-0.034	-0.002	127.738365	37.885841
1596707532944	1596707533029	0.675	3.371	8.997	0.006	-0.027	-0.004	127.738365	37.885841
1596707532956	1596707533047	0.752	3.380	8.992	0.001	-0.009	-0.003	127.738365	37.885841
1596707532972	1596707533067	0.695	3.392	8.978	-0.009	-0.004	-0.002	127.738365	37.885841
1596707532991	1596707533086	0.651	3.316	8.925	-0.025	0.001	0.001	127.738365	37.885841
1596707533016	1596707533108	0.740	3.277	8.892	-0.033	-0.002	0.009	127.738365	37.885841
1596707533031	1596707533126	0.754	3.323	8.858	-0.034	-0.003	0.018	127.738365	37.885841
1596707533050	1596707533146	0.690	3.349	8.820	-0.048	0.019	0.026	127.738365	37.885841
1596707533069	1596707533165	0.764	3.352	8.803	-0.053	0.025	0.017	127.738365	37.885841
1596707533091	1596707533187	0.807	3.316	8.825	-0.038	0.011	-0.003	127.738365	37.885841
1596707533109	1596707533205	0.795	3.357	8.849	-0.029	-0.022	-0.014	127.738365	37.885841
1596707533129	1596707533225	0.896	3.445	8.940	-0.048	-0.052	-0.013	127.738365	37.885841
1596707533147	1596707533246	0.932	3.450	8.956	-0.074	-0.074	-0.010	127.738365	37.885841
1596707533169	1596707533267	0.910	3.404	8.928	-0.079	-0.073	-0.021	127.738365	37.885841
1596707533189	1596707533286	0.850	3.371	8.935	-0.069	-0.055	-0.042	127.738365	37.885841
1596707533207	1596707533305	0.814	3.330	8.973	-0.060	-0.044	-0.054	127.738365	37.885841
1596707533227	1596707533325	0.865	3.299	9.000	-0.039	-0.048	-0.067	127.738365	37.885841
1596707533246	1596707533344	0.898	3.304	8.973	-0.025	-0.040	-0.078	127.738365	37.885841
1596707533267	1596707533364	0.917	3.270	8.971	-0.031	-0.025	-0.087	127.738365	37.885841
1596707533287	1596707533382	0.903	3.206	8.983	-0.046	-0.022	-0.092	127.738365	37.885841
1596707533305	1596707533402	0.862	3.196	8.930	-0.061	-0.029	-0.101	127.738365	37.885841
1596707533326	1596707533422	0.829	3.246	8.885	-0.066	-0.032	-0.113	127.738365	37.885841
1596707533346	1596707533444	0.838	3.232	8.906	-0.062	0.033	-0.142	127.738365	37.885841
1596707533367	1596707533464	0.867	3.258	8.906	-0.108	0.145	-0.116	127.738365	37.885841
1596707533384	1596707533482	0.850	3.292	8.834	-0.130	0.077	-0.032	127.738365	37.885841
1596707533404	1596707533501	0.848	3.282	8.753	-0.156	-0.009	-0.010	127.738365	37.885841
1596707533424	1596707533523	0.996	3.345	8.722	-0.125	0.075	-0.387	127.738365	37.885841
1596707533444	1596707533541	1.164	3.426	8.731	-0.583	-0.219	-0.450	127.738365	37.885841
1596707533465	1596707533564	0.709	3.438	8.635	-1.389	-0.583	-0.407	127.738365	37.885841
1596707533484	1596707533582	0.575	3.297	8.492	-1.304	0.035	0.491	127.738365	37.885841
1596707533503	1596707533604	1.150	3.045	8.300	-1.350	0.386	0.821	127.738365	37.885841
1596707533525	1596707533619	-0.460	3.203	8.135	-2.020	0.394	0.938	127.738365	37.885841
1596707533545	1596707533644	-0.700	5.177	7.967	-2.609	0.515	1.362	127.738365	37.885841
1596707533567	1596707533659	2.695	3.565	6.065	-3.120	0.805	1.754	127.738365	37.885841
1596707533584	1596707533682	1.174	3.127	5.600	-3.579	1.135	2.196	127.738365	37.885841
1596707533605	1596707533698	-0.400	3.812	5.670	-3.910	1.433	2.570	127.738365	37.885841
1596707533621	1596707533718	-0.616	3.618	4.757	-3.447	1.467	2.709	127.738365	37.885841
1596707533646	1596707533737	-0.565	3.012	3.998	-2.151	1.243	2.810	127.738365	37.885841
1596707533661	1596707533755	-0.721	2.710	3.490	-0.900	1.194	3.361	127.738365	37.885841
1596707533683	1596707533779	-1.533	1.967	3.317	-0.755	1.837	3.755	127.738365	37.885841
1596707533702	1596707533797	-3.186	-0.436	4.352	-1.489	2.696	3.994	127.738365	37.885841
1596707533725	1596707533814	-5.632	-5.825	5.722	-2.190	3.074	4.237	127.738365	37.885841
1596707533742	1596707533836	-5.905	-6.676	5.849	-2.789	3.388	4.424	127.738365	37.885841
1596707533759	1596707533855	-4.166	-2.702	6.096	-3.645	3.841	4.761	127.738365	37.885841
1596707533779	1596707533876	-3.874	-0.359	5.548	-4.505	4.096	5.008	127.738365	37.885841
1596707533801	1596707533898	-5.694	-0.388	5.251	-4.807	4.187	5.078	127.738365	37.885841
1596707533817	1596707533915	-7.898	-1.578	5.263	-4.573	4.219	5.151	127.738365	37.885841
1596707533837	1596707533941	-9.323	-1.595	5.054	-4.466	4.134	5.170	127.738365	37.885841
1596707533856	1596707533956	-10.718	-1.751	4.862	-5.107	4.054	5.071	127.738365	37.885841
1596707533876	1596707533980	-12.576	-4.170	4.795	-6.351	4.183	4.990	127.738365	37.885841
1596707533900	1596707533991	-14.514	-6.455	4.910	-7.104	4.144	4.848	127.738365	37.885841
1596707533915	1596707534015	-15.784	-6.297	4.515	-7.089	3.615	4.661	127.738365	37.885841
1596707533956	1596707534032	-16.064	-5.001	3.483	-6.859	2.699	4.515	127.738365	37.885841
1596707533956	1596707534052	-15.892	-3.598	2.108	-7.172	1.833	4.236	127.738365	37.885841
1596707533980	1596707534070	-16.646	-3.523	0.103	-7.259	0.840	3.841	127.738365	37.885841
1596707533994	1596707534095	-18.247	-4.252	-0.853	-6.316	-0.432	3.526	127.738365	37.885841
1596707534015	1596707534110	-19.602	-4.570	-0.453	-4.640	-1.318	3.092	127.738365	37.885841
1596707534032	1596707534210	-20.055	-4.654	-0.654	-2.769	-1.262	2.455	127.738365	37.885841
1596707534055	1596707534210	-19.813	-5.703	-1.792	-1.135	-0.618	1.689	127.738365	37.885841
1596707534072	1596707534210	-18.541	-7.411	-2.518	-0.344	-0.119	0.951	127.738365	37.885841
1596707534097	1596707534210	-16.040	-8.396	-3.306	-0.079	0.025	0.509	127.738365	37.885841
1596707534114	1596707534210	-12.957	-8.274	-3.783	-0.140	0.141	0.287	127.738365	37.885841
1596707534210	1596707534257	-10.631	-7.572	-3.450	-0.931	0.222	0.014	127.738365	37.885841
1596707534210	1596707534257	-9.743	-6.626	-2.185	-2.026	0.077	-0.226	127.738365	37.885841
1596707534210	1596707534267	-9.678	-5.035	-0.915	-2.607	-0.005	-0.361	127.738365	37.885841
1596707534257	1596707534294	-9.853	-4.192	1.207	-2.558	0.131	-0.595	127.738365	37.885841
1596707534257	1596707534305	-9.563	-3.933	1.008	-2.054	0.283	-1.035	127.738365	37.885841
1596707534270	1596707534325	-9.520	-5.265	-0.238	-1.300	0.475	-1.560	127.738365	37.885841
1596707534296	1596707534347	-9.695	-7.069	-0.506	-0.467	0.662	-2.041	127.738365	37.885841
1596707534380	1596707534375	-12.253	-5.109	-0.233	0.075	0.756	-2.473	127.738365	37.885841
1596707534388	1596707534385	-13.012	-4.865	-0.079	0.556	0.889	-2.800	127.738365	37.885841
1596707534410	1596707534405	-13.690	-4.383	0.009	0.980	1.018	-3.113	127.738365	37.885841
1596707534426	1596707534426	-14.086	-3.866	0.273	1.393	1.060	-3.400	127.738365	37.885841
1596707534446	1596707534444	-14.294	-3.267	0.373	1.743	0.967	-3.570	127.738365	37.885841
1596707534466	1596707534463	-14.505	-2.855	0.392	2.070	0.856	-3.614	127.738365	37.885841
1596707534485	1596707534484	-14.840	-2.802	0.661	2.235	0.816	-3.808	127.738365	37.885841
1596707534505	1596707534503	-14.881	-2.560	0.793	2.384	0.665	-4.082	127.738365	37.885841
1596707534525	1596707534525	-14.028	-1.739	0.955	2.522	0.270	-4.155	127.738365	37.885841
1596707534544	1596707534542	-13.024	-1.286	1.044	2.495	-0.093	-4.063	127.738365	37.885841
1596707534567	1596707534564	-12.517	-1.178	0.682	2.295	-0.249	-3.877	127.738365	37.885841
1596707534585	1596707534582	-12.119	-1.188	0.716	2.084	-0.293	-3.666	127.738365	37.885841
1596707534606	1596707534604	-11.213	-0.764	1.226	1.755	-0.516	-3.385	127.738365	37.885841
1596707534623	1596707534621	-9.853	-0.637	1.796	1.396	-0.788	-2.973	127.738365	37.885841
1596707534645	1596707534644	-8.538	-0.642	1.605	1.155	-0.948	-2.488	127.738365	37.885841
1596707534664	1596707534661	-7.539	-0.143	1.657	0.769	-0.710	-2.054	127.738365	37.885841
1596707534684	1596707534683	-7.292	-0.337	2.347	0.450	-0.380	-1.545	127.738365	37.885841
1596707534703	1596707534702	-7.635	-0.785	2.529	0.434	-0.217	-0.990	127.738365	37.885841
1596707534722	1596707534722	-7.841	-0.565	2.436	0.564	-0.157	-0.499	127.738365	37.885841
1596707534746	1596707534746	-7.697	0.034	2.268	0.472	-0.194	0.046	127.738365	37.885841
1596707534765	1596707534765	-7.572	0.262	2.340	0.091	-0.131	0.664	127.738365	37.885841
1596707534782	1596707534779	-7.917	-0.146	2.752	-0.340	0.086	1.324	127.738365	37.885841
1596707534801	1596707534801	-8.370	-0.476	3.018	-0.644	0.208	1.907	127.738365	37.885841
1596707534821	1596707534819	-8.583	-0.325	2.958	-0.927	0.146	2.402	127.738365	37.885841
1596707534840	1596707534837	-8.744	-0.107	2.441	-1.331	0.078	2.851	127.738365	37.885841
1596707534861	1596707534858	-9.326	-0.474	1.799	-1.731	0.186	3.318	127.738365	37.885841
1596707534880	1596707534878	-10.461	-0.876	1.523	-1.961	0.332	3.742	127.738365	37.885841
1596707534899	1596707534898	-11.846	-1.080	1.135	-2.212	0.388	4.075	127.738365	37.885841
1596707534919	1596707534918	-13.305	-1.631	0.539	-2.459	0.363	4.360	127.738365	37.885841
1596707534952	1596707534951	-14.673	-2.132	0.148	-2.621	0.228	4.589	127.738365	37.885841
1596707534957	1596707534955	-15.760	-2.448	0.213	-2.744	-0.032	4.739	127.738365	37.885841
1596707534996	1596707534978	-16.539	-2.453	-0.647	-3.018	-0.361	4.829	127.738365	37.885838
1596707534996	1596707534996	-16.852	-2.726	-1.677	-3.462	-0.668	4.811	127.738365	37.885838
1596707535022	1596707535017	-16.268	-3.190	-2.492	-4.108	-1.107	4.558	127.738365	37.885838
1596707535036	1596707535034	-15.068	-4.129	-2.597	-4.622	-1.531	4.268	127.738365	37.885838
1596707535057	1596707535054	-13.592	-6.211	-2.906	-4.636	-1.670	3.981	127.738365	37.885838
1596707535075	1596707535073	-11.582	-8.652	-3.261	-4.382	-1.624	3.371	127.738365	37.885838
1596707535096	1596707535095	-9.079	-9.459	-2.082	-3.956	-1.237	2.597	127.738365	37.885838
1596707535115	1596707535114	-7.862	-8.338	-0.652	-2.977	-0.542	1.816	127.738365	37.885838
1596707535134	1596707535134	-9.141	-5.773	0.076	-1.616	0.343	1.077	127.738365	37.885838
1596707535159	1596707535156	-11.491	-4.156	0.335	-0.557	0.881	0.512	127.738365	37.885838
1596707535173	1596707535172	-11.743	-4.489	0.297	-0.356	0.712	0.108	127.738365	37.885838
1596707535193	1596707535191	-10.792	-5.809	0.587	-0.897	0.338	-0.346	127.738365	37.885838
1596707535213	1596707535211	-10.143	-6.139	-0.973	-1.545	0.262	-0.825	127.738365	37.885838
1596707535232	1596707535230	-10.600	-6.994	-2.729	-1.583	0.657	-1.138	127.738365	37.885838
1596707535255	1596707535250	-11.860	-7.572	-2.554	-1.239	1.207	-1.524	127.738365	37.885838
1596707535272	1596707535271	-12.713	-7.229	-2.051	-0.563	1.285	-1.880	127.738365	37.885838
1596707535292	1596707535292	-12.572	-6.602	-2.362	0.091	1.137	-2.291	127.738365	37.885838
1596707535312	1596707535311	-12.414	-6.048	-2.614	0.588	1.327	-2.723	127.738365	37.885838
1596707535331	1596707535331	-13.271	-5.921	-2.005	1.288	1.811	-3.063	127.738365	37.885838
1596707535350	1596707535351	-15.192	-5.581	-1.454	1.877	2.331	-3.476	127.738365	37.885838
1596707535373	1596707535370	-16.682	-4.455	-1.304	2.004	2.380	-3.926	127.738365	37.885838
1596707535395	1596707535392	-15.964	-3.741	-1.677	2.000	1.890	-4.085	127.738365	37.885838
1596707535411	1596707535408	-15.188	-4.261	-1.967	1.911	1.693	-4.179	127.738365	37.885838
1596707535429	1596707535427	-14.644	-5.092	-2.899	1.869	1.769	-4.372	127.738365	37.885838
1596707535448	1596707535447	-13.995	-6.087	-3.062	1.928	1.791	-4.422	127.738365	37.885838
1596707535470	1596707535467	-13.264	-7.428	-2.676	2.540	1.559	-4.291	127.738365	37.885838
1596707535488	1596707535488	-12.608	-6.666	-2.485	3.207	1.524	-4.479	127.738365	37.885838
1596707535509	1596707535508	-11.968	-4.180	-1.684	2.511	1.410	-4.721	127.738365	37.885838
1596707535527	1596707535527	-11.134	-5.009	-1.557	1.858	1.181	-4.381	127.738365	37.885838
1596707535547	1596707535548	-10.406	-6.142	-1.335	1.440	1.146	-4.132	127.738365	37.885838
1596707535567	1596707535566	-9.558	-5.758	-1.287	1.568	1.010	-4.037	127.738365	37.885838
1596707535588	1596707535587	-8.444	-4.460	-0.604	1.644	0.907	-3.892	127.738365	37.885838
1596707535609	1596707535605	-7.297	-3.444	-0.027	1.495	0.756	-3.607	127.738365	37.885838
1596707535625	1596707535623	-6.080	-3.152	0.282	1.223	0.585	-3.188	127.738365	37.885838
1596707535645	1596707535644	-4.877	-3.219	0.495	0.914	0.493	-2.710	127.738365	37.885838
1596707535666	1596707535663	-3.780	-3.241	0.867	0.759	0.570	-2.248	127.738365	37.885838
1596707535684	1596707535684	-3.162	-2.896	1.147	0.782	0.723	-1.735	127.738365	37.885838
1596707535705	1596707535703	-2.774	-2.321	1.142	0.791	0.765	-1.203	127.738365	37.885838
1596707535724	1596707535724	-2.333	-1.945	1.252	0.693	0.777	-0.620	127.738365	37.885838
1596707535744	1596707535744	-1.996	-1.624	1.578	0.585	0.812	-0.045	127.738365	37.885838
1596707535764	1596707535764	-2.055	-1.418	1.842	0.495	0.874	0.550	127.738365	37.885838
1596707535788	1596707535786	-2.566	-1.473	1.765	0.399	0.936	1.204	127.738365	37.885838
1596707535806	1596707535802	-3.323	-1.633	1.600	0.345	0.987	1.913	127.738365	37.885838
1596707535824	1596707535824	-4.278	-1.949	1.571	0.327	0.976	2.678	127.738365	37.885838
1596707535843	1596707535842	-5.531	-1.652	1.458	0.401	1.161	3.034	127.738365	37.885838
1596707535864	1596707535861	-7.141	-1.272	2.115	0.507	1.284	3.771	127.738365	37.885838
1596707535883	1596707535881	-8.926	-1.063	1.909	0.458	1.062	4.547	127.738365	37.885838
1596707535903	1596707535902	-10.967	-0.965	1.791	0.220	1.080	5.143	127.738365	37.885838
1596707535922	1596707535922	-13.659	-0.673	1.413	-0.303	0.903	5.646	127.738365	37.885838
1596707535943	1596707535941	-16.112	-1.159	0.503	-0.807	1.084	6.122	127.738365	37.885838
1596707535963	1596707535959	-19.579	-2.357	0.170	-0.975	1.380	6.792	127.738373	37.885830
1596707535992	1596707535990	-22.832	-2.702	-0.846	-0.858	0.968	7.019	127.738373	37.885830
1596707536000	1596707535998	-24.631	-1.976	-0.621	-0.987	0.357	6.955	127.738373	37.885830
1596707536025	1596707536021	-24.614	-2.534	0.009	-1.401	-0.041	7.076	127.738373	37.885830
1596707536040	1596707536037	-21.418	-4.029	0.936	-1.577	-0.389	6.423	127.738373	37.885830
1596707536065	1596707536061	-16.088	-0.855	-0.254	-2.742	-1.008	5.335	127.738373	37.885830
1596707536080	1596707536076	-13.757	-4.606	-0.827	-2.830	-0.499	5.299	127.738373	37.885830
1596707536101	1596707536101	-13.573	-5.322	-0.135	0.041	-0.571	3.302	127.738373	37.885830
1596707536120	1596707536118	-14.026	-3.111	0.325	2.550	-0.180	3.248	127.738373	37.885830
1596707536138	1596707536137	-15.501	1.258	1.202	-0.181	1.200	3.099	127.738373	37.885830
1596707536158	1596707536157	-16.503	-3.990	1.664	-0.304	0.939	2.636	127.738373	37.885830
1596707536176	1596707536176	-14.153	-5.425	-0.051	-0.247	-0.254	1.637	127.738373	37.885830
1596707536196	1596707536195	-11.479	-3.554	-0.065	1.119	-0.572	0.583	127.738373	37.885830
1596707536220	1596707536215	-10.231	-2.647	0.476	1.290	-0.309	0.795	127.738373	37.885830
1596707536236	1596707536234	-9.580	-0.780	1.430	-0.328	0.087	0.647	127.738373	37.885830
1596707536256	1596707536253	-8.705	-3.447	1.688	-0.471	-0.200	0.708	127.738373	37.885830
1596707536274	1596707536273	-7.800	-3.344	1.494	-1.019	-0.301	0.489	127.738373	37.885830
1596707536294	1596707536293	-7.476	-3.396	1.700	-0.892	-0.227	0.397	127.738373	37.885830
1596707536315	1596707536313	-7.441	-3.617	1.478	-0.852	-0.135	0.213	127.738373	37.885830
1596707536333	1596707536334	-7.922	-4.000	1.205	-0.743	0.002	0.034	127.738373	37.885830
1596707536355	1596707536353	-8.542	-4.422	1.126	-0.407	0.062	-0.116	127.738373	37.885830
1596707536373	1596707536373	-8.763	-4.541	1.154	0.136	-0.011	-0.354	127.738373	37.885830
1596707536393	1596707536393	-8.516	-4.285	1.099	0.690	-0.190	-0.656	127.738373	37.885830
1596707536415	1596707536414	-8.178	-3.806	0.908	1.051	-0.264	-0.993	127.738373	37.885830
1596707536434	1596707536432	-8.432	-3.456	0.551	1.196	-0.160	-1.294	127.738373	37.885830
1596707536452	1596707536450	-9.338	-3.190	0.186	1.216	0.061	-1.667	127.738373	37.885830
1596707536474	1596707536471	-10.761	-2.946	0.093	1.172	0.316	-2.040	127.738373	37.885830
1596707536492	1596707536490	-12.301	-2.486	0.179	1.040	0.486	-2.444	127.738373	37.885830
1596707536512	1596707536511	-13.975	-2.282	-0.209	0.978	0.483	-2.853	127.738373	37.885830
1596707536530	1596707536530	-16.416	-2.376	-0.676	1.048	0.433	-3.154	127.738373	37.885830
1596707536552	1596707536552	-19.892	-2.656	-0.853	1.187	0.631	-3.409	127.738373	37.885830
1596707536570	1596707536570	-21.873	-2.256	-0.106	1.369	0.492	-3.880	127.738373	37.885830
1596707536591	1596707536591	-19.526	-1.691	0.033	1.633	-0.432	-4.146	127.738373	37.885830
1596707536611	1596707536610	-15.566	-1.305	-0.398	1.871	-0.950	-4.202	127.738373	37.885830
1596707536632	1596707536629	-13.353	-1.207	-0.690	2.114	-0.912	-4.148	127.738373	37.885830
1596707536649	1596707536646	-12.402	-1.537	-1.562	1.897	-0.698	-4.059	127.738373	37.885830
1596707536669	1596707536666	-13.058	-2.342	-1.404	1.860	-0.201	-3.907	127.738373	37.885830
1596707536688	1596707536686	-14.816	-2.247	-1.502	1.659	-0.032	-3.700	127.738373	37.885830
1596707536709	1596707536707	-14.740	-1.636	-1.150	1.519	-0.076	-3.384	127.738373	37.885830
1596707536727	1596707536727	-12.615	-1.755	-1.368	1.417	-0.422	-2.975	127.738373	37.885830
1596707536748	1596707536747	-10.706	-1.849	-1.680	1.218	-0.491	-2.685	127.738373	37.885830
1596707536767	1596707536766	-10.543	-2.110	-1.153	1.019	-0.091	-2.451	127.738373	37.885830
1596707536786	1596707536786	-11.086	-2.649	-0.894	0.944	0.062	-2.292	127.738373	37.885830
1596707536811	1596707536809	-10.744	-2.218	-0.987	1.048	-0.086	-2.286	127.738373	37.885830
1596707536825	1596707536825	-9.862	-1.581	-0.367	1.231	-0.219	-2.211	127.738373	37.885830
1596707536846	1596707536844	-9.149	-1.609	0.280	1.247	-0.305	-2.152	127.738373	37.885830
1596707536865	1596707536863	-8.542	-1.509	-0.209	1.003	-0.410	-2.080	127.738373	37.885830
1596707536884	1596707536883	-7.857	-1.276	-0.508	0.804	-0.413	-1.929	127.738373	37.885830
1596707536905	1596707536902	-7.088	-0.752	-0.353	0.696	-0.365	-1.706	127.738373	37.885830
1596707536924	1596707536924	-6.516	0.017	0.206	0.593	-0.203	-1.400	127.738373	37.885830
1596707536950	1596707536950	-6.157	0.233	0.931	0.403	-0.125	-0.862	127.738373	37.885830
1596707536971	1596707536971	-5.824	-0.153	0.850	0.237	-0.184	-0.305	127.738380	37.885822
1596707536990	1596707536986	-5.419	-0.337	0.893	0.077	-0.131	0.149	127.738380	37.885822
1596707537008	1596707537002	-5.721	-0.864	1.329	-0.050	0.106	0.651	127.738380	37.885822
1596707537026	1596707537024	-7.120	-1.070	1.700	-0.140	0.403	1.125	127.738380	37.885822
1596707537044	1596707537042	-8.614	-0.924	1.626	-0.170	0.547	1.618	127.738380	37.885822
1596707537067	1596707537065	-9.937	-0.574	0.893	-0.231	0.622	2.134	127.738380	37.885822
1596707537084	1596707537082	-11.901	-0.100	0.316	-0.436	0.967	2.701	127.738380	37.885822
1596707537106	1596707537104	-14.426	0.163	0.189	-0.821	1.289	3.308	127.738380	37.885822
1596707537122	1596707537122	-16.668	-0.158	0.002	-1.469	1.233	3.865	127.738380	37.885822
1596707537143	1596707537142	-17.722	-1.355	0.773	-1.966	0.846	4.397	127.738380	37.885822
1596707537162	1596707537160	-16.313	-2.618	1.126	-2.359	0.212	4.647	127.738380	37.885822
1596707537182	1596707537180	-13.645	-3.001	0.941	-2.319	-0.326	4.782	127.738380	37.885822
1596707537201	1596707537200	-12.320	-2.563	0.163	-2.335	-0.539	5.347	127.738380	37.885822
1596707537221	1596707537219	-12.969	-3.327	0.486	-2.513	0.231	5.484	127.738380	37.885822
1596707537240	1596707537237	-15.192	-3.595	1.221	-2.371	0.884	4.633	127.738380	37.885822
1596707537260	1596707537257	-17.914	-4.105	1.284	-1.103	0.732	4.275	127.738380	37.885822
1596707537279	1596707537276	-18.546	-2.742	1.140	0.300	0.243	3.805	127.738380	37.885822
1596707537299	1596707537296	-15.717	-2.244	0.306	0.694	-0.152	3.388	127.738380	37.885822
1596707537319	1596707537315	-12.749	-1.791	0.019	0.439	-0.255	2.779	127.738380	37.885822
1596707537339	1596707537336	-10.773	-1.973	0.299	-0.233	-0.284	2.601	127.738380	37.885822
1596707537357	1596707537355	-9.381	-2.683	0.773	-0.544	-0.058	2.302	127.738380	37.885822
1596707537376	1596707537376	-9.153	-2.055	1.681	-0.841	0.328	1.796	127.738380	37.885822
1596707537396	1596707537396	-9.534	-1.916	1.478	-1.317	0.372	1.520	127.738380	37.885822
1596707537417	1596707537416	-10.203	-2.728	0.630	-1.804	0.431	1.341	127.738380	37.885822
1596707537442	1596707537437	-10.744	-3.061	0.270	-2.030	0.415	0.994	127.738380	37.885822
1596707537456	1596707537454	-10.375	-3.059	-0.199	-1.995	0.066	0.736	127.738380	37.885822
1596707537476	1596707537474	-9.378	-3.404	-0.611	-1.749	-0.172	0.608	127.738380	37.885822
1596707537494	1596707537492	-8.538	-3.768	-0.336	-1.228	-0.171	0.518	127.738380	37.885822
1596707537516	1596707537512	-7.994	-4.886	-0.422	-0.420	-0.248	0.704	127.738380	37.885822
1596707537535	1596707537533	-7.958	-6.271	-0.089	0.969	-0.163	0.891	127.738380	37.885822
1596707537554	1596707537554	-8.578	-5.852	0.680	2.333	0.271	0.525	127.738380	37.885822
1596707537573	1596707537573	-9.774	-3.638	1.523	2.929	0.706	0.039	127.738380	37.885822
1596707537593	1596707537593	-11.360	-1.044	2.975	2.394	0.961	-0.417	127.738380	37.885822
1596707537614	1596707537612	-12.440	0.082	2.939	1.051	0.811	-0.967	127.738380	37.885822
1596707537633	1596707537633	-13.211	-1.511	2.762	0.115	0.732	-1.328	127.738380	37.885822
1596707537655	1596707537654	-13.168	-3.372	2.515	-0.344	0.469	-1.728	127.738380	37.885822
1596707537673	1596707537669	-12.991	-4.297	1.523	-0.050	0.078	-2.271	127.738380	37.885822
1596707537691	1596707537689	-13.916	-3.995	0.845	0.480	0.287	-2.587	127.738380	37.885822
1596707537711	1596707537709	-14.970	-5.021	0.857	1.565	0.189	-2.686	127.738380	37.885822
1596707537731	1596707537728	-14.886	-4.575	0.428	2.678	-0.432	-2.857	127.738380	37.885822
1596707537750	1596707537749	-15.185	-2.702	0.182	3.415	-0.763	-3.042	127.738380	37.885822
1596707537771	1596707537769	-15.475	-0.831	-0.652	3.849	-1.027	-3.104	127.738380	37.885822
1596707537789	1596707537789	-16.256	-1.104	-0.772	4.022	-1.266	-3.011	127.738380	37.885822
1596707537810	1596707537809	-16.551	-0.754	-0.726	3.758	-1.456	-3.183	127.738380	37.885822
1596707537833	1596707537833	-16.040	-0.488	-0.537	3.600	-1.745	-3.128	127.738380	37.885822
1596707537848	1596707537848	-15.511	-0.287	-0.518	3.173	-1.867	-3.179	127.738380	37.885822
1596707537869	1596707537866	-15.041	-0.186	-0.702	2.355	-1.927	-3.296	127.738380	37.885822
1596707537889	1596707537885	-14.205	-0.517	-0.781	1.540	-1.896	-3.369	127.738380	37.885822
1596707537908	1596707537905	-13.480	-0.951	-1.006	0.861	-1.872	-3.310	127.738380	37.885822
1596707537928	1596707537925	-12.727	-0.780	-1.124	0.235	-1.855	-3.365	127.738380	37.885822
1596707537952	1596707537944	-11.853	-1.130	-1.162	-0.071	-1.760	-3.304	127.738380	37.885822
1596707537967	1596707537966	-10.952	-1.070	-1.241	-0.382	-1.694	-3.274	127.738380	37.885818
1596707537992	1596707537986	-9.927	-0.876	-1.246	-0.651	-1.610	-3.257	127.738380	37.885818
1596707538012	1596707538004	-8.998	-1.008	-1.083	-0.791	-1.424	-3.139	127.738380	37.885818
1596707538028	1596707538024	-8.205	-0.977	-0.786	-0.795	-1.243	-2.946	127.738380	37.885818
1596707538045	1596707538043	-7.366	-0.773	-0.556	-0.610	-1.163	-2.635	127.738380	37.885818
1596707538068	1596707538065	-6.554	0.084	-0.616	-0.333	-1.046	-2.334	127.738380	37.885818
1596707538086	1596707538084	-6.094	1.402	-0.702	-0.108	-0.810	-1.833	127.738380	37.885818
1596707538107	1596707538105	-6.001	1.761	-0.623	0.038	-0.537	-1.227	127.738380	37.885818
1596707538124	1596707538122	-6.765	1.148	-0.484	-0.050	-0.120	-0.680	127.738380	37.885818
1596707538143	1596707538144	-8.708	0.906	-0.467	-0.250	0.492	-0.065	127.738380	37.885818
1596707538165	1596707538164	-10.478	0.978	-0.158	-0.435	0.944	0.706	127.738380	37.885818
1596707538184	1596707538184	-11.249	0.424	0.428	-0.616	0.877	1.630	127.738380	37.885818
1596707538204	1596707538204	-11.106	-0.601	1.308	-0.676	0.718	2.491	127.738380	37.885818
1596707538224	1596707538224	-10.341	-1.291	2.189	-0.637	0.700	3.122	127.738380	37.885818
1596707538245	1596707538244	-9.968	-1.401	1.863	-0.666	0.786	3.567	127.738380	37.885818
1596707538264	1596707538261	-10.670	-0.812	1.183	-0.863	1.251	3.838	127.738380	37.885818
1596707538283	1596707538281	-12.445	-0.421	0.888	-1.110	1.738	4.130	127.738380	37.885818
1596707538303	1596707538300	-14.610	-0.438	0.728	-1.287	1.954	4.392	127.738380	37.885818
1596707538322	1596707538320	-16.778	-0.886	0.517	-1.207	1.930	4.575	127.738380	37.885818
1596707538341	1596707538340	-18.505	-1.490	0.309	-1.038	1.729	4.670	127.738380	37.885818
1596707538362	1596707538360	-18.560	-2.151	-0.058	-0.916	1.201	4.644	127.738380	37.885818
1596707538381	1596707538381	-16.591	-2.570	-0.566	-0.847	0.587	4.392	127.738380	37.885818
1596707538401	1596707538401	-14.577	-2.373	-1.071	-0.832	0.205	4.157	127.738380	37.885818
1596707538421	1596707538419	-13.513	-2.488	-0.527	-0.849	0.368	3.940	127.738380	37.885818
1596707538447	1596707538447	-13.480	-2.338	0.218	-1.028	0.649	3.781	127.738380	37.885818
1596707538463	1596707538457	-13.666	-2.733	0.970	-0.842	0.789	3.538	127.738380	37.885818
1596707538483	1596707538479	-13.542	-2.560	1.310	-0.745	0.852	3.218	127.738380	37.885818
1596707538499	1596707538495	-13.341	-2.261	1.274	-1.005	0.862	3.066	127.738380	37.885818
1596707538523	1596707538519	-12.809	-2.774	1.087	-1.393	0.826	2.852	127.738380	37.885818
1596707538536	1596707538534	-12.002	-3.463	0.991	-1.468	0.656	2.581	127.738380	37.885818
1596707538561	1596707538556	-10.730	-3.504	1.276	-1.548	0.575	2.387	127.738380	37.885818
1596707538576	1596707538574	-10.392	-3.698	1.403	-1.539	0.647	2.167	127.738380	37.885818
1596707538599	1596707538594	-11.154	-3.787	1.775	-1.615	0.728	1.969	127.738380	37.885818
1596707538616	1596707538615	-12.018	-4.213	1.612	-1.743	0.650	1.685	127.738380	37.885818
1596707538634	1596707538634	-13.147	-5.519	1.389	-1.648	0.618	1.279	127.738380	37.885818
1596707538655	1596707538653	-13.508	-6.340	1.983	-1.336	0.526	0.592	127.738380	37.885818
1596707538677	1596707538676	-12.299	-6.046	2.057	-0.686	0.040	-0.215	127.738380	37.885818
1596707538696	1596707538692	-10.459	-4.944	2.170	-0.041	-0.334	-0.935	127.738380	37.885818
1596707538714	1596707538712	-9.014	-3.835	2.230	0.465	-0.438	-1.642	127.738380	37.885818
1596707538733	1596707538731	-8.423	-3.547	1.779	0.795	-0.441	-2.239	127.738380	37.885818
1596707538754	1596707538751	-9.395	-3.406	1.013	0.912	-0.245	-2.722	127.738380	37.885818
1596707538773	1596707538772	-11.726	-3.198	0.740	0.896	0.187	-3.018	127.738380	37.885818
1596707538793	1596707538791	-14.524	-3.214	0.915	0.973	0.432	-3.143	127.738380	37.885818
1596707538813	1596707538813	-16.591	-3.219	0.965	1.273	0.117	-3.283	127.738380	37.885818
1596707538833	1596707538833	-17.514	-2.999	0.879	1.598	-0.471	-3.578	127.738380	37.885818
1596707538856	1596707538851	-16.472	-2.084	0.651	1.940	-1.066	-3.763	127.738380	37.885818
1596707538875	1596707538875	-15.034	-1.008	0.678	2.094	-1.261	-3.744	127.738380	37.885818
1596707538891	1596707538889	-14.390	-0.816	0.012	1.873	-1.252	-3.574	127.738380	37.885818
1596707538911	1596707538909	-14.905	-2.254	-0.221	2.134	-1.058	-3.520	127.738380	37.885818
1596707538930	1596707538928	-15.106	-0.917	-0.551	2.966	-1.106	-3.663	127.738380	37.885818
1596707538950	1596707538947	-14.584	-0.706	-0.400	3.101	-1.379	-3.671	127.738380	37.885818
1596707538975	1596707538975	-13.741	0.238	-0.317	1.946	-1.414	-3.817	127.738373	37.885815
1596707538991	1596707538989	-12.713	-0.294	-1.136	1.208	-1.780	-3.412	127.738373	37.885815
1596707539013	1596707539011	-11.647	-0.936	-1.234	0.905	-1.758	-3.300	127.738373	37.885815
1596707539028	1596707539026	-10.948	-1.413	-1.854	1.271	-1.712	-3.129	127.738373	37.885815
1596707539048	1596707539046	-9.757	0.151	-0.647	1.436	-1.438	-2.855	127.738373	37.885815
1596707539068	1596707539065	-9.381	-0.158	-0.055	0.393	-1.405	-2.465	127.738373	37.885815
1596707539088	1596707539085	-9.522	-1.660	-0.578	-0.636	-1.313	-2.200	127.738373	37.885815
1596707539107	1596707539105	-9.676	-2.160	-0.765	-0.573	-1.070	-2.063	127.738373	37.885815
1596707539126	1596707539124	-9.659	-0.574	-0.839	-0.207	-0.943	-1.763	127.738373	37.885815
1596707539147	1596707539145	-9.987	0.482	-1.610	-0.062	-0.788	-1.409	127.738373	37.885815
1596707539166	1596707539166	-10.957	1.371	-2.132	-0.227	-0.298	-1.068	127.738373	37.885815
1596707539186	1596707539185	-10.845	2.025	-2.137	-0.424	-0.059	-0.583	127.738373	37.885815
1596707539206	1596707539205	-9.424	2.473	-1.761	-0.561	-0.232	-0.230	127.738373	37.885815
1596707539225	1596707539225	-7.843	2.609	-0.939	-0.705	-0.060	0.265	127.738373	37.885815
1596707539245	1596707539245	-7.052	2.051	0.095	-0.681	0.390	0.845	127.738373	37.885815
1596707539266	1596707539266	-7.263	1.649	0.886	-0.605	0.836	1.375	127.738373	37.885815
1596707539285	1596707539285	-8.063	1.536	0.773	-0.364	1.174	1.835	127.738373	37.885815
1596707539305	1596707539302	-9.702	1.845	0.246	-0.174	1.664	2.298	127.738373	37.885815
1596707539323	1596707539322	-12.129	1.387	0.498	-0.344	2.257	2.779	127.738373	37.885815
1596707539343	1596707539341	-14.788	0.024	1.003	-0.659	2.523	3.255	127.738373	37.885815
1596707539364	1596707539361	-17.025	-1.032	1.382	-0.686	2.334	3.670	127.738373	37.885815
1596707539388	1596707539381	-17.727	-1.406	1.561	-0.521	1.768	3.882	127.738373	37.885815
1596707539404	1596707539403	-16.656	-1.590	1.305	-0.424	1.156	4.011	127.738373	37.885815
1596707539424	1596707539424	-15.300	-2.074	1.046	-0.321	0.880	4.203	127.738373	37.885815
1596707539444	1596707539443	-14.323	-1.669	0.951	-0.482	0.814	4.144	127.738373	37.885815
1596707539463	1596707539461	-13.760	-1.717	1.145	-0.971	1.028	4.204	127.738373	37.885815
1596707539486	1596707539485	-13.963	-2.620	1.578	-1.046	1.123	4.045	127.738373	37.885815
1596707539502	1596707539500	-14.670	-2.084	1.049	-1.083	1.103	3.630	127.738373	37.885815
1596707539527	1596707539522	-15.401	-1.655	0.725	-1.340	1.063	3.515	127.738373	37.885815
1596707539542	1596707539539	-14.632	-1.631	0.395	-1.914	0.794	3.252	127.738373	37.885815
1596707539567	1596707539561	-13.288	-2.294	0.702	-2.622	0.545	3.096	127.738373	37.885815
1596707539581	1596707539579	-12.519	-3.681	0.934	-2.794	0.301	3.026	127.738373	37.885815
1596707539606	1596707539605	-12.131	-4.271	1.293	-2.619	0.278	2.932	127.738373	37.885815
1596707539620	1596707539618	-12.083	-4.024	1.509	-2.631	0.312	2.749	127.738373	37.885815
1596707539640	1596707539638	-12.672	-4.714	1.480	-2.435	0.340	2.662	127.738373	37.885815
1596707539659	1596707539658	-13.168	-5.516	1.286	-2.162	0.195	2.529	127.738373	37.885815
1596707539679	1596707539678	-13.159	-5.869	1.054	-2.159	-0.115	2.105	127.738373	37.885815
1596707539699	1596707539698	-13.163	-5.967	1.061	-2.564	-0.200	1.548	127.738373	37.885815
1596707539718	1596707539715	-11.527	-6.501	-0.027	-2.648	-0.620	1.041	127.738373	37.885815
1596707539736	1596707539734	-8.547	-6.626	-1.277	-2.270	-1.032	0.410	127.738373	37.885815
1596707539757	1596707539754	-6.959	-5.835	-0.913	-1.852	-0.578	-0.394	127.738373	37.885815
1596707539776	1596707539774	-8.090	-4.489	0.936	-1.583	0.445	-1.346	127.738373	37.885815
1596707539796	1596707539795	-9.407	-3.461	1.583	-1.347	0.847	-2.137	127.738373	37.885815
1596707539817	1596707539815	-10.651	-3.938	1.518	-0.930	1.032	-2.658	127.738373	37.885815
1596707539835	1596707539835	-12.275	-4.525	1.255	-0.637	1.315	-3.175	127.738373	37.885815
1596707539855	1596707539853	-13.760	-5.215	0.888	-0.223	1.456	-3.687	127.738373	37.885815
1596707539874	1596707539874	-15.338	-4.697	-0.190	0.132	1.557	-4.187	127.738373	37.885815
1596707539898	1596707539897	-16.828	-4.668	-0.868	0.432	1.629	-4.516	127.738373	37.885815
1596707539914	1596707539912	-17.974	-4.680	-1.083	1.018	1.568	-4.760	127.738373	37.885815
1596707539949	1596707539949	-18.584	-3.902	-1.052	1.880	1.428	-4.897	127.738373	37.885815
1596707539957	1596707539957	-18.297	-3.169	-0.882	2.704	1.222	-4.837	127.738373	37.885818
1596707539975	1596707539971	-17.672	-3.008	-0.875	3.450	0.927	-4.837	127.738373	37.885818
1596707539993	1596707539991	-16.891	-2.572	-1.371	3.853	0.578	-4.889	127.738373	37.885818
1596707540015	1596707540011	-16.311	-1.846	-1.402	3.841	0.306	-4.888	127.738373	37.885818
1596707540031	1596707540030	-16.421	-0.812	-1.241	3.185	0.095	-4.966	127.738373	37.885818
1596707540053	1596707540050	-16.251	-0.876	-1.026	2.428	-0.127	-4.981	127.738373	37.885818
1596707540070	1596707540069	-14.653	-0.915	-1.124	1.811	-0.483	-5.037	127.738373	37.885818
1596707540097	1596707540092	-12.624	-0.304	-1.047	1.207	-0.686	-5.056	127.738373	37.885818
1596707540111	1596707540109	-11.185	0.000	-0.525	0.746	-0.700	-4.789	127.738373	37.885818
1596707540134	1596707540133	-9.963	0.939	-0.561	0.319	-0.727	-4.372	127.738373	37.885818
1596707540150	1596707540147	-8.607	2.293	-0.856	-0.170	-0.790	-3.761	127.738373	37.885818
1596707540170	1596707540167	-7.127	2.770	-0.178	-0.546	-0.835	-3.095	127.738373	37.885818
1596707540190	1596707540187	-6.751	1.105	1.082	-0.689	-0.714	-2.272	127.738373	37.885818
1596707540210	1596707540208	-8.188	0.108	0.929	-0.817	-0.436	-1.360	127.738373	37.885818
1596707540228	1596707540228	-9.338	0.961	0.289	-0.610	-0.333	-0.442	127.738373	37.885818
1596707540248	1596707540248	-8.911	2.070	1.753	-0.319	-0.366	0.700	127.738373	37.885818
1596707540269	1596707540267	-8.990	0.851	2.644	-0.081	-0.443	1.943	127.738373	37.885818
1596707540291	1596707540291	-9.096	-0.917	2.371	0.221	-0.487	2.903	127.738373	37.885818
1596707540308	1596707540307	-9.199	-1.490	2.318	0.732	-0.332	3.632	127.738373	37.885818
1596707540327	1596707540325	-9.783	-0.975	1.887	1.164	0.059	4.235	127.738373	37.885818
1596707540346	1596707540344	-11.410	-0.150	1.597	1.066	0.697	4.700	127.738373	37.885818
1596707540367	1596707540364	-14.019	0.278	1.906	0.671	1.357	5.294	127.738373	37.885818
1596707540386	1596707540384	-17.878	0.010	2.208	0.236	1.728	5.952	127.738373	37.885818
1596707540406	1596707540405	-20.666	-0.833	2.287	-0.132	1.644	6.272	127.738373	37.885818
1596707540425	1596707540425	-20.980	-1.058	2.127	-0.526	1.456	6.508	127.738373	37.885818
1596707540445	1596707540445	-20.211	-2.366	1.336	-0.898	1.194	6.750	127.738373	37.885818
1596707540465	1596707540465	-18.963	-2.977	0.927	-1.197	0.706	6.152	127.738373	37.885818
1596707540486	1596707540485	-17.020	-3.655	1.209	-1.136	0.157	5.730	127.738373	37.885818
1596707540504	1596707540504	-14.759	-3.638	1.291	-0.764	-0.111	5.442	127.738373	37.885818
1596707540530	1596707540525	-13.151	-2.539	1.128	-0.706	-0.049	4.911	127.738373	37.885818
1596707540544	1596707540544	-12.114	-1.825	0.234	-1.404	0.066	4.336	127.738373	37.885818
1596707540567	1596707540564	-11.889	-2.179	-0.302	-2.261	0.178	3.744	127.738373	37.885818
1596707540586	1596707540583	-11.944	-2.570	-0.094	-3.022	0.323	3.175	127.738373	37.885818
1596707540606	1596707540605	-11.867	-2.433	0.115	-3.811	0.230	2.560	127.738373	37.885818
1596707540623	1596707540623	-11.573	-2.711	-0.477	-4.577	-0.034	2.047	127.738373	37.885818
1596707540642	1596707540642	-11.527	-3.840	-1.251	-5.023	-0.023	1.690	127.738373	37.885818
1596707540663	1596707540662	-11.824	-5.267	-1.560	-5.054	0.064	1.409	127.738373	37.885818
1596707540683	1596707540682	-11.640	-6.642	-1.627	-4.723	-0.175	1.193	127.738373	37.885818
1596707540703	1596707540703	-10.543	-7.402	-1.914	-4.055	-0.417	0.994	127.738373	37.885818
1596707540726	1596707540720	-9.707	-7.766	-2.374	-2.942	-0.293	0.785	127.738373	37.885818
1596707540744	1596707540741	-10.943	-7.984	-2.010	-1.372	0.407	0.424	127.738373	37.885818
1596707540761	1596707540758	-12.881	-7.162	-0.597	0.347	1.059	-0.036	127.738373	37.885818
1596707540780	1596707540777	-13.024	-5.904	0.486	1.639	0.961	-0.481	127.738373	37.885818
1596707540800	1596707540797	-11.944	-4.877	1.073	2.080	0.725	-1.061	127.738373	37.885818
1596707540820	1596707540818	-11.096	-4.484	1.111	1.975	0.709	-1.639	127.738373	37.885818
1596707540841	1596707540837	-11.319	-5.064	0.752	1.922	0.753	-2.067	127.738373	37.885818
1596707540859	1596707540858	-12.438	-5.052	0.309	1.858	0.978	-2.610	127.738373	37.885818
1596707540879	1596707540877	-13.729	-4.968	0.244	1.948	1.147	-2.996	127.738373	37.885818
1596707540897	1596707540897	-15.161	-5.217	-0.125	2.229	1.260	-3.366	127.738373	37.885818
1596707540920	1596707540920	-16.742	-5.164	-0.786	2.787	1.278	-3.782	127.738373	37.885818
1596707540950	1596707540950	-18.836	-4.077	-1.050	3.380	1.189	-4.210	127.738373	37.885818
1596707540957	1596707540955	-20.637	-2.841	-0.978	3.625	0.947	-4.731	127.738373	37.885818
1596707540982	1596707540977	-20.748	-2.127	-1.016	4.045	0.548	-5.170	127.738365	37.885822
1596707540995	1596707540993	-20.642	-1.058	-1.445	4.458	0.185	-5.467	127.738365	37.885822
1596707541017	1596707541015	-20.233	-0.673	-1.203	4.473	-0.273	-5.866	127.738365	37.885822
1596707541034	1596707541033	-19.698	-0.433	-0.690	3.960	-0.576	-6.030	127.738365	37.885822
1596707541056	1596707541053	-19.128	-0.642	-0.405	3.492	-0.712	-6.029	127.738365	37.885822
1596707541075	1596707541072	-18.096	-0.649	-0.398	2.912	-0.852	-5.890	127.738365	37.885822
1596707541096	1596707541094	-16.474	-0.682	-0.587	2.268	-0.976	-5.759	127.738365	37.885822
1596707541114	1596707541114	-14.740	-0.792	-0.829	1.542	-1.064	-5.487	127.738365	37.885822
1596707541133	1596707541131	-12.469	-0.895	-1.071	0.996	-1.115	-5.027	127.738365	37.885822
1596707541157	1596707541156	-10.610	-1.015	-0.848	0.872	-1.037	-4.445	127.738365	37.885822
1596707541172	1596707541170	-8.911	0.206	-0.089	0.717	-1.002	-4.032	127.738365	37.885822
1596707541192	1596707541190	-7.476	1.455	0.067	0.732	-0.978	-3.390	127.738365	37.885822
1596707541214	1596707541209	-6.307	1.811	-0.362	0.607	-0.988	-2.676	127.738365	37.885822
1596707541231	1596707541231	-5.414	1.692	-0.844	0.235	-0.839	-2.041	127.738365	37.885822
1596707541252	1596707541251	-5.146	0.884	-0.721	-0.143	-0.481	-1.394	127.738365	37.885822
1596707541271	1596707541271	-5.680	0.566	-0.329	-0.283	-0.137	-0.790	127.738365	37.885822
1596707541291	1596707541291	-6.516	1.177	0.493	-0.299	0.214	-0.113	127.738365	37.885822
1596707541310	1596707541310	-6.590	1.440	1.061	-0.277	0.352	0.579	127.738365	37.885822
1596707541330	1596707541330	-6.739	1.186	1.109	-0.286	0.443	1.240	127.738365	37.885822
1596707541352	1596707541348	-7.486	0.468	1.090	-0.213	0.719	1.911	127.738365	37.885822
1596707541370	1596707541368	-8.344	-0.174	0.951	-0.165	0.975	2.573	127.738365	37.885822
1596707541389	1596707541387	-9.517	-0.565	0.848	-0.308	1.289	3.168	127.738365	37.885822
1596707541409	1596707541406	-11.364	-0.948	0.977	-0.538	1.723	3.733	127.738365	37.885822
1596707541428	1596707541426	-13.604	-1.101	0.922	-0.680	2.003	4.311	127.738365	37.885822
1596707541448	1596707541448	-15.854	-1.058	0.910	-0.706	2.146	4.906	127.738365	37.885822
1596707541468	1596707541467	-18.026	-1.399	1.698	-0.628	2.217	5.406	127.738365	37.885822
1596707541494	1596707541487	-19.099	-2.366	2.405	-0.348	2.089	5.790	127.738365	37.885822
1596707541507	1596707541507	-18.805	-3.226	2.098	0.149	1.847	6.004	127.738365	37.885822
1596707541527	1596707541527	-18.036	-2.845	1.114	0.575	1.686	5.904	127.738365	37.885822
1596707541548	1596707541544	-17.044	-2.064	0.313	0.649	1.587	5.726	127.738365	37.885822
1596707541567	1596707541565	-16.622	-1.461	0.261	0.487	1.676	5.549	127.738365	37.885822
1596707541585	1596707541584	-16.960	-2.088	0.790	-0.209	1.690	5.367	127.738365	37.885822
1596707541607	1596707541605	-17.080	-1.973	0.426	-0.857	1.651	5.005	127.738365	37.885822
1596707541624	1596707541623	-16.948	-1.284	0.888	-2.108	1.865	4.913	127.738365	37.885822
1596707541644	1596707541642	-16.692	-2.036	0.642	-3.366	1.689	4.312	127.738365	37.885822
1596707541665	1596707541664	-16.002	-3.538	1.221	-3.572	0.951	3.310	127.738365	37.885822
1596707541684	1596707541684	-13.817	-3.095	0.548	-3.150	0.068	2.882	127.738365	37.885822
1596707541704	1596707541704	-12.641	-3.566	0.769	-3.150	0.535	2.876	127.738365	37.885822
1596707541742	1596707541727	-12.888	-4.223	0.900	-3.005	0.768	2.240	127.738365	37.885822
1596707541753	1596707541745	-13.460	-5.016	0.783	-2.420	0.738	2.108	127.738365	37.885822
1596707541764	1596707541761	-13.386	-4.831	1.154	-1.774	0.674	1.877	127.738365	37.885822
1596707541783	1596707541781	-12.054	-4.656	1.173	-1.390	0.189	1.495	127.738365	37.885822
1596707541804	1596707541802	-10.171	-4.903	0.742	-1.048	-0.100	1.194	127.738365	37.885822
1596707541823	1596707541821	-10.217	-4.841	0.407	-0.880	0.160	0.942	127.738365	37.885822
1596707541842	1596707541842	-11.750	-4.922	1.401	-0.697	0.514	0.607	127.738365	37.885822
1596707541863	1596707541862	-11.120	-5.085	1.597	-0.305	0.181	0.227	127.738365	37.885822
1596707541882	1596707541882	-10.375	-5.231	1.775	0.209	-0.072	-0.176	127.738365	37.885822
1596707541903	1596707541901	-10.147	-4.949	1.377	0.648	-0.178	-0.602	127.738365	37.885822
1596707541921	1596707541921	-10.787	-4.731	0.347	0.949	-0.085	-1.100	127.738365	37.885822
1596707541951	1596707541942	-12.435	-4.676	0.328	1.295	0.172	-1.625	127.738365	37.885822
1596707541961	1596707541957	-13.777	-4.398	0.488	1.766	0.054	-2.154	127.738365	37.885822
1596707541991	1596707541980	-14.452	-3.746	0.587	2.255	-0.236	-2.723	127.738403	37.885853
1596707541999	1596707541997	-14.994	-2.922	0.814	2.533	-0.441	-3.311	127.738403	37.885853
