1596707542042	1596707542042	-15.985	-2.388	0.716	2.443	-0.642	-3.839	127.738403	37.885853
1596707542042	1596707542042	-16.603	-1.856	0.208	2.347	-0.923	-4.378	127.738403	37.885853
1596707542064	1596707542060	-17.046	-1.811	-0.233	2.255	-1.063	-4.713	127.738403	37.885853
1596707542078	1596707542075	-17.363	-1.796	-0.832	2.197	-1.284	-5.185	127.738403	37.885853
1596707542099	1596707542096	-17.351	-1.097	-1.383	2.415	-1.318	-5.542	127.738403	37.885853
1596707542116	1596707542114	-17.526	-1.528	-0.856	3.051	-1.310	-5.477	127.738403	37.885853
1596707542137	1596707542136	-17.411	0.671	-0.319	2.676	-1.492	-5.589	127.738403	37.885853
1596707542156	1596707542153	-15.327	-0.184	-0.161	1.556	-1.775	-5.436	127.738403	37.885853
1596707542174	1596707542173	-13.472	-1.827	-0.264	1.409	-1.658	-5.143	127.738403	37.885853
1596707542194	1596707542192	-13.202	-1.389	0.124	1.519	-1.344	-4.718	127.738403	37.885853
1596707542215	1596707542212	-12.998	-1.490	0.050	1.490	-1.248	-4.287	127.738403	37.885853
1596707542233	1596707542232	-12.610	-1.693	-0.336	1.393	-1.200	-3.811	127.738403	37.885853
1596707542254	1596707542252	-12.162	-1.370	-0.767	1.324	-1.200	-3.304	127.738403	37.885853
1596707542272	1596707542271	-11.671	-1.183	-1.002	1.179	-1.249	-2.727	127.738403	37.885853
1596707542292	1596707542291	-11.175	-1.109	-1.150	0.890	-1.314	-2.209	127.738403	37.885853
1596707542313	1596707542310	-10.449	-0.146	-1.292	0.543	-1.371	-1.752	127.738403	37.885853
1596707542332	1596707542330	-9.014	1.804	-1.018	0.108	-1.587	-1.296	127.738403	37.885853
1596707542353	1596707542350	-6.545	2.952	-1.107	-0.388	-1.887	-0.941	127.738403	37.885853
1596707542371	1596707542371	-4.631	2.705	-1.387	-0.971	-1.642	-0.642	127.738403	37.885853
1596707542391	1596707542390	-5.002	1.879	-0.966	-1.484	-0.639	-0.151	127.738403	37.885853
1596707542411	1596707542409	-6.866	0.870	-0.070	-1.570	0.210	0.467	127.738403	37.885853
1596707542432	1596707542428	-8.008	0.053	0.539	-1.282	0.359	1.012	127.738403	37.885853
1596707542451	1596707542449	-8.698	-0.651	0.771	-0.815	0.400	1.586	127.738403	37.885853
1596707542471	1596707542469	-9.879	-0.989	0.608	-0.364	0.766	2.212	127.738403	37.885853
1596707542489	1596707542488	-11.803	-1.090	0.831	0.115	1.300	2.892	127.738403	37.885853
1596707542511	1596707542508	-13.662	-1.010	0.931	0.384	1.655	3.400	127.738403	37.885853
1596707542529	1596707542527	-14.907	-0.943	0.769	0.355	1.790	3.727	127.738403	37.885853
1596707542550	1596707542547	-15.319	-0.639	0.421	0.114	1.800	3.978	127.738403	37.885853
1596707542571	1596707542566	-15.348	-0.644	0.179	-0.252	1.704	4.146	127.738403	37.885853
1596707542589	1596707542586	-14.780	-1.094	0.050	-0.586	1.516	4.239	127.738403	37.885853
1596707542608	1596707542605	-14.340	-1.758	0.165	-0.684	1.481	4.278	127.738403	37.885853
1596707542627	1596707542626	-14.332	-1.906	0.119	-0.664	1.530	4.280	127.738403	37.885853
1596707542647	1596707542645	-14.596	-2.153	-0.079	-0.646	1.669	4.254	127.738403	37.885853
1596707542667	1596707542665	-14.759	-3.272	0.428	-0.524	1.607	4.205	127.738403	37.885853
1596707542686	1596707542684	-14.536	-3.291	2.239	-0.365	1.545	3.966	127.738403	37.885853
1596707542706	1596707542704	-14.093	-3.262	2.338	-0.175	1.426	3.768	127.738403	37.885853
1596707542725	1596707542724	-13.609	-4.771	3.250	0.449	1.497	3.774	127.738403	37.885853
1596707542748	1596707542746	-13.372	-5.696	5.085	1.139	1.780	3.667	127.738403	37.885853
1596707542767	1596707542764	-13.108	-5.761	5.794	1.733	1.797	3.474	127.738403	37.885853
1596707542786	1596707542783	-12.251	-4.973	5.114	1.811	1.545	3.041	127.738403	37.885853
1596707542805	1596707542802	-12.117	-3.638	4.846	1.280	1.662	2.466	127.738403	37.885853
1596707542823	1596707542822	-12.890	-2.757	4.673	0.408	1.752	2.080	127.738403	37.885853
1596707542844	1596707542842	-12.919	-2.934	4.098	-0.577	1.302	1.736	127.738403	37.885853
1596707542864	1596707542863	-13.084	-3.533	2.335	-1.424	0.875	1.210	127.738403	37.885853
1596707542884	1596707542884	-14.186	-4.268	2.618	-1.796	0.782	0.528	127.738403	37.885853
1596707542905	1596707542904	-13.183	-4.494	2.436	-1.699	-0.022	-0.272	127.738403	37.885853
1596707542924	1596707542924	-12.148	-4.613	1.643	-1.322	-0.514	-0.987	127.738403	37.885853
1596707542945	1596707542945	-12.663	-4.620	2.146	-0.896	-0.431	-1.651	127.738403	37.885853
1596707542974	1596707542974	-12.423	-4.220	2.762	-0.491	-0.781	-2.166	127.738441	37.885891
1596707542992	1596707542990	-10.864	-3.923	2.386	-0.184	-1.398	-2.549	127.738441	37.885891
1596707543004	1596707543003	-10.406	-3.528	1.427	0.001	-1.507	-2.937	127.738441	37.885891
1596707543025	1596707543023	-11.896	-3.071	1.173	0.087	-1.108	-3.199	127.738441	37.885891
1596707543044	1596707543042	-13.810	-2.984	1.044	0.160	-0.888	-3.273	127.738441	37.885891
1596707543065	1596707543062	-14.991	-2.402	1.118	0.323	-0.955	-3.173	127.738441	37.885891
1596707543083	1596707543080	-15.168	-2.819	1.305	0.420	-1.294	-3.101	127.738441	37.885891
1596707543106	1596707543105	-14.215	-2.323	0.860	0.231	-1.566	-3.294	127.738441	37.885891
1596707543121	1596707543121	-12.996	-1.691	0.234	0.167	-1.753	-3.226	127.738441	37.885891
1596707543141	1596707543139	-12.083	-1.432	-0.597	0.171	-1.639	-2.976	127.738441	37.885891
1596707543163	1596707543157	-12.363	-2.795	-0.741	0.608	-1.339	-2.836	127.738441	37.885891
1596707543180	1596707543177	-12.495	-1.672	-1.035	0.732	-1.110	-3.008	127.738441	37.885891
1596707543202	1596707543202	-12.514	-1.681	-1.088	1.174	-1.012	-2.990	127.738441	37.885891
1596707543219	1596707543216	-12.370	-0.946	-1.184	1.712	-1.137	-2.849	127.738441	37.885891
1596707543239	1596707543236	-11.254	-0.165	-0.954	1.077	-1.150	-2.655	127.738441	37.885891
1596707543259	1596707543257	-10.615	-1.130	-0.829	0.486	-1.058	-2.612	127.738441	37.885891
1596707543278	1596707543276	-10.368	-1.018	-0.724	0.220	-0.920	-2.448	127.738441	37.885891
1596707543296	1596707543297	-10.059	-1.066	-0.168	-0.129	-0.817	-2.299	127.738441	37.885891
1596707543318	1596707543316	-8.962	-0.855	-0.345	-0.518	-1.049	-2.254	127.738441	37.885891
1596707543337	1596707543336	-8.075	-1.078	-0.585	-0.601	-0.995	-1.982	127.738441	37.885891
1596707543362	1596707543355	-8.169	-1.078	-0.563	-0.555	-0.605	-1.761	127.738441	37.885891
1596707543375	1596707543373	-8.760	-0.579	-0.070	-0.336	-0.265	-1.545	127.738441	37.885891
1596707543394	1596707543394	-8.389	0.168	0.309	-0.006	-0.319	-1.251	127.738441	37.885891
1596707543416	1596707543413	-8.186	0.583	0.261	0.198	-0.322	-0.914	127.738441	37.885891
1596707543440	1596707543436	-8.945	0.884	0.699	0.143	0.030	-0.520	127.738441	37.885891
1596707543455	1596707543452	-8.842	0.765	1.001	-0.021	0.008	-0.030	127.738441	37.885891
1596707543476	1596707543472	-8.351	0.238	0.984	-0.271	-0.109	0.474	127.738441	37.885891
1596707543493	1596707543492	-8.705	-0.265	0.936	-0.605	0.166	1.047	127.738441	37.885891
1596707543514	1596707543513	-9.961	-0.651	1.099	-0.925	0.542	1.583	127.738441	37.885891
1596707543533	1596707543533	-11.496	-1.221	1.492	-1.152	0.791	2.070	127.738441	37.885891
1596707543554	1596707543553	-12.842	-1.983	1.739	-1.150	0.884	2.532	127.738441	37.885891
1596707543572	1596707543572	-13.928	-2.431	2.084	-0.814	0.976	2.956	127.738441	37.885891
1596707543593	1596707543592	-15.065	-2.752	2.431	-0.444	1.082	3.310	127.738441	37.885891
1596707543612	1596707543611	-15.144	-3.418	2.201	-0.006	0.946	3.385	127.738441	37.885891
1596707543633	1596707543630	-13.638	-3.042	1.523	0.425	0.585	3.257	127.738441	37.885891
1596707543651	1596707543649	-11.767	-2.201	0.855	0.588	0.296	3.050	127.738441	37.885891
1596707543670	1596707543668	-10.320	-1.966	0.728	0.541	0.319	2.784	127.738441	37.885891
1596707543689	1596707543689	-9.532	-1.791	0.594	0.338	0.493	2.555	127.738441	37.885891
1596707543711	1596707543710	-9.434	-1.765	0.824	0.189	0.761	2.390	127.738441	37.885891
1596707543730	1596707543729	-9.894	-2.000	1.221	0.066	0.947	2.247	127.738441	37.885891
1596707543749	1596707543749	-10.286	-1.978	1.470	-0.154	0.931	2.120	127.738441	37.885891
1596707543774	1596707543771	-10.183	-1.811	1.202	-0.587	0.817	2.030	127.738441	37.885891
1596707543793	1596707543787	-10.085	-1.887	1.236	-1.140	0.786	2.022	127.738441	37.885891
1596707543810	1596707543808	-10.056	-2.350	1.382	-1.628	0.713	2.024	127.738441	37.885891
1596707543828	1596707543825	-10.603	-2.465	1.334	-1.955	0.697	1.990	127.738441	37.885891
1596707543847	1596707543845	-11.673	-2.575	1.135	-2.205	0.794	1.976	127.738441	37.885891
1596707543868	1596707543865	-12.615	-3.008	1.054	-2.366	0.752	1.903	127.738441	37.885891
1596707543887	1596707543887	-12.730	-3.164	1.114	-2.425	0.586	1.802	127.738441	37.885891
1596707543907	1596707543906	-12.332	-3.051	0.953	-2.524	0.391	1.733	127.738441	37.885891
1596707543926	1596707543926	-12.759	-3.463	0.472	-2.651	0.419	1.576	127.738441	37.885891
1596707543949	1596707543948	-14.376	-4.187	1.255	-2.517	0.728	1.395	127.738441	37.885891
1596707543965	1596707543964	-14.251	-4.515	2.093	-2.155	0.408	1.076	127.738480	37.885921
1596707543992	1596707543985	-11.865	-4.055	1.997	-1.798	-0.159	0.649	127.738480	37.885921
1596707544014	1596707544003	-10.411	-3.602	2.077	-1.507	-0.141	0.314	127.738480	37.885921
1596707544028	1596707544028	-9.802	-3.380	2.002	-1.347	-0.093	-0.026	127.738480	37.885921
1596707544044	1596707544042	-9.620	-3.430	1.130	-1.255	-0.115	-0.377	127.738480	37.885921
1596707544067	1596707544065	-10.500	-3.957	0.694	-0.959	0.098	-0.678	127.738480	37.885921
1596707544083	1596707544082	-11.781	-4.379	0.991	-0.389	0.236	-0.948	127.738480	37.885921
1596707544107	1596707544106	-12.093	-4.283	1.205	0.224	0.028	-1.248	127.738480	37.885921
1596707544124	1596707544123	-11.297	-3.732	0.886	0.684	-0.256	-1.518	127.738480	37.885921
1596707544145	1596707544144	-10.665	-3.540	0.507	0.980	-0.322	-1.719	127.738480	37.885921
1596707544165	1596707544164	-10.746	-3.514	0.208	0.946	-0.158	-1.964	127.738480	37.885921
1596707544183	1596707544183	-11.302	-3.935	-0.065	0.776	0.016	-2.214	127.738480	37.885921
1596707544208	1596707544203	-11.340	-4.458	-0.036	0.745	-0.053	-2.536	127.738480	37.885921
1596707544222	1596707544220	-10.394	-3.377	-0.257	0.829	-0.158	-2.946	127.738480	37.885921
1596707544242	1596707544240	-10.128	-2.738	-0.537	1.067	0.070	-3.161	127.738480	37.885921
1596707544262	1596707544260	-10.797	-3.035	-0.434	1.447	0.430	-3.273	127.738480	37.885921
1596707544281	1596707544280	-11.966	-2.694	-0.295	1.528	0.518	-3.332	127.738480	37.885921
1596707544302	1596707544299	-12.169	-2.151	-0.451	1.359	0.328	-3.301	127.738480	37.885921
1596707544321	1596707544319	-11.484	-2.462	-0.956	1.631	0.260	-3.039	127.738480	37.885921
1596707544340	1596707544340	-11.661	-3.392	-0.863	2.387	0.248	-2.838	127.738480	37.885921
1596707544360	1596707544360	-11.604	-1.904	-0.091	3.150	0.082	-2.814	127.738480	37.885921
1596707544379	1596707544376	-10.476	-1.437	0.318	3.311	-0.497	-2.540	127.738480	37.885921
1596707544403	1596707544396	-9.795	-1.418	-0.273	2.678	-0.489	-2.423	127.738480	37.885921
1596707544419	1596707544416	-10.013	-0.222	-0.353	1.550	-0.508	-2.386	127.738480	37.885921
1596707544441	1596707544437	-10.052	0.118	-0.683	0.270	-0.659	-1.973	127.738480	37.885921
1596707544458	1596707544455	-10.339	-1.317	-0.261	-0.590	-0.625	-1.622	127.738480	37.885921
1596707544481	1596707544478	-10.356	-2.491	0.064	-1.099	-0.557	-1.542	127.738480	37.885921
1596707544495	1596707544494	-10.337	-2.589	0.146	-1.044	-0.432	-1.233	127.738480	37.885921
1596707544522	1596707544517	-10.952	-2.412	0.721	-0.808	-0.173	-0.861	127.738480	37.885921
1596707544535	1596707544535	-10.727	-2.536	1.137	-0.667	-0.278	-0.541	127.738480	37.885921
1596707544558	1596707544556	-9.398	-2.251	1.418	-0.555	-0.326	-0.190	127.738480	37.885921
1596707544575	1596707544575	-8.416	-2.184	2.024	-0.342	-0.185	0.187	127.738480	37.885921
1596707544596	1596707544594	-7.582	-2.134	2.304	-0.089	-0.068	0.492	127.738480	37.885921
1596707544616	1596707544614	-7.627	-1.801	2.192	0.203	0.236	0.744	127.738480	37.885921
1596707544637	1596707544632	-8.943	-1.399	2.033	0.403	0.592	0.992	127.738480	37.885921
1596707544655	1596707544653	-10.533	-1.432	1.902	0.430	0.804	1.265	127.738480	37.885921
1596707544673	1596707544671	-11.855	-1.674	1.835	0.370	0.797	1.508	127.738480	37.885921
1596707544693	1596707544691	-12.399	-1.657	1.585	0.328	0.570	1.681	127.738480	37.885921
1596707544713	1596707544711	-12.026	-1.200	1.284	0.224	0.295	1.839	127.738480	37.885921
1596707544732	1596707544731	-11.209	-1.032	1.082	-0.069	0.100	1.942	127.738480	37.885921
1596707544753	1596707544752	-10.492	-1.430	1.114	-0.405	0.027	2.036	127.738480	37.885921
1596707544772	1596707544771	-9.906	-1.784	1.391	-0.568	0.014	2.141	127.738480	37.885921
1596707544792	1596707544792	-9.316	-1.959	1.370	-0.636	0.022	2.235	127.738480	37.885921
1596707544814	1596707544814	-9.031	-1.935	1.341	-0.683	0.110	2.344	127.738480	37.885921
1596707544834	1596707544834	-9.125	-2.026	1.351	-0.753	0.248	2.502	127.738480	37.885921
1596707544853	1596707544850	-9.709	-2.335	1.506	-0.787	0.399	2.665	127.738480	37.885921
1596707544870	1596707544868	-10.471	-2.294	1.655	-0.758	0.475	2.775	127.738480	37.885921
1596707544890	1596707544888	-10.900	-2.045	1.039	-0.843	0.397	2.855	127.738480	37.885921
1596707544910	1596707544907	-11.300	-1.825	0.433	-1.145	0.297	2.927	127.738480	37.885921
1596707544929	1596707544928	-11.970	-2.153	0.328	-1.475	0.284	3.044	127.738480	37.885921
1596707544951	1596707544951	-12.857	-2.869	0.601	-1.650	0.262	3.127	127.738480	37.885921
1596707544969	1596707544968	-13.492	-3.617	0.953	-1.587	0.172	3.104	127.738503	37.885933
1596707544993	1596707544991	-13.233	-4.089	1.250	-1.213	0.051	3.030	127.738503	37.885933
1596707545018	1596707545014	-12.656	-3.667	1.847	-0.930	0.064	2.930	127.738503	37.885933
1596707545037	1596707545025	-12.296	-3.598	1.779	-0.829	0.061	2.625	127.738503	37.885933
1596707545047	1596707545045	-12.622	-4.393	1.545	-0.698	0.204	2.415	127.738503	37.885933
1596707545067	1596707545065	-14.021	-4.946	2.096	-0.339	0.654	2.109	127.738503	37.885933
1596707545086	1596707545084	-14.217	-5.581	2.661	0.392	0.531	1.592	127.738503	37.885933
1596707545106	1596707545104	-12.164	-5.068	3.327	1.203	0.032	0.993	127.738503	37.885933
1596707545126	1596707545126	-9.534	-3.756	3.332	1.601	-0.291	0.337	127.738503	37.885933
1596707545145	1596707545145	-8.001	-2.704	2.587	1.626	-0.463	-0.321	127.738503	37.885933
1596707545166	1596707545164	-8.327	-2.304	1.614	1.481	-0.347	-0.893	127.738503	37.885933
1596707545185	1596707545184	-10.265	-2.263	1.157	1.244	0.030	-1.325	127.738503	37.885933
1596707545206	1596707545205	-12.363	-2.553	1.051	1.029	0.082	-1.603	127.738503	37.885933
1596707545226	1596707545223	-13.427	-2.814	1.126	1.048	-0.311	-1.883	127.738503	37.885933
1596707545244	1596707545242	-13.029	-2.575	0.864	1.200	-0.911	-2.155	127.738503	37.885933
1596707545264	1596707545262	-12.119	-2.232	0.833	1.364	-1.303	-2.347	127.738503	37.885933
1596707545284	1596707545282	-11.151	-1.499	0.625	1.367	-1.476	-2.560	127.738503	37.885933
1596707545304	1596707545302	-10.756	-1.463	1.415	1.386	-1.503	-2.624	127.738503	37.885933
1596707545323	1596707545323	-11.189	-1.281	1.145	0.656	-1.410	-2.994	127.738503	37.885933
1596707545344	1596707545343	-11.556	-1.619	1.432	0.427	-1.149	-3.297	127.738503	37.885933
1596707545364	1596707545362	-12.129	-1.552	1.092	0.467	-1.093	-3.214	127.738503	37.885933
1596707545383	1596707545383	-12.227	-1.420	0.749	0.368	-1.048	-3.275	127.738503	37.885933
1596707545403	1596707545403	-11.951	-1.504	0.428	0.134	-0.994	-3.244	127.738503	37.885933
1596707545422	1596707545422	-11.872	-1.691	0.153	-0.008	-0.912	-3.137	127.738503	37.885933
1596707545444	1596707545444	-11.197	-1.547	-0.072	0.130	-0.887	-2.970	127.738503	37.885933
1596707545462	1596707545459	-10.509	-1.327	-0.036	0.338	-0.769	-2.714	127.738503	37.885933
1596707545490	1596707545483	-10.500	-1.363	0.136	0.458	-0.676	-2.529	127.738503	37.885933
1596707545501	1596707545499	-10.210	-0.754	0.033	0.593	-0.687	-2.326	127.738503	37.885933
1596707545524	1596707545520	-9.965	-0.122	-0.003	0.560	-0.688	-2.074	127.738503	37.885933
1596707545540	1596707545538	-10.030	-0.366	0.122	0.362	-0.679	-1.772	127.738503	37.885933
1596707545565	1596707545563	-9.963	-0.531	0.572	0.249	-0.622	-1.550	127.738503	37.885933
1596707545579	1596707545578	-9.791	-0.019	0.702	0.201	-0.663	-1.268	127.738503	37.885933
1596707545601	1596707545601	-10.191	0.274	0.790	-0.054	-0.494	-0.933	127.738503	37.885933
1596707545619	1596707545618	-10.497	0.051	1.279	-0.441	-0.337	-0.599	127.738503	37.885933
1596707545638	1596707545637	-9.604	0.156	0.984	-0.860	-0.528	-0.305	127.738503	37.885933
1596707545658	1596707545655	-9.062	-0.148	0.977	-1.228	-0.430	0.028	127.738503	37.885933
1596707545678	1596707545675	-9.060	-0.706	1.521	-1.500	-0.188	0.369	127.738503	37.885933
1596707545696	1596707545694	-8.914	-1.075	1.324	-1.579	-0.089	0.656	127.738503	37.885933
1596707545717	1596707545714	-9.295	-1.348	1.509	-1.484	0.150	0.935	127.738503	37.885933
1596707545735	1596707545733	-10.004	-1.751	1.899	-1.302	0.399	1.241	127.738503	37.885933
1596707545756	1596707545754	-10.648	-2.239	2.407	-1.052	0.551	1.507	127.738503	37.885933
1596707545774	1596707545774	-10.943	-2.536	2.853	-0.698	0.600	1.732	127.738503	37.885933
1596707545795	1596707545795	-11.168	-2.510	2.814	-0.372	0.573	1.928	127.738503	37.885933
1596707545814	1596707545814	-11.316	-2.223	2.517	-0.258	0.531	2.054	127.738503	37.885933
1596707545839	1596707545838	-10.926	-2.225	2.283	-0.250	0.445	2.177	127.738503	37.885933
1596707545857	1596707545854	-10.296	-2.156	2.297	-0.301	0.366	2.267	127.738503	37.885933
1596707545875	1596707545871	-9.860	-2.036	2.424	-0.397	0.311	2.334	127.738503	37.885933
1596707545894	1596707545891	-9.917	-1.997	2.323	-0.539	0.333	2.409	127.738503	37.885933
1596707545913	1596707545911	-10.274	-2.036	2.103	-0.732	0.374	2.481	127.738503	37.885933
1596707545934	1596707545931	-10.655	-2.282	2.287	-0.924	0.352	2.564	127.738503	37.885933
1596707545952	1596707545950	-10.579	-2.544	2.623	-1.092	0.178	2.636	127.738503	37.885933
1596707545973	1596707545971	-10.277	-2.690	2.620	-1.289	-0.036	2.680	127.738525	37.885891
1596707545992	1596707545989	-10.289	-2.721	2.031	-1.527	-0.126	2.683	127.738525	37.885891
1596707546013	1596707546011	-10.665	-2.704	1.729	-1.778	-0.109	2.681	127.738525	37.885891
1596707546031	1596707546029	-11.455	-3.078	1.789	-1.968	-0.108	2.657	127.738525	37.885891
1596707546054	1596707546053	-12.064	-3.717	1.791	-1.994	-0.170	2.549	127.738525	37.885891
1596707546070	1596707546068	-12.208	-3.885	1.605	-1.935	-0.296	2.352	127.738525	37.885891
1596707546092	1596707546089	-11.774	-4.031	1.329	-1.814	-0.424	2.174	127.738525	37.885891
1596707546110	1596707546107	-11.072	-4.149	1.485	-1.700	-0.428	1.916	127.738525	37.885891
1596707546130	1596707546127	-11.393	-4.307	0.828	-1.537	-0.356	1.651	127.738525	37.885891
1596707546148	1596707546146	-13.020	-4.561	0.984	-1.320	0.035	1.288	127.738525	37.885891
1596707546169	1596707546168	-13.736	-4.434	1.408	-1.110	0.141	0.878	127.738525	37.885891
1596707546189	1596707546187	-12.787	-4.407	1.308	-0.799	-0.085	0.444	127.738525	37.885891
1596707546208	1596707546207	-11.630	-4.022	1.224	-0.538	-0.115	-0.041	127.738525	37.885891
1596707546227	1596707546227	-10.677	-3.626	1.173	-0.386	-0.086	-0.518	127.738525	37.885891
1596707546252	1596707546252	-9.791	-3.245	0.936	-0.384	-0.052	-0.960	127.738525	37.885891
1596707546267	1596707546265	-9.800	-3.274	0.833	-0.371	0.115	-1.309	127.738525	37.885891
1596707546286	1596707546284	-10.375	-3.444	0.812	-0.238	0.308	-1.574	127.738525	37.885891
1596707546307	1596707546304	-10.507	-3.559	0.687	0.071	0.329	-1.752	127.738525	37.885891
1596707546325	1596707546324	-10.497	-3.583	0.529	0.475	0.286	-1.890	127.738525	37.885891
1596707546345	1596707546345	-10.785	-3.677	0.814	0.924	0.351	-1.975	127.738525	37.885891
1596707546366	1596707546365	-10.811	-3.593	0.934	1.363	0.362	-2.024	127.738525	37.885891
1596707546386	1596707546384	-11.019	-3.200	0.951	1.728	0.404	-2.062	127.738525	37.885891
1596707546405	1596707546404	-11.515	-2.656	1.025	1.891	0.407	-2.155	127.738525	37.885891
1596707546424	1596707546424	-11.348	-2.397	0.941	1.943	0.303	-2.250	127.738525	37.885891
1596707546444	1596707546444	-10.924	-2.055	0.908	1.950	0.263	-2.309	127.738525	37.885891
1596707546464	1596707546464	-10.713	-1.758	1.109	1.840	0.295	-2.351	127.738525	37.885891
1596707546485	1596707546482	-10.852	-1.964	1.226	1.698	0.219	-2.330	127.738525	37.885891
1596707546504	1596707546502	-10.382	-1.885	1.087	1.412	0.030	-2.441	127.738525	37.885891
1596707546525	1596707546524	-9.953	-1.763	0.958	1.238	-0.008	-2.382	127.738525	37.885891
1596707546543	1596707546542	-10.049	-1.669	0.967	1.071	0.026	-2.302	127.738525	37.885891
1596707546567	1596707546564	-10.097	-1.708	0.910	0.858	-0.010	-2.245	127.738525	37.885891
1596707546584	1596707546584	-9.628	-1.664	0.766	0.662	-0.151	-2.199	127.738525	37.885891
1596707546606	1596707546606	-9.034	-1.796	0.467	0.660	-0.299	-2.173	127.738525	37.885891
1596707546622	1596707546622	-8.854	-1.494	0.258	0.838	-0.281	-2.035	127.738525	37.885891
1596707546642	1596707546642	-9.170	-0.941	0.369	0.889	-0.207	-1.810	127.738525	37.885891
1596707546662	1596707546661	-9.235	-0.852	0.345	0.779	-0.202	-1.563	127.738525	37.885891
1596707546682	1596707546679	-9.189	-0.934	0.654	0.663	-0.215	-1.290	127.738525	37.885891
1596707546701	1596707546699	-8.861	-1.042	0.936	0.580	-0.245	-0.984	127.738525	37.885891
1596707546720	1596707546717	-9.204	-0.888	0.479	0.431	-0.131	-0.630	127.738525	37.885891
1596707546740	1596707546736	-10.988	-0.991	0.869	0.077	0.241	-0.242	127.738525	37.885891
1596707546760	1596707546756	-11.851	-1.387	1.645	-0.270	0.377	0.141	127.738525	37.885891
1596707546780	1596707546777	-10.880	-1.113	1.458	-0.464	0.148	0.440	127.738525	37.885891
1596707546799	1596707546797	-10.100	-1.214	1.904	-0.542	0.268	0.767	127.738525	37.885891
1596707546819	1596707546817	-9.896	-1.595	2.249	-0.548	0.424	1.075	127.738525	37.885891
1596707546837	1596707546837	-9.865	-1.775	2.292	-0.372	0.508	1.338	127.738525	37.885891
1596707546861	1596707546861	-10.337	-1.787	2.359	-0.093	0.682	1.583	127.738525	37.885891
1596707546882	1596707546877	-10.880	-1.866	2.328	0.189	0.811	1.796	127.738525	37.885891
1596707546897	1596707546894	-11.506	-1.655	2.065	0.433	0.879	1.988	127.738525	37.885891
1596707546916	1596707546914	-12.462	-1.485	1.962	0.635	0.949	2.173	127.738525	37.885891
1596707546943	1596707546942	-13.209	-1.494	2.089	0.726	0.929	2.257	127.738525	37.885891
1596707546968	1596707546958	-13.032	-1.545	2.211	0.704	0.744	2.225	127.738541	37.885845
1596707546977	1596707546974	-11.709	-1.269	2.302	0.601	0.463	2.099	127.738541	37.885845
1596707546993	1596707546993	-10.363	-1.003	2.211	0.360	0.280	1.977	127.738541	37.885845
1596707547016	1596707547012	-9.340	-0.836	2.074	-0.027	0.274	1.871	127.738541	37.885845
1596707547034	1596707547032	-8.787	-0.872	2.096	-0.519	0.389	1.834	127.738541	37.885845
1596707547054	1596707547051	-8.777	-1.267	1.993	-1.027	0.505	1.798	127.738541	37.885845
1596707547075	1596707547075	-9.283	-1.679	1.796	-1.384	0.583	1.797	127.738541	37.885845
1596707547097	1596707547093	-9.690	-1.849	1.911	-1.548	0.549	1.853	127.738541	37.885845
1596707547113	1596707547113	-9.623	-2.201	1.892	-1.547	0.426	1.928	127.738541	37.885845
1596707547133	1596707547131	-9.611	-2.359	1.645	-1.480	0.319	1.977	127.738541	37.885845
1596707547152	1596707547150	-9.829	-2.615	1.284	-1.328	0.289	2.089	127.738541	37.885845
1596707547172	1596707547172	-10.425	-2.879	1.370	-1.128	0.369	2.247	127.738541	37.885845
1596707547192	1596707547191	-11.422	-3.087	1.710	-0.907	0.497	2.354	127.738541	37.885845
1596707547211	1596707547211	-12.409	-3.073	1.954	-0.718	0.562	2.352	127.738541	37.885845
1596707547230	1596707547230	-12.909	-3.004	2.009	-0.705	0.498	2.252	127.738541	37.885845
1596707547251	1596707547251	-12.339	-3.159	1.899	-0.864	0.271	2.042	127.738541	37.885845
1596707547272	1596707547269	-11.429	-3.301	1.612	-1.108	0.061	1.688	127.738541	37.885845
1596707547297	1596707547289	-12.133	-3.483	1.629	-1.279	0.201	1.245	127.738541	37.885845
1596707547310	1596707547307	-12.974	-3.705	2.357	-1.167	0.303	0.805	127.738541	37.885845
1596707547329	1596707547327	-12.049	-3.492	2.136	-1.011	-0.051	0.291	127.738541	37.885845
1596707547348	1596707547346	-11.951	-3.657	1.645	-0.758	-0.066	-0.191	127.738541	37.885845
1596707547369	1596707547366	-12.454	-3.693	1.561	-0.492	-0.017	-0.696	127.738541	37.885845
1596707547387	1596707547386	-11.973	-3.277	1.023	-0.303	-0.267	-1.204	127.738541	37.885845
1596707547408	1596707547407	-11.889	-3.248	0.816	-0.044	-0.354	-1.605	127.738541	37.885845
1596707547427	1596707547426	-12.279	-3.308	0.912	0.290	-0.360	-1.937	127.738541	37.885845
1596707547447	1596707547447	-12.255	-3.317	0.991	0.757	-0.453	-2.196	127.738541	37.885845
1596707547467	1596707547467	-11.822	-3.420	0.941	1.324	-0.546	-2.390	127.738541	37.885845
1596707547486	1596707547484	-11.412	-3.221	0.953	1.955	-0.539	-2.498	127.738541	37.885845
1596707547506	1596707547504	-11.237	-2.659	1.092	2.359	-0.492	-2.581	127.738541	37.885845
1596707547525	1596707547523	-10.857	-2.239	0.975	2.489	-0.591	-2.647	127.738541	37.885845
1596707547545	1596707547543	-9.819	-1.094	0.606	2.461	-0.727	-2.601	127.738541	37.885845
1596707547567	1596707547564	-10.100	-2.338	0.304	2.244	-0.551	-2.635	127.738541	37.885845
1596707547583	1596707547582	-10.742	-2.330	-0.125	2.277	-0.487	-2.872	127.738541	37.885845
1596707547607	1596707547607	-11.019	-1.411	-0.381	2.550	-0.514	-2.868	127.738541	37.885845
1596707547623	1596707547623	-11.187	-1.058	-0.666	2.485	-0.385	-2.769	127.738541	37.885845
1596707547644	1596707547644	-11.592	-2.220	-0.662	2.699	-0.426	-2.524	127.738541	37.885845
1596707547664	1596707547663	-12.045	-1.497	-0.520	2.874	-0.584	-2.292	127.738541	37.885845
1596707547683	1596707547683	-11.575	-1.207	-0.472	2.797	-0.852	-2.196	127.738541	37.885845
1596707547706	1596707547702	-10.389	-1.358	-0.563	2.774	-0.993	-2.095	127.738541	37.885845
1596707547724	1596707547722	-10.212	-0.134	-0.168	2.174	-1.037	-1.821	127.738541	37.885845
1596707547743	1596707547741	-10.224	-0.670	-0.343	1.083	-1.116	-1.736	127.738541	37.885845
1596707547763	1596707547761	-10.955	-1.209	-0.482	0.303	-0.943	-1.769	127.738541	37.885845
1596707547782	1596707547780	-11.628	-1.001	-0.276	-0.195	-0.811	-1.761	127.738541	37.885845
1596707547805	1596707547803	-11.144	-1.090	-0.055	-0.764	-0.818	-1.764	127.738541	37.885845
1596707547821	1596707547821	-10.291	-1.125	0.033	-1.175	-0.835	-1.818	127.738541	37.885845
1596707547842	1596707547841	-10.088	-1.078	-0.089	-1.407	-0.694	-1.782	127.738541	37.885845
1596707547862	1596707547861	-10.116	-0.400	0.690	-1.414	-0.405	-1.585	127.738541	37.885845
1596707547881	1596707547880	-9.316	0.875	1.600	-1.256	-0.330	-1.244	127.738541	37.885845
1596707547903	1596707547898	-8.413	1.337	1.923	-1.200	-0.250	-0.746	127.738541	37.885845
1596707547921	1596707547919	-8.059	0.384	1.837	-1.303	-0.033	-0.111	127.738541	37.885845
1596707547951	1596707547950	-7.905	-0.706	1.645	-1.436	0.161	0.509	127.738541	37.885845
1596707547959	1596707547956	-8.507	-1.540	1.811	-1.400	0.467	1.139	127.738541	37.885845
1596707547983	1596707547983	-9.335	-1.940	2.201	-1.153	0.770	1.755	127.738533	37.885815
1596707548000	1596707547995	-9.980	-2.060	2.584	-0.677	0.983	2.366	127.738533	37.885815
1596707548025	1596707548019	-11.297	-2.172	3.078	-0.146	1.296	2.858	127.738533	37.885815
1596707548036	1596707548034	-13.173	-2.570	3.442	0.462	1.512	3.042	127.738533	37.885815
1596707548059	1596707548055	-13.436	-2.369	3.224	1.287	1.354	3.051	127.738533	37.885815
1596707548079	1596707548074	-12.251	-1.588	2.683	1.862	1.130	3.058	127.738533	37.885815
1596707548097	1596707548097	-11.031	-1.111	2.122	1.915	0.993	2.861	127.738533	37.885815
1596707548115	1596707548113	-10.174	-0.824	1.617	1.641	0.930	2.603	127.738533	37.885815
1596707548134	1596707548132	-9.683	-0.285	1.353	1.211	0.965	2.400	127.738533	37.885815
1596707548154	1596707548152	-9.989	0.115	1.430	0.598	1.100	2.296	127.738533	37.885815
1596707548173	1596707548172	-10.909	0.065	1.576	-0.283	1.096	2.238	127.738533	37.885815
1596707548193	1596707548192	-11.448	-0.479	1.427	-1.205	0.974	2.134	127.738533	37.885815
1596707548214	1596707548211	-11.695	-1.329	1.470	-1.850	0.824	2.095	127.738533	37.885815
1596707548233	1596707548231	-11.566	-1.923	1.681	-2.166	0.608	2.080	127.738533	37.885815
1596707548253	1596707548251	-11.144	-2.194	1.571	-2.303	0.441	2.044	127.738533	37.885815
1596707548272	1596707548270	-10.938	-2.369	1.497	-2.315	0.428	2.039	127.738533	37.885815
1596707548295	1596707548290	-11.067	-2.599	1.509	-2.232	0.484	2.085	127.738533	37.885815
1596707548313	1596707548312	-11.752	-3.013	1.739	-1.994	0.596	2.138	127.738533	37.885815
1596707548331	1596707548330	-12.409	-3.363	2.117	-1.546	0.623	2.161	127.738533	37.885815
1596707548357	1596707548350	-12.303	-3.210	2.074	-1.092	0.554	2.096	127.738533	37.885815
1596707548370	1596707548369	-12.725	-3.049	1.538	-0.930	0.587	1.936	127.738533	37.885815
1596707548391	1596707548389	-14.258	-3.140	1.945	-0.957	0.823	1.731	127.738533	37.885815
1596707548413	1596707548408	-14.138	-3.430	2.759	-0.922	0.571	1.360	127.738533	37.885815
1596707548431	1596707548429	-11.340	-3.334	2.223	-0.765	-0.121	0.894	127.738533	37.885815
1596707548450	1596707548450	-9.836	-3.099	1.626	-0.517	-0.208	0.416	127.738533	37.885815
1596707548470	1596707548470	-10.061	-3.087	1.435	-0.325	0.018	-0.117	127.738533	37.885815
1596707548489	1596707548490	-10.413	-2.912	1.157	-0.105	-0.004	-0.646	127.738533	37.885815
1596707548510	1596707548508	-10.473	-2.450	0.675	0.095	-0.180	-1.159	127.738533	37.885815
1596707548529	1596707548526	-10.912	-2.381	0.402	0.224	-0.258	-1.626	127.738533	37.885815
1596707548554	1596707548546	-11.491	-2.556	0.460	0.384	-0.317	-1.985	127.738533	37.885815
1596707548568	1596707548566	-11.798	-2.632	0.826	0.671	-0.395	-2.249	127.738533	37.885815
1596707548588	1596707548586	-11.784	-2.534	1.224	1.014	-0.506	-2.474	127.738533	37.885815
1596707548607	1596707548605	-11.326	-2.256	1.365	1.246	-0.657	-2.689	127.738533	37.885815
1596707548627	1596707548626	-10.519	-1.957	1.104	1.324	-0.774	-2.872	127.738533	37.885815
1596707548646	1596707548646	-10.444	-1.959	0.999	1.299	-0.660	-3.032	127.738533	37.885815
1596707548666	1596707548666	-11.122	-1.643	0.955	1.405	-0.504	-3.183	127.738533	37.885815
1596707548686	1596707548686	-11.489	-1.109	0.510	1.378	-0.531	-3.253	127.738533	37.885815
1596707548709	1596707548709	-11.065	-1.137	-0.041	1.365	-0.628	-3.167	127.738533	37.885815
1596707548731	1596707548725	-11.475	-1.221	-0.099	1.265	-0.563	-3.128	127.738533	37.885815
1596707548745	1596707548744	-11.479	-0.864	0.266	1.138	-0.437	-3.124	127.738533	37.885815
1596707548765	1596707548763	-10.897	-1.204	0.558	1.050	-0.534	-2.718	127.738533	37.885815
1596707548784	1596707548782	-10.085	-1.504	0.515	1.045	-0.672	-2.332	127.738533	37.885815
1596707548805	1596707548802	-9.369	-1.851	0.541	1.022	-0.583	-1.973	127.738533	37.885815
1596707548824	1596707548823	-8.981	-1.966	0.270	1.005	-0.519	-1.621	127.738533	37.885815
1596707548844	1596707548843	-9.002	-1.583	0.012	0.946	-0.484	-1.317	127.738533	37.885815
1596707548865	1596707548864	-9.431	-1.415	0.057	0.859	-0.409	-1.108	127.738533	37.885815
1596707548884	1596707548884	-10.032	-1.461	0.198	0.750	-0.342	-0.925	127.738533	37.885815
1596707548905	1596707548904	-10.121	-1.367	0.110	0.654	-0.360	-0.789	127.738533	37.885815
1596707548929	1596707548925	-9.870	-1.080	0.045	0.462	-0.384	-0.680	127.738533	37.885815
1596707548944	1596707548942	-9.831	-1.006	-0.027	0.179	-0.333	-0.560	127.738533	37.885815
1596707548969	1596707548969	-10.792	-0.905	0.177	-0.118	-0.108	-0.390	127.738533	37.885788
1596707548989	1596707548989	-11.606	-0.819	0.848	-0.411	0.103	-0.132	127.738533	37.885788
1596707549003	1596707549000	-10.900	-0.936	1.142	-0.711	0.002	0.140	127.738533	37.885788
1596707549024	1596707549021	-9.877	-1.020	1.025	-0.992	-0.012	0.468	127.738533	37.885788
1596707549042	1596707549039	-9.889	-1.387	1.648	-1.108	0.261	0.860	127.738533	37.885788
1596707549065	1596707549062	-9.534	-1.708	2.256	-0.973	0.391	1.184	127.738533	37.885788
1596707549080	1596707549078	-9.184	-1.674	2.012	-0.731	0.442	1.377	127.738533	37.885788
1596707549106	1596707549104	-10.071	-1.406	1.542	-0.531	0.746	1.510	127.738533	37.885788
1596707549119	1596707549119	-11.750	-1.401	1.698	-0.344	1.040	1.729	127.738533	37.885788
1596707549143	1596707549142	-12.919	-1.691	2.007	-0.231	1.037	1.915	127.738533	37.885788
1596707549159	1596707549156	-12.917	-1.844	2.160	-0.058	0.856	1.997	127.738533	37.885788
1596707549180	1596707549179	-12.097	-1.648	2.223	0.137	0.644	2.003	127.738533	37.885788
1596707549198	1596707549195	-10.866	-1.413	2.168	0.211	0.382	1.925	127.738533	37.885788
1596707549218	1596707549215	-9.441	-1.116	1.863	0.070	0.153	1.777	127.738533	37.885788
1596707549238	1596707549235	-8.152	-0.757	1.425	-0.294	0.043	1.607	127.738533	37.885788
1596707549257	1596707549255	-7.539	-0.467	1.226	-0.717	0.130	1.471	127.738533	37.885788
1596707549276	1596707549276	-8.250	-0.586	1.432	-1.211	0.417	1.435	127.738533	37.885788
1596707549296	1596707549296	-9.709	-1.094	1.487	-1.618	0.542	1.392	127.738533	37.885788
1596707549315	1596707549315	-10.327	-1.693	1.037	-1.807	0.436	1.395	127.738533	37.885788
1596707549336	1596707549334	-10.854	-1.973	0.809	-1.764	0.362	1.453	127.738533	37.885788
1596707549355	1596707549353	-11.288	-2.067	0.857	-1.666	0.274	1.538	127.738533	37.885788
1596707549374	1596707549372	-11.149	-2.328	1.037	-1.599	0.158	1.634	127.738533	37.885788
1596707549394	1596707549392	-10.667	-2.436	1.411	-1.503	0.107	1.677	127.738533	37.885788
1596707549414	1596707549412	-10.147	-2.558	1.629	-1.341	0.121	1.695	127.738533	37.885788
1596707549435	1596707549434	-10.011	-2.438	1.641	-1.178	0.225	1.680	127.738533	37.885788
1596707549453	1596707549451	-10.516	-2.362	1.425	-1.085	0.406	1.675	127.738533	37.885788
1596707549475	1596707549471	-11.625	-2.453	1.686	-1.135	0.607	1.670	127.738533	37.885788
1596707549492	1596707549492	-12.406	-2.706	1.875	-1.151	0.578	1.606	127.738533	37.885788
1596707549514	1596707549512	-12.639	-2.836	1.272	-1.069	0.408	1.489	127.738533	37.885788
1596707549533	1596707549531	-13.020	-2.836	1.379	-0.956	0.360	1.357	127.738533	37.885788
1596707549553	1596707549551	-12.291	-3.135	1.260	-0.745	0.142	1.214	127.738533	37.885788
1596707549571	1596707549569	-11.999	-3.423	0.891	-0.448	0.046	1.044	127.738533	37.885788
1596707549591	1596707549589	-12.981	-3.871	1.600	-0.114	0.158	0.865	127.738533	37.885788
1596707549611	1596707549610	-12.545	-4.314	2.283	0.169	-0.092	0.617	127.738533	37.885788
1596707549630	1596707549629	-10.624	-4.247	1.993	0.251	-0.553	0.248	127.738533	37.885788
1596707549650	1596707549647	-9.149	-4.139	1.152	0.284	-0.765	-0.136	127.738533	37.885788
1596707549669	1596707549668	-9.187	-4.074	-0.043	0.656	-0.561	-0.426	127.738533	37.885788
1596707549691	1596707549688	-10.159	-4.517	0.802	1.080	-0.388	-0.781	127.738533	37.885788
1596707549709	1596707549708	-10.818	-4.098	0.215	1.222	-0.319	-1.159	127.738533	37.885788
1596707549731	1596707549731	-11.630	-4.290	0.258	1.883	-0.454	-1.576	127.738533	37.885788
1596707549749	1596707549746	-11.199	-3.301	-0.273	2.224	-0.710	-1.920	127.738533	37.885788
1596707549768	1596707549766	-11.122	-2.702	-0.223	2.322	-0.798	-2.234	127.738533	37.885788
1596707549787	1596707549785	-11.089	-2.079	-0.214	2.216	-0.920	-2.576	127.738533	37.885788
1596707549808	1596707549805	-11.134	-1.434	-0.008	1.970	-0.892	-2.788	127.738533	37.885788
1596707549827	1596707549824	-11.494	-1.466	0.321	1.641	-0.871	-3.000	127.738533	37.885788
1596707549846	1596707549846	-11.884	-1.466	0.361	1.196	-0.870	-3.169	127.738533	37.885788
1596707549866	1596707549866	-12.366	-1.712	0.218	0.925	-0.826	-3.226	127.738533	37.885788
1596707549886	1596707549885	-12.900	-2.603	0.186	0.934	-0.788	-3.249	127.738533	37.885788
1596707549906	1596707549905	-12.708	-2.249	-0.793	0.867	-0.871	-3.255	127.738533	37.885788
1596707549926	1596707549925	-12.258	-1.902	-0.817	1.240	-0.984	-3.057	127.738533	37.885788
1596707549955	1596707549955	-11.527	-3.004	-0.549	1.897	-1.228	-2.999	127.738533	37.885788
1596707549965	1596707549965	-10.569	-2.146	-0.506	1.963	-1.307	-2.783	127.738533	37.885788
1596707549989	1596707549987	-9.817	-0.373	-0.317	1.828	-1.286	-2.574	127.738533	37.885769
1596707550011	1596707550002	-9.484	0.276	-0.233	1.414	-1.286	-2.219	127.738533	37.885769
1596707550026	1596707550024	-9.438	-0.440	-0.436	1.152	-1.043	-1.979	127.738533	37.885769
1596707550043	1596707550042	-9.757	-1.377	-0.139	0.749	-0.738	-1.775	127.738533	37.885769
1596707550067	1596707550064	-10.167	-0.356	0.661	0.202	-0.666	-1.336	127.738533	37.885769
1596707550085	1596707550083	-10.571	0.523	0.584	0.097	-0.573	-0.740	127.738533	37.885769
1596707550107	1596707550106	-11.283	-0.359	0.685	0.167	-0.115	-0.311	127.738533	37.885769
1596707550123	1596707550123	-11.118	-0.241	1.154	0.093	-0.055	0.012	127.738533	37.885769
1596707550143	1596707550143	-9.745	0.793	2.029	-0.140	-0.132	0.309	127.738533	37.885769
1596707550166	1596707550166	-9.230	0.880	2.707	-0.395	-0.043	0.682	127.738533	37.885769
1596707550182	1596707550180	-9.520	0.690	2.869	-0.902	0.031	0.976	127.738533	37.885769
1596707550202	1596707550202	-9.695	0.621	3.226	-1.360	0.191	1.253	127.738533	37.885769
1596707550221	1596707550220	-9.989	0.274	3.641	-1.547	0.503	1.453	127.738533	37.885769
1596707550241	1596707550239	-10.617	-0.186	3.686	-1.589	0.779	1.691	127.738533	37.885769
1596707550262	1596707550260	-11.503	-0.802	3.346	-1.303	0.941	1.828	127.738533	37.885769
1596707550280	1596707550280	-11.997	-0.852	2.956	-0.833	0.944	1.918	127.738533	37.885769
1596707550300	1596707550299	-12.033	-0.792	3.351	-0.335	0.851	2.076	127.738533	37.885769
1596707550320	1596707550318	-11.278	-0.356	3.547	-0.071	0.637	2.109	127.738533	37.885769
1596707550340	1596707550338	-10.078	-0.452	3.380	-0.128	0.422	2.136	127.738533	37.885769
1596707550359	1596707550357	-9.244	-0.519	2.498	-0.312	0.346	2.283	127.738533	37.885769
1596707550378	1596707550375	-9.034	-0.610	3.420	-0.490	0.394	2.457	127.738533	37.885769
1596707550397	1596707550395	-9.462	-1.346	3.341	-0.593	0.513	2.530	127.738533	37.885769
1596707550418	1596707550415	-9.656	-1.791	2.699	-0.432	0.583	2.615	127.738533	37.885769
1596707550442	1596707550438	-10.466	-1.200	2.467	-0.611	0.683	2.726	127.738533	37.885769
1596707550457	1596707550455	-11.022	-1.113	2.668	-0.868	0.692	2.826	127.738533	37.885769
1596707550481	1596707550480	-11.137	-1.801	2.666	-1.187	0.556	2.822	127.738533	37.885769
1596707550495	1596707550495	-11.175	-1.906	2.436	-1.423	0.487	2.854	127.738533	37.885769
1596707550518	1596707550517	-10.914	-0.802	1.233	-1.685	0.400	2.969	127.738533	37.885769
1596707550535	1596707550535	-12.028	-1.307	0.970	-1.607	0.531	3.082	127.738533	37.885769
1596707550557	1596707550553	-13.932	-3.430	1.775	-1.777	0.681	2.910	127.738533	37.885769
1596707550574	1596707550573	-14.234	-4.826	2.345	-1.755	0.401	2.727	127.738533	37.885769
1596707550594	1596707550592	-12.679	-4.058	2.254	-1.574	0.041	2.712	127.738533	37.885769
1596707550614	1596707550612	-11.700	-4.060	1.892	-1.140	-0.002	2.466	127.738533	37.885769
1596707550632	1596707550631	-13.288	-4.340	1.648	-0.951	0.366	1.892	127.738533	37.885769
1596707550653	1596707550651	-13.901	-4.611	1.868	-0.524	0.497	1.322	127.738533	37.885769
1596707550673	1596707550673	-11.848	-4.676	1.655	-0.192	0.100	0.678	127.738533	37.885769
1596707550692	1596707550692	-9.961	-4.628	2.819	0.061	-0.156	0.084	127.738533	37.885769
1596707550712	1596707550712	-9.115	-4.007	3.183	0.135	-0.419	-0.523	127.738533	37.885769
1596707550731	1596707550731	-9.977	-3.931	2.747	0.468	-0.363	-1.042	127.738533	37.885769
1596707550755	1596707550755	-11.465	-4.422	2.419	0.975	-0.241	-1.605	127.738533	37.885769
1596707550774	1596707550770	-11.796	-2.898	1.629	1.452	-0.309	-2.036	127.738533	37.885769
1596707550790	1596707550789	-12.862	-2.522	2.374	1.601	-0.305	-2.421	127.738533	37.885769
1596707550811	1596707550808	-13.147	-2.759	2.156	1.372	-0.596	-3.018	127.738533	37.885769
1596707550830	1596707550828	-12.732	-2.282	1.681	1.395	-0.544	-3.091	127.738533	37.885769
1596707550850	1596707550848	-12.622	-1.777	1.617	1.293	-0.430	-3.304	127.738533	37.885769
1596707550869	1596707550869	-12.790	-2.122	1.732	1.237	-0.482	-3.559	127.738533	37.885769
1596707550889	1596707550888	-12.337	-1.109	1.653	1.500	-0.702	-3.855	127.738533	37.885769
1596707550909	1596707550908	-12.332	-1.125	1.018	1.641	-0.867	-3.919	127.738533	37.885769
1596707550928	1596707550928	-12.874	-1.432	0.495	1.793	-0.891	-3.888	127.738533	37.885769
1596707550951	1596707550951	-13.290	-0.893	0.670	2.093	-0.873	-3.784	127.738533	37.885769
1596707550978	1596707550968	-12.718	-0.215	0.927	2.344	-0.823	-3.537	127.738525	37.885750
1596707550991	1596707550989	-11.463	-0.651	0.625	2.821	-0.759	-3.386	127.738525	37.885750
1596707551008	1596707551005	-10.389	-0.742	-0.101	3.629	-1.034	-2.979	127.738525	37.885750
1596707551026	1596707551025	-10.840	-1.628	-0.903	4.746	-1.016	-2.557	127.738525	37.885750
1596707551046	1596707551044	-10.241	0.992	0.280	5.651	-0.903	-2.639	127.738525	37.885750
1596707551067	1596707551065	-9.038	4.578	-0.190	4.300	-1.854	-1.755	127.738525	37.885750
1596707551086	1596707551085	-9.563	2.973	-0.659	2.884	-1.924	-1.226	127.738525	37.885750
1596707551107	1596707551107	-11.578	1.665	1.037	1.530	-1.331	-1.199	127.738525	37.885750
1596707551125	1596707551125	-10.533	0.525	1.573	1.000	-1.628	-0.998	127.738525	37.885750
1596707551144	1596707551144	-9.862	3.119	1.667	-0.518	-1.493	-0.632	127.738525	37.885750
1596707551166	1596707551166	-10.509	3.237	0.872	-2.728	-1.040	-0.404	127.738525	37.885750
1596707551187	1596707551187	-10.377	1.780	-0.055	-4.225	-0.694	-0.316	127.738525	37.885750
1596707551206	1596707551202	-10.991	1.605	0.012	-4.776	-0.337	0.031	127.738525	37.885750
1596707551223	1596707551221	-10.533	0.698	0.802	-4.427	0.021	0.540	127.738525	37.885750
1596707551244	1596707551242	-9.304	-0.009	1.561	-3.669	0.099	0.962	127.738525	37.885750
1596707551264	1596707551262	-8.722	-0.275	2.352	-2.813	0.278	1.410	127.738525	37.885750
1596707551284	1596707551283	-9.206	-0.574	2.527	-1.982	0.671	1.849	127.738525	37.885750
1596707551304	1596707551301	-10.540	0.391	2.611	-1.340	1.044	2.253	127.738525	37.885750
1596707551323	1596707551323	-11.798	-0.103	2.333	-0.833	1.259	2.568	127.738525	37.885750
1596707551343	1596707551343	-12.747	-0.349	2.290	-0.748	1.406	2.798	127.738525	37.885750
1596707551363	1596707551362	-13.429	0.439	2.484	-0.964	1.449	3.123	127.738525	37.885750
1596707551385	1596707551386	-13.808	0.784	2.065	-1.502	1.436	3.403	127.738525	37.885750
1596707551402	1596707551400	-13.633	0.046	1.698	-2.184	1.278	3.587	127.738525	37.885750
1596707551424	1596707551419	-13.197	-0.534	1.636	-2.936	1.079	3.742	127.738525	37.885750
1596707551443	1596707551442	-12.756	-1.233	1.142	-3.497	0.834	3.949	127.738525	37.885750
1596707551461	1596707551458	-12.536	-1.655	0.103	-3.789	0.703	4.165	127.738525	37.885750
1596707551482	1596707551480	-12.871	-2.424	0.943	-3.610	0.535	4.334	127.738525	37.885750
1596707551500	1596707551499	-13.662	-3.787	1.408	-3.131	0.338	4.424	127.738525	37.885750
1596707551523	1596707551522	-13.221	-3.825	0.627	-2.464	0.157	4.354	127.738525	37.885750
1596707551539	1596707551538	-12.438	-3.648	0.515	-1.843	0.000	4.129	127.738525	37.885750
1596707551563	1596707551562	-12.148	-3.535	0.445	-1.693	0.012	3.787	127.738525	37.885750
1596707551578	1596707551578	-12.351	-3.521	-0.508	-1.817	0.057	3.385	127.738525	37.885750
1596707551600	1596707551597	-13.216	-2.948	-0.805	-2.295	0.372	2.809	127.738525	37.885750
1596707551617	1596707551615	-14.064	-3.188	0.395	-2.814	0.551	2.094	127.738525	37.885750
1596707551636	1596707551634	-13.118	-3.574	0.256	-3.251	0.212	1.216	127.738525	37.885750
1596707551656	1596707551654	-11.331	-3.844	0.891	-3.227	-0.060	0.703	127.738525	37.885750
1596707551675	1596707551675	-10.068	-3.545	1.070	-3.190	-0.113	0.332	127.738525	37.885750
1596707551695	1596707551695	-9.819	-3.990	-0.099	-2.747	-0.103	0.156	127.738525	37.885750
1596707551715	1596707551715	-10.732	-5.169	-0.499	-1.521	0.065	0.248	127.738525	37.885750
1596707551734	1596707551734	-11.570	-5.380	0.735	-0.182	0.172	0.260	127.738525	37.885750
1596707551754	1596707551754	-11.518	-4.803	0.955	0.815	-0.130	0.063	127.738525	37.885750
1596707551774	1596707551774	-11.604	-3.852	0.802	1.303	-0.057	-0.046	127.738525	37.885750
1596707551796	1596707551792	-12.107	-2.726	0.678	1.272	0.302	-0.425	127.738525	37.885750
1596707551814	1596707551811	-12.131	-3.641	1.717	0.908	0.510	-0.940	127.738525	37.885750
1596707551832	1596707551831	-11.843	-3.813	2.182	-0.021	0.531	-1.754	127.738525	37.885750
