1596707610861	1596707610859	-10.262	0.501	1.279	-1.216	0.244	0.674	127.738403	37.885159
1596707610879	1596707610876	-10.001	0.271	1.741	0.163	0.377	1.895	127.738403	37.885159
1596707610901	1596707610896	-10.030	0.297	2.352	1.285	0.657	2.864	127.738403	37.885159
1596707610918	1596707610915	-10.926	0.365	2.194	1.678	1.079	3.316	127.738403	37.885159
1596707610943	1596707610943	-12.684	0.417	1.427	1.744	1.694	3.734	127.738403	37.885147
1596707610957	1596707610954	-14.881	0.422	0.764	2.047	2.101	4.033	127.738403	37.885147
1596707610977	1596707610974	-16.472	0.674	1.375	2.015	2.066	3.978	127.738403	37.885147
1596707610997	1596707610993	-15.365	1.205	0.706	1.516	1.640	3.614	127.738403	37.885147
1596707611015	1596707611013	-12.972	0.381	0.249	1.302	0.945	3.668	127.738403	37.885147
1596707611038	1596707611033	-11.192	0.566	-0.259	0.460	0.646	3.229	127.738403	37.885147
1596707611055	1596707611052	-10.243	0.928	-0.896	-0.577	0.869	2.860	127.738403	37.885147
1596707611074	1596707611072	-10.976	0.192	-0.582	-1.387	1.358	3.059	127.738403	37.885147
1596707611095	1596707611092	-12.203	-0.967	-0.247	-1.564	1.465	2.770	127.738403	37.885147
1596707611113	1596707611112	-12.974	-0.040	-0.024	-2.363	1.653	2.617	127.738403	37.885147
1596707611133	1596707611131	-13.892	-0.445	0.208	-2.859	1.459	2.702	127.738403	37.885147
1596707611153	1596707611151	-14.572	-1.351	-0.467	-3.258	1.106	2.899	127.738403	37.885147
1596707611179	1596707611172	-14.431	-1.856	-0.446	-3.488	0.919	3.010	127.738403	37.885147
1596707611193	1596707611192	-13.700	-2.088	-0.367	-3.566	0.719	3.147	127.738403	37.885147
1596707611214	1596707611211	-12.878	-2.441	0.009	-3.517	0.571	3.295	127.738403	37.885147
1596707611231	1596707611230	-12.344	-2.850	-0.010	-3.302	0.583	3.448	127.738403	37.885147
1596707611252	1596707611250	-12.574	-3.207	0.285	-2.855	0.736	3.661	127.738403	37.885147
1596707611271	1596707611269	-12.842	-3.545	0.364	-2.442	0.687	3.639	127.738403	37.885147
1596707611292	1596707611289	-12.574	-3.372	0.505	-2.399	0.750	3.057	127.738403	37.885147
1596707611310	1596707611309	-12.828	-3.861	0.050	-2.292	0.655	2.469	127.738403	37.885147
1596707611331	1596707611329	-13.480	-4.520	0.196	-1.839	0.781	1.896	127.738403	37.885147
1596707611349	1596707611348	-13.195	-4.747	0.797	-0.971	0.523	1.275	127.738403	37.885147
1596707611369	1596707611368	-11.364	-4.379	0.692	-0.120	0.115	0.479	127.738403	37.885147
1596707611393	1596707611392	-10.296	-4.199	0.081	0.608	0.000	-0.370	127.738403	37.885147
1596707611410	1596707611408	-10.967	-3.221	-0.515	1.215	0.136	-1.313	127.738403	37.885147
1596707611429	1596707611427	-12.529	-2.419	-0.690	1.588	0.190	-2.145	127.738403	37.885147
1596707611448	1596707611447	-13.621	-1.993	-0.810	1.710	-0.108	-2.914	127.738403	37.885147
1596707611468	1596707611467	-14.177	-1.875	-1.006	1.934	-0.588	-3.435	127.738403	37.885147
1596707611488	1596707611486	-14.653	-1.748	-0.887	2.493	-0.935	-3.608	127.738403	37.885147
1596707611507	1596707611506	-14.792	-1.027	-0.767	2.988	-1.192	-3.818	127.738403	37.885147
1596707611527	1596707611526	-14.328	0.008	-0.793	3.168	-1.427	-4.122	127.738403	37.885147
1596707611547	1596707611545	-13.575	0.492	-0.353	3.026	-1.536	-4.333	127.738403	37.885147
1596707611566	1596707611565	-12.869	0.683	0.203	2.602	-1.612	-4.404	127.738403	37.885147
1596707611596	1596707611589	-12.337	0.571	0.603	2.326	-1.509	-4.503	127.738403	37.885147
1596707611609	1596707611607	-12.708	-0.203	0.517	2.260	-1.161	-4.390	127.738403	37.885147
1596707611625	1596707611624	-13.276	-0.548	0.234	2.115	-0.696	-4.094	127.738403	37.885147
1596707611645	1596707611644	-13.353	-0.663	-0.125	2.173	-0.686	-3.537	127.738403	37.885147
1596707611665	1596707611664	-12.806	0.147	-1.368	2.118	-1.131	-3.302	127.738403	37.885147
1596707611687	1596707611685	-11.683	1.450	-1.905	2.192	-1.432	-3.237	127.738403	37.885147
1596707611707	1596707611707	-11.178	-0.100	-1.129	2.038	-1.613	-2.800	127.738403	37.885147
1596707611733	1596707611729	-11.642	-1.731	-0.357	1.740	-1.740	-2.635	127.738403	37.885147
1596707611744	1596707611743	-12.524	0.051	-0.683	1.316	-1.879	-2.611	127.738403	37.885147
1596707611766	1596707611764	-12.042	3.230	-1.078	0.567	-2.427	-2.430	127.738403	37.885147
1596707611786	1596707611786	-10.195	5.901	-2.025	-0.619	-3.010	-2.533	127.738403	37.885147
1596707611808	1596707611803	-8.988	7.335	-3.464	-2.156	-2.344	-2.390	127.738403	37.885147
1596707611822	1596707611821	-10.291	6.964	-3.826	-3.179	-0.750	-1.659	127.738403	37.885147
1596707611843	1596707611841	-11.355	4.533	-1.174	-2.805	-0.090	-0.604	127.738403	37.885147
1596707611862	1596707611861	-11.400	3.038	-0.808	-1.626	-0.322	0.130	127.738403	37.885147
1596707611884	1596707611882	-11.887	4.243	-0.499	-0.294	0.483	0.556	127.738403	37.885147
1596707611903	1596707611902	-14.280	3.625	0.567	0.635	1.507	1.500	127.738403	37.885147
1596707611927	1596707611920	-16.788	2.916	0.218	0.700	2.065	2.148	127.738403	37.885147
1596707611941	1596707611939	-17.633	2.638	-0.276	0.542	2.072	2.539	127.738403	37.885147
1596707611961	1596707611960	-16.790	2.317	-0.709	0.182	1.854	2.945	127.738403	37.885147
1596707611980	1596707611979	-15.434	2.343	-1.438	-0.552	1.814	3.318	127.738403	37.885147
1596707612000	1596707611999	-14.399	1.869	-2.549	-1.122	1.809	3.698	127.738403	37.885147
1596707612020	1596707612019	-13.520	1.732	-2.573	-1.353	1.533	3.701	127.738403	37.885147
1596707612041	1596707612039	-13.017	0.400	-2.441	-1.460	1.051	3.589	127.738403	37.885147
1596707612059	1596707612057	-12.828	-1.422	-1.684	-1.560	1.004	3.549	127.738403	37.885136
1596707612079	1596707612077	-13.127	-1.686	-0.669	-1.591	1.251	3.716	127.738403	37.885136
1596707612100	1596707612098	-13.860	-2.400	0.476	-1.733	1.503	4.469	127.738403	37.885136
1596707612122	1596707612118	-13.870	-2.829	0.620	-1.548	1.140	4.196	127.738403	37.885136
1596707612139	1596707612136	-13.278	-1.257	0.143	-1.717	1.212	3.961	127.738403	37.885136
1596707612158	1596707612155	-13.580	-0.481	0.139	-2.052	1.325	3.918	127.738403	37.885136
1596707612178	1596707612174	-13.913	-0.697	-0.779	-2.577	1.293	3.858	127.738403	37.885136
1596707612198	1596707612194	-14.474	-0.828	-1.145	-2.921	1.434	3.898	127.738403	37.885136
1596707612222	1596707612218	-15.379	-1.497	-1.121	-3.154	1.384	4.042	127.738403	37.885136
1596707612239	1596707612234	-16.004	-1.988	-1.256	-3.319	1.406	4.024	127.738403	37.885136
1596707612258	1596707612253	-16.110	-2.661	-0.621	-3.445	1.159	3.709	127.738403	37.885136
1596707612275	1596707612272	-15.271	-3.363	-0.774	-3.461	0.592	3.396	127.738403	37.885136
1596707612297	1596707612292	-13.987	-4.640	-0.235	-3.471	0.320	2.944	127.738403	37.885136
1596707612315	1596707612313	-12.715	-6.501	-0.609	-3.415	0.102	2.235	127.738403	37.885136
1596707612335	1596707612335	-11.846	-8.401	-1.426	-2.830	0.235	1.424	127.738403	37.885136
1596707612355	1596707612355	-11.043	-9.088	0.038	-1.810	0.398	0.351	127.738403	37.885136
1596707612374	1596707612375	-10.258	-6.853	1.832	-0.760	0.356	-0.711	127.738403	37.885136
1596707612400	1596707612397	-10.912	-3.931	1.791	0.282	0.564	-1.713	127.738403	37.885136
1596707612418	1596707612415	-12.313	-3.844	1.315	1.081	0.549	-2.554	127.738403	37.885136
1596707612433	1596707612433	-13.137	-3.969	0.680	1.518	0.317	-3.382	127.738403	37.885136
1596707612452	1596707612450	-14.421	-3.703	0.060	2.091	0.374	-4.060	127.738403	37.885136
1596707612472	1596707612471	-16.328	-3.686	-0.467	3.007	0.262	-4.488	127.738403	37.885136
1596707612493	1596707612490	-16.824	-3.118	-1.665	4.072	-0.247	-4.506	127.738403	37.885136
1596707612512	1596707612512	-16.963	-2.280	-2.281	5.045	-0.656	-4.246	127.738403	37.885136
1596707612532	1596707612532	-17.305	-0.316	-2.949	5.856	-0.991	-4.169	127.738403	37.885136
1596707612552	1596707612552	-17.830	0.254	-1.934	6.870	-1.353	-3.774	127.738403	37.885136
1596707612572	1596707612571	-17.803	2.159	-2.128	6.416	-2.230	-3.970	127.738403	37.885136
1596707612591	1596707612591	-16.201	2.592	-2.147	5.353	-2.507	-4.238	127.738403	37.885136
1596707612618	1596707612610	-15.128	0.887	-1.500	4.495	-2.488	-3.692	127.738403	37.885136
1596707612632	1596707612628	-14.996	0.221	-1.730	3.918	-2.404	-3.340	127.738403	37.885136
1596707612650	1596707612648	-15.315	0.513	-1.567	3.131	-2.217	-3.129	127.738403	37.885136
1596707612669	1596707612667	-15.722	0.429	-1.565	2.288	-2.226	-3.001	127.738403	37.885136
1596707612689	1596707612686	-15.315	0.530	-1.596	1.525	-2.385	-2.704	127.738403	37.885136
1596707612710	1596707612708	-13.801	0.947	-1.704	0.568	-2.758	-2.674	127.738403	37.885136
1596707612729	1596707612726	-12.217	0.724	-1.907	-0.385	-2.874	-2.685	127.738403	37.885136
1596707612748	1596707612748	-11.189	0.448	-1.977	-1.180	-2.664	-2.741	127.738403	37.885136
1596707612768	1596707612769	-11.086	0.149	-2.106	-1.763	-2.287	-2.877	127.738403	37.885136
1596707612788	1596707612788	-11.494	0.290	-1.840	-2.136	-1.837	-3.095	127.738403	37.885136
1596707612811	1596707612811	-11.388	0.434	-1.756	-2.242	-1.719	-3.009	127.738403	37.885136
1596707612832	1596707612832	-10.270	1.713	-1.354	-2.157	-1.698	-3.058	127.738403	37.885136
1596707612848	1596707612845	-8.229	3.577	-1.392	-2.038	-1.868	-2.947	127.738403	37.885136
1596707612867	1596707612863	-6.319	4.528	-1.716	-1.892	-1.663	-2.452	127.738403	37.885136
1596707612886	1596707612884	-5.747	4.693	-1.862	-1.801	-0.819	-1.900	127.738403	37.885136
1596707612905	1596707612903	-6.300	3.769	-1.318	-1.793	0.043	-1.173	127.738403	37.885136
1596707612924	1596707612924	-7.112	1.752	-0.738	-1.365	0.323	-0.291	127.738403	37.885136
1596707612949	1596707612949	-8.365	-0.234	-0.772	-0.695	0.512	0.817	127.738403	37.885124
1596707612969	1596707612969	-9.757	0.127	-0.252	-0.059	1.086	1.907	127.738403	37.885124
1596707612986	1596707612982	-11.352	0.772	0.313	0.368	1.689	2.977	127.738403	37.885124
1596707613004	1596707613002	-13.300	0.099	0.776	0.324	2.209	3.801	127.738403	37.885124
1596707613023	1596707613022	-14.960	-0.297	1.214	0.174	2.490	4.303	127.738403	37.885124
1596707613044	1596707613042	-15.564	-0.136	1.262	0.439	2.272	4.499	127.738403	37.885124
1596707613064	1596707613062	-14.962	0.032	0.553	0.834	2.000	4.604	127.738403	37.885124
1596707613084	1596707613082	-14.411	-0.021	0.158	1.120	2.135	4.533	127.738403	37.885124
1596707613103	1596707613101	-14.258	-0.407	0.371	1.266	2.265	4.369	127.738403	37.885124
1596707613123	1596707613121	-14.007	-0.874	-0.242	1.576	2.098	4.112	127.738403	37.885124
1596707613143	1596707613143	-13.556	0.274	-1.392	1.283	1.959	3.781	127.738403	37.885124
1596707613163	1596707613163	-14.359	0.932	-2.228	0.277	2.177	3.750	127.738403	37.885124
1596707613183	1596707613183	-16.644	1.476	-2.434	-1.073	2.530	3.770	127.738403	37.885124
1596707613202	1596707613202	-19.167	1.519	-2.118	-2.649	2.638	3.735	127.738403	37.885124
1596707613225	1596707613224	-20.884	0.712	-1.974	-4.158	2.360	3.780	127.738403	37.885124
1596707613245	1596707613239	-21.049	-0.253	-1.974	-5.464	1.950	3.906	127.738403	37.885124
1596707613267	1596707613267	-20.273	-1.490	-2.116	-6.763	1.559	3.947	127.738403	37.885124
1596707613280	1596707613278	-19.303	-2.342	-2.417	-7.373	1.046	4.005	127.738403	37.885124
1596707613302	1596707613299	-18.136	-2.948	-2.468	-7.423	0.886	4.467	127.738403	37.885124
1596707613320	1596707613316	-17.705	-3.413	-2.116	-6.921	0.706	4.795	127.738403	37.885124
1596707613339	1596707613339	-17.351	-3.514	-2.393	-5.979	-0.017	4.489	127.738403	37.885124
1596707613367	1596707613367	-16.541	-5.167	-2.940	-4.988	-0.460	4.373	127.738403	37.885124
1596707613383	1596707613383	-14.593	-7.260	-3.699	-3.824	-0.698	3.911	127.738403	37.885124
1596707613403	1596707613403	-11.374	-13.206	-5.232	-2.033	-1.145	3.300	127.738403	37.885124
1596707613430	1596707613430	-7.338	-16.358	-1.395	-0.341	-0.837	2.326	127.738403	37.885124
1596707613441	1596707613442	-7.043	-8.377	0.495	1.087	-0.194	1.293	127.738403	37.885124
1596707613460	1596707613460	-10.799	-0.951	0.263	3.328	1.017	-0.225	127.738403	37.885124
1596707613478	1596707613478	-12.512	0.274	0.009	3.916	0.883	-1.146	127.738403	37.885124
1596707613495	1596707613495	-11.527	-1.969	-0.630	3.400	-0.011	-1.749	127.738403	37.885124
1596707613514	1596707613514	-11.717	-2.419	-1.953	2.959	-0.237	-2.827	127.738403	37.885124
1596707613534	1596707613534	-13.389	-2.565	-1.565	2.676	-0.058	-3.761	127.738403	37.885124
1596707613555	1596707613555	-14.548	-2.659	-1.399	2.251	-0.430	-4.172	127.738403	37.885124
1596707613583	1596707613583	-15.995	-3.229	-1.541	2.221	-0.730	-4.180	127.738403	37.885124
1596707613602	1596707613601	-18.390	-2.683	-0.973	2.823	-0.967	-4.456	127.738403	37.885124
1596707613621	1596707613621	-19.904	-1.233	-0.915	3.367	-1.493	-4.732	127.738403	37.885124
1596707613637	1596707613637	-19.593	0.012	-1.035	4.163	-2.163	-4.886	127.738403	37.885124
1596707613656	1596707613655	-17.983	1.536	-1.306	4.754	-2.441	-4.897	127.738403	37.885124
1596707613674	1596707613674	-17.918	2.303	-1.112	4.431	-2.162	-4.998	127.738403	37.885124
1596707613692	1596707613691	-18.029	1.098	-1.004	3.886	-1.987	-5.179	127.738403	37.885124
1596707613711	1596707613710	-17.775	1.107	-1.332	2.942	-1.856	-5.097	127.738403	37.885124
1596707613731	1596707613731	-17.873	0.343	-1.665	2.187	-1.780	-4.803	127.738403	37.885124
1596707613751	1596707613750	-18.033	-0.122	-2.082	1.459	-1.725	-4.689	127.738403	37.885124
1596707613776	1596707613776	-17.897	0.144	-2.192	0.839	-1.583	-4.466	127.738403	37.885124
1596707613796	1596707613796	-17.085	0.233	-2.108	0.310	-1.686	-4.130	127.738403	37.885124
1596707613815	1596707613815	-16.055	0.266	-2.319	-0.037	-1.929	-3.860	127.738403	37.885124
1596707613833	1596707613833	-15.343	0.264	-2.657	-0.205	-1.984	-3.635	127.738403	37.885124
1596707613854	1596707613854	-14.800	0.367	-2.719	-0.233	-2.027	-3.509	127.738403	37.885124
1596707613869	1596707613868	-13.904	0.341	-2.384	-0.411	-2.156	-3.715	127.738403	37.885124
1596707613889	1596707613888	-12.466	0.554	-2.262	-0.769	-2.394	-4.285	127.738403	37.885124
1596707613908	1596707613908	-10.622	0.971	-2.192	-1.119	-2.503	-4.300	127.738403	37.885124
1596707613928	1596707613926	-8.569	0.839	-1.725	-1.754	-2.256	-3.964	127.738403	37.885124
1596707613959	1596707613948	-6.430	0.911	-1.682	-2.129	-1.852	-4.098	127.738403	37.885113
1596707613976	1596707613976	-5.364	0.781	-1.675	-1.975	-1.305	-3.690	127.738403	37.885113
1596707613992	1596707613992	-6.564	0.987	-1.419	-1.938	-0.319	-3.005	127.738403	37.885113
1596707614013	1596707614007	-8.298	0.314	-1.347	-2.098	0.400	-2.407	127.738403	37.885113
1596707614026	1596707614026	-8.348	-0.215	-1.294	-2.145	0.269	-1.798	127.738403	37.885113
1596707614055	1596707614049	-6.806	-0.373	-0.312	-1.966	-0.113	-1.031	127.738403	37.885113
1596707614066	1596707614065	-5.459	-1.851	1.794	-1.309	-0.086	0.124	127.738403	37.885113
1596707614085	1596707614084	-5.301	-3.564	3.396	-0.337	0.283	1.174	127.738403	37.885113
1596707614105	1596707614104	-5.670	-2.910	3.454	0.889	0.386	1.954	127.738403	37.885113
1596707614125	1596707614123	-6.300	-0.862	3.732	1.706	0.646	2.930	127.738403	37.885113
1596707614147	1596707614147	-7.512	0.434	3.526	1.643	1.040	3.908	127.738403	37.885113
1596707614163	1596707614164	-9.716	0.944	2.534	0.878	1.649	4.843	127.738403	37.885113
1596707614185	1596707614185	-13.132	1.548	1.470	0.053	2.318	5.893	127.738403	37.885113
1596707614205	1596707614205	-17.665	1.514	0.958	-0.484	2.769	6.909	127.738403	37.885113
1596707614227	1596707614227	-22.192	1.244	1.118	-1.049	2.482	7.424	127.738403	37.885113
1596707614244	1596707614244	-23.651	0.566	0.975	-1.713	1.361	7.890	127.738403	37.885113
1596707614268	1596707614267	-22.348	-0.323	-0.664	-2.632	0.554	8.207	127.738403	37.885113
1596707614289	1596707614281	-23.081	0.094	-2.056	-3.657	0.451	8.237	127.738403	37.885113
1596707614309	1596707614309	-25.546	-1.576	-1.514	-4.650	0.408	8.434	127.738403	37.885113
1596707614322	1596707614320	-25.071	-2.960	-0.915	-4.954	-0.126	7.266	127.738403	37.885113
1596707614343	1596707614341	-22.836	-2.007	-0.791	-4.696	-1.167	6.076	127.738403	37.885113
1596707614362	1596707614360	-20.498	-2.062	-1.533	-4.289	-1.706	5.917	127.738403	37.885113
1596707614383	1596707614383	-18.613	-3.279	-1.615	-4.365	-1.434	5.096	127.738403	37.885113
1596707614402	1596707614402	-17.123	-4.218	-2.643	-3.834	-1.546	4.612	127.738403	37.885113
1596707614422	1596707614422	-16.306	-3.899	-2.477	-2.587	-1.222	3.608	127.738403	37.885113
1596707614441	1596707614442	-15.966	-3.363	-2.748	-0.949	-1.271	2.833	127.738403	37.885113
1596707614465	1596707614462	-14.572	-3.200	-2.683	0.182	-1.369	2.679	127.738403	37.885113
1596707614484	1596707614477	-12.172	-4.103	-1.699	0.582	-1.378	2.732	127.738403	37.885113
1596707614502	1596707614497	-10.066	-5.112	-0.640	0.512	-1.343	2.587	127.738403	37.885113
1596707614518	1596707614516	-10.150	-6.745	-0.882	0.539	-0.926	2.339	127.738403	37.885113
1596707614539	1596707614535	-11.427	-7.912	0.057	0.607	-0.329	1.874	127.738403	37.885113
1596707614558	1596707614555	-12.442	-8.901	-0.551	0.985	-0.502	1.292	127.738403	37.885113
1596707614577	1596707614576	-13.851	-8.863	-1.490	1.578	-0.306	0.338	127.738403	37.885113
1596707614597	1596707614597	-13.496	-6.554	-0.915	2.234	-0.508	-0.600	127.738403	37.885113
1596707614617	1596707614617	-12.124	-3.638	-1.035	3.217	-0.916	-1.399	127.738403	37.885113
1596707614637	1596707614637	-13.082	-2.242	-1.452	4.090	-0.756	-2.321	127.738403	37.885113
1596707614657	1596707614655	-15.235	-1.497	-1.567	4.335	-0.666	-3.265	127.738403	37.885113
1596707614679	1596707614679	-17.135	-1.267	-1.613	4.395	-1.043	-4.102	127.738403	37.885113
1596707614694	1596707614692	-18.719	-0.915	-1.634	4.502	-1.675	-4.873	127.738403	37.885113
1596707614715	1596707614713	-19.921	-0.634	-1.579	4.457	-2.346	-5.446	127.738403	37.885113
1596707614734	1596707614732	-20.357	0.542	-2.020	4.235	-2.972	-5.939	127.738403	37.885113
1596707614754	1596707614752	-20.855	1.809	-2.829	3.869	-3.379	-6.207	127.738403	37.885113
1596707614773	1596707614771	-21.629	2.037	-1.802	3.532	-3.445	-6.440	127.738403	37.885113
1596707614795	1596707614792	-21.418	3.464	-1.404	2.069	-3.158	-7.064	127.738403	37.885113
1596707614813	1596707614813	-21.780	1.294	-0.875	1.388	-2.948	-6.974	127.738403	37.885113
1596707614834	1596707614834	-22.144	0.767	-0.868	1.159	-2.463	-6.674	127.738403	37.885113
1596707614853	1596707614853	-22.386	0.638	-0.896	1.061	-1.945	-6.448	127.738403	37.885113
1596707614878	1596707614875	-21.361	0.729	-1.737	0.709	-1.886	-5.999	127.738403	37.885113
1596707614893	1596707614893	-20.443	0.362	-2.204	0.253	-1.538	-5.280	127.738403	37.885113
1596707614911	1596707614911	-19.741	-0.153	-2.511	0.007	-1.512	-4.986	127.738403	37.885113
1596707614945	1596707614944	-18.632	0.101	-3.035	0.189	-1.621	-4.528	127.738403	37.885101
1596707614951	1596707614948	-17.514	0.398	-2.319	0.557	-1.640	-3.932	127.738403	37.885101
1596707614971	1596707614967	-15.837	1.907	-2.022	0.426	-2.382	-4.275	127.738403	37.885101
1596707614995	1596707614992	-13.197	4.451	-1.672	-0.100	-3.104	-4.552	127.738403	37.885101
1596707615013	1596707615009	-8.990	7.668	-1.323	-0.799	-3.672	-4.481	127.738403	37.885101
1596707615030	1596707615027	-3.687	7.886	-1.550	-1.230	-3.744	-3.783	127.738403	37.885101
1596707615050	1596707615047	0.697	5.944	-1.737	-1.797	-2.744	-2.931	127.738403	37.885101
1596707615069	1596707615066	0.735	3.828	-1.347	-2.197	-1.123	-2.186	127.738403	37.885101
1596707615090	1596707615090	-1.672	2.791	-0.882	-1.786	-0.004	-1.338	127.738403	37.885101
1596707615111	1596707615111	-4.379	2.686	0.071	-1.229	0.531	-0.162	127.738403	37.885101
1596707615134	1596707615127	-5.486	2.631	1.387	-0.464	0.612	1.128	127.738403	37.885101
1596707615148	1596707615145	-6.238	2.123	1.866	0.274	0.890	2.271	127.738403	37.885101
1596707615167	1596707615165	-8.090	1.009	1.770	0.694	1.794	3.084	127.738403	37.885101
1596707615187	1596707615185	-11.101	0.283	1.882	0.825	2.721	4.046	127.738403	37.885101
1596707615208	1596707615206	-14.488	0.575	1.054	0.843	3.221	4.864	127.738403	37.885101
1596707615226	1596707615227	-17.751	0.674	-0.043	1.225	3.388	5.410	127.738403	37.885101
1596707615247	1596707615247	-19.535	0.721	-0.321	1.726	3.082	5.828	127.738403	37.885101
1596707615279	1596707615279	-19.351	0.377	-0.499	2.125	2.664	5.923	127.738403	37.885101
1596707615288	1596707615288	-18.738	-0.345	-0.674	2.282	3.015	5.975	127.738403	37.885101
1596707615312	1596707615305	-18.697	0.777	-0.446	2.410	3.324	5.997	127.738403	37.885101
1596707615326	1596707615323	-18.666	1.253	-1.150	1.995	3.159	5.520	127.738403	37.885101
1596707615348	1596707615346	-19.466	2.731	-2.080	0.773	3.369	4.820	127.738403	37.885101
1596707615363	1596707615362	-21.342	3.503	-2.192	-1.125	3.780	4.900	127.738403	37.885101
1596707615388	1596707615388	-23.311	2.899	-1.280	-3.610	3.986	5.041	127.738403	37.885101
1596707615404	1596707615404	-24.841	0.674	-2.037	-6.623	3.990	4.747	127.738403	37.885101
1596707615428	1596707615428	-24.997	-2.029	-3.019	-7.697	2.889	4.620	127.738403	37.885101
1596707615446	1596707615446	-22.959	-2.371	-3.059	-7.147	2.044	4.843	127.738403	37.885101
1596707615463	1596707615463	-21.950	-0.764	-2.873	-7.269	1.775	5.193	127.738403	37.885101
1596707615485	1596707615486	-21.929	-1.966	-3.493	-7.596	1.096	5.416	127.738403	37.885101
1596707615506	1596707615502	-21.672	-3.677	-2.410	-6.879	0.573	5.209	127.738403	37.885101
1596707615525	1596707615522	-20.570	-6.170	-0.891	-4.860	-0.284	5.212	127.738403	37.885101
1596707615542	1596707615541	-18.117	-7.744	-1.105	-2.343	-1.124	4.912	127.738403	37.885101
1596707615561	1596707615561	-16.239	-10.820	-1.531	-0.356	-0.979	4.845	127.738403	37.885101
1596707615581	1596707615581	-14.342	-20.318	-0.530	1.857	-1.005	3.636	127.738403	37.885101
1596707615601	1596707615601	-8.317	-24.309	2.199	4.806	-2.852	1.131	127.738403	37.885101
1596707615627	1596707615627	-5.555	-9.617	-3.402	8.779	-1.753	-0.105	127.738403	37.885101
1596707615647	1596707615647	-10.983	1.929	-1.172	8.724	2.279	-0.404	127.738403	37.885101
1596707615666	1596707615667	-15.264	2.743	1.918	7.180	1.423	-1.832	127.738403	37.885101
1596707615686	1596707615686	-13.417	2.856	1.447	3.952	-1.208	-3.071	127.738403	37.885101
1596707615701	1596707615701	-10.562	1.713	0.014	0.975	-2.280	-3.273	127.738403	37.885101
1596707615724	1596707615723	-11.316	-0.313	-0.271	-0.306	-2.104	-3.430	127.738403	37.885101
1596707615739	1596707615737	-12.799	-1.267	-0.674	-0.700	-2.304	-3.636	127.738403	37.885101
1596707615758	1596707615755	-13.947	-2.124	-0.695	-0.667	-2.748	-3.758	127.738403	37.885101
1596707615777	1596707615775	-15.868	-3.339	0.452	-0.404	-2.901	-3.969	127.738403	37.885101
1596707615795	1596707615795	-19.370	-3.863	0.682	0.035	-2.985	-4.381	127.738403	37.885101
1596707615817	1596707615817	-22.791	-3.420	0.869	1.321	-2.883	-5.120	127.738403	37.885101
1596707615840	1596707615840	-24.762	0.393	0.879	2.679	-3.682	-5.166	127.738403	37.885101
1596707615859	1596707615859	-23.886	2.027	-0.355	3.030	-4.116	-5.027	127.738403	37.885101
1596707615880	1596707615881	-22.515	2.164	-0.554	2.262	-3.284	-5.293	127.738403	37.885101
1596707615908	1596707615908	-22.302	0.853	-1.392	1.481	-2.693	-5.232	127.738403	37.885101
1596707615920	1596707615920	-21.869	0.293	-2.657	1.262	-2.199	-5.372	127.738403	37.885101
1596707615954	1596707615953	-20.719	0.504	-3.057	1.379	-1.780	-5.310	127.738403	37.885101
1596707615956	1596707615954	-19.430	0.652	-3.244	1.304	-1.790	-4.918	127.738403	37.885101
1596707615973	1596707615972	-17.724	0.511	-3.385	0.963	-1.858	-4.511	127.738411	37.885090
1596707615992	1596707615991	-16.254	-0.064	-2.911	0.562	-2.057	-4.105	127.738411	37.885090
1596707616015	1596707616015	-15.156	-0.356	-2.863	0.424	-2.475	-3.838	127.738411	37.885090
1596707616035	1596707616032	-14.110	-0.227	-2.238	0.464	-2.581	-3.409	127.738411	37.885090
1596707616052	1596707616051	-12.938	0.056	-1.783	0.384	-2.843	-3.374	127.738411	37.885090
1596707616070	1596707616071	-11.259	0.614	-1.910	0.185	-3.131	-3.504	127.738411	37.885090
1596707616094	1596707616091	-9.800	1.078	-1.890	-0.056	-2.932	-3.184	127.738411	37.885090
1596707616114	1596707616114	-8.655	1.855	-1.392	-0.526	-2.482	-2.988	127.738411	37.885090
1596707616131	1596707616130	-7.019	4.080	-1.591	-1.243	-2.424	-3.049	127.738411	37.885090
1596707616154	1596707616154	-4.367	5.762	-1.895	-1.910	-2.423	-2.730	127.738411	37.885090
1596707616169	1596707616169	-1.401	6.358	-1.088	-2.164	-2.193	-2.261	127.738411	37.885090
1596707616189	1596707616188	0.199	6.389	-1.366	-2.465	-1.503	-1.618	127.738411	37.885090
1596707616209	1596707616207	-2.063	3.673	-1.258	-2.315	-0.055	-0.462	127.738411	37.885090
1596707616229	1596707616227	-5.721	0.896	0.107	-1.513	0.799	0.879	127.738411	37.885090
1596707616250	1596707616250	-7.110	1.016	1.078	-0.779	0.819	2.137	127.738411	37.885090
1596707616269	1596707616269	-7.855	2.573	1.432	-0.064	1.191	3.311	127.738411	37.885090
1596707616289	1596707616289	-10.418	1.478	1.866	0.508	2.063	4.592	127.738411	37.885090
1596707616309	1596707616309	-14.196	-0.416	2.513	0.637	2.954	5.463	127.738411	37.885090
1596707616328	1596707616328	-18.189	0.053	0.893	0.959	3.334	5.648	127.738411	37.885090
1596707616349	1596707616346	-21.157	0.252	1.521	2.273	3.311	6.189	127.738411	37.885090
1596707616368	1596707616366	-20.764	0.247	1.284	3.333	2.760	6.279	127.738411	37.885090
1596707616386	1596707616384	-18.251	1.325	-0.192	3.631	2.685	5.788	127.738411	37.885090
1596707616409	1596707616407	-17.758	1.565	-1.074	3.377	3.101	5.558	127.738411	37.885090
1596707616426	1596707616424	-18.572	1.651	-1.881	2.768	3.291	4.748	127.738411	37.885090
1596707616446	1596707616445	-19.315	3.220	-2.372	1.295	3.209	4.257	127.738411	37.885090
1596707616465	1596707616463	-20.371	2.837	-1.938	-1.021	3.429	4.454	127.738411	37.885090
1596707616484	1596707616485	-22.197	1.474	-1.809	-3.931	3.692	4.250	127.738411	37.885090
1596707616505	1596707616505	-23.536	1.201	-1.910	-6.346	3.214	3.882	127.738411	37.885090
1596707616528	1596707616528	-23.567	-0.994	-2.578	-7.854	2.813	3.822	127.738411	37.885090
1596707616549	1596707616544	-22.875	-2.527	-2.221	-7.945	1.880	3.972	127.738411	37.885090
1596707616566	1596707616564	-21.303	-2.242	-2.801	-8.128	1.057	4.250	127.738411	37.885090
1596707616584	1596707616581	-19.713	-3.099	-2.537	-7.996	0.536	4.540	127.738411	37.885090
1596707616604	1596707616602	-18.120	-3.265	-2.473	-7.169	-0.643	4.598	127.738411	37.885090
1596707616623	1596707616622	-16.575	-3.775	-2.408	-5.863	-1.033	5.438	127.738411	37.885090
1596707616644	1596707616641	-15.820	-5.780	-0.889	-4.231	-0.682	5.473	127.738411	37.885090
1596707616662	1596707616661	-16.376	-8.393	-0.626	-2.295	-0.814	4.960	127.738411	37.885090
1596707616683	1596707616683	-16.421	-11.515	0.095	0.426	-1.807	4.575	127.738411	37.885090
1596707616704	1596707616703	-13.068	-12.106	-3.888	3.095	-3.354	3.148	127.738411	37.885090
1596707616728	1596707616724	-7.532	-17.767	-5.297	2.524	-1.674	3.251	127.738411	37.885090
1596707616751	1596707616745	-5.756	-14.418	0.793	0.808	0.315	1.979	127.738411	37.885090
1596707616768	1596707616764	-11.163	-3.384	2.522	1.130	1.231	0.353	127.738411	37.885090
1596707616788	1596707616788	-14.249	3.919	1.916	1.394	1.607	-1.756	127.738411	37.885090
1596707616804	1596707616801	-12.675	1.196	1.178	-0.250	0.668	-3.334	127.738411	37.885090
1596707616829	1596707616829	-11.590	-3.008	-0.671	-2.226	0.382	-4.410	127.738411	37.885090
1596707616839	1596707616835	-13.151	-5.217	-1.272	-2.434	1.339	-5.215	127.738411	37.885090
1596707616858	1596707616855	-15.513	-6.817	-1.430	-1.826	1.886	-5.908	127.738411	37.885090
1596707616878	1596707616875	-18.354	-8.750	-1.668	-1.317	2.367	-6.085	127.738411	37.885090
1596707616900	1596707616895	-22.118	-8.832	-2.278	-0.304	2.989	-6.140	127.738411	37.885090
1596707616918	1596707616915	-25.694	-7.069	-2.988	1.801	2.878	-6.187	127.738411	37.885090
1596707616938	1596707616938	-27.405	-2.941	-2.571	4.449	2.563	-6.246	127.738411	37.885090
1596707616956	1596707616953	-26.564	1.021	-2.489	6.770	1.464	-6.143	127.738411	37.885090
1596707616974	1596707616973	-24.355	2.705	-3.107	8.684	0.303	-5.905	127.738411	37.885078
1596707616995	1596707616993	-22.956	3.026	-3.349	8.507	-0.108	-5.961	127.738411	37.885078
1596707617014	1596707617012	-22.412	-0.153	-3.867	8.537	-0.915	-5.411	127.738411	37.885078
1596707617033	1596707617032	-22.353	-1.094	-4.070	8.031	-1.532	-4.780	127.738411	37.885078
1596707617054	1596707617052	-21.763	-0.586	-3.337	7.105	-1.964	-4.148	127.738411	37.885078
1596707617074	1596707617072	-20.613	-0.186	-3.000	5.936	-2.543	-3.471	127.738411	37.885078
1596707617094	1596707617092	-20.721	0.297	-2.384	4.708	-2.667	-2.963	127.738411	37.885078
1596707617113	1596707617112	-20.067	0.472	-2.382	3.541	-2.880	-2.581	127.738411	37.885078
1596707617134	1596707617134	-17.502	1.320	-3.093	2.136	-3.444	-2.461	127.738411	37.885078
1596707617155	1596707617155	-14.970	2.188	-3.447	0.585	-3.939	-2.594	127.738411	37.885078
1596707617174	1596707617174	-13.240	2.058	-3.134	-0.733	-4.061	-2.923	127.738411	37.885078
1596707617194	1596707617192	-11.618	2.645	-2.691	-2.047	-3.902	-3.635	127.738411	37.885078
1596707617211	1596707617211	-9.891	3.404	-2.485	-3.078	-3.376	-3.937	127.738411	37.885078
1596707617232	1596707617230	-8.351	4.566	-1.907	-3.846	-2.531	-4.083	127.738411	37.885078
1596707617253	1596707617250	-6.614	4.717	-1.265	-3.718	-2.181	-4.077	127.738411	37.885078
1596707617273	1596707617273	-5.567	4.906	-1.581	-3.980	-1.636	-3.638	127.738411	37.885078
1596707617305	1596707617306	-4.590	5.395	-1.224	-3.847	-0.859	-3.276	127.738411	37.885078
1596707617315	1596707617315	-4.714	3.134	-2.712	-3.823	-0.477	-2.268	127.738411	37.885078
1596707617337	1596707617337	-6.274	0.789	-2.053	-3.392	0.646	-1.023	127.738411	37.885078
1596707617355	1596707617351	-7.948	0.875	0.431	-2.381	1.502	0.461	127.738411	37.885078
1596707617373	1596707617369	-8.641	0.944	1.188	-0.832	1.353	1.980	127.738411	37.885078
1596707617399	1596707617399	-9.788	-0.301	1.018	0.717	1.371	3.227	127.738411	37.885078
1596707617409	1596707617409	-11.942	-1.305	1.660	1.772	1.905	4.372	127.738411	37.885078
1596707617429	1596707617428	-13.748	-0.879	4.419	2.686	2.373	5.223	127.738411	37.885078
1596707617449	1596707617448	-15.430	-0.814	4.963	3.644	2.519	5.831	127.738411	37.885078
1596707617468	1596707617469	-16.481	-0.831	1.379	3.803	2.746	5.977	127.738411	37.885078
1596707617490	1596707617489	-16.369	1.764	0.967	2.375	3.131	5.863	127.738411	37.885078
1596707617517	1596707617517	-18.477	2.724	3.416	0.059	3.555	6.498	127.738411	37.885078
1596707617537	1596707617537	-21.378	1.438	3.344	-2.489	3.451	7.019	127.738411	37.885078
1596707617546	1596707617546	-23.282	-0.067	1.933	-4.412	2.835	7.434	127.738411	37.885078
1596707617571	1596707617566	-24.688	-1.286	-0.115	-5.929	1.954	7.424	127.738411	37.885078
1596707617588	1596707617586	-24.928	-2.613	-2.894	-7.293	0.684	6.844	127.738411	37.885078
1596707617606	1596707617605	-23.728	-4.395	-4.983	-8.826	-0.675	6.417	127.738411	37.885078
1596707617625	1596707617625	-21.799	-7.732	-5.390	-9.608	-1.994	5.585	127.738411	37.885078
1596707617645	1596707617645	-18.901	-7.339	-5.898	-10.099	-2.637	4.161	127.738411	37.885078
1596707617669	1596707617669	-16.431	-6.503	-5.891	-9.507	-2.822	2.941	127.738411	37.885078
1596707617689	1596707617689	-14.378	-4.582	-4.906	-9.081	-2.593	2.300	127.738411	37.885078
1596707617712	1596707617712	-14.138	-5.883	-3.321	-8.154	-2.002	1.953	127.738411	37.885078
1596707617748	1596707617749	-14.795	-6.997	-2.046	-6.683	-1.661	1.739	127.738411	37.885078
1596707617749	1596707617749	-16.376	-8.032	-1.419	-5.093	-1.256	1.871	127.738411	37.885078
1596707617766	1596707617765	-15.844	-8.801	-3.522	-3.966	-1.835	1.913	127.738411	37.885078
1596707617789	1596707617789	-12.766	-8.839	-9.415	-2.823	-2.687	1.610	127.738411	37.885078
1596707617806	1596707617804	-10.061	-8.738	-14.527	-1.664	-2.239	1.353	127.738411	37.885078
1596707617824	1596707617823	-9.096	-8.425	-14.163	-0.848	-0.983	0.914	127.738411	37.885078
1596707617846	1596707617844	-9.139	-7.112	-9.022	-0.407	0.178	0.036	127.738411	37.885078
1596707617862	1596707617862	-11.951	-5.873	-3.368	0.306	1.453	-0.728	127.738411	37.885078
1596707617886	1596707617886	-12.483	-5.437	-1.517	1.094	1.930	-1.356	127.738411	37.885078
1596707617904	1596707617903	-10.825	-5.009	-1.627	1.596	2.509	-1.866	127.738411	37.885078
1596707617928	1596707617928	-11.182	-4.465	-1.349	1.951	3.583	-2.132	127.738411	37.885078
1596707617952	1596707617950	-13.391	-4.424	-1.404	2.328	4.664	-2.372	127.738411	37.885078
1596707617963	1596707617963	-16.615	-4.992	-1.675	3.028	5.628	-2.740	127.738403	37.885067
1596707617980	1596707617980	-20.302	-5.588	-3.230	4.060	6.369	-3.275	127.738403	37.885067
1596707618001	1596707617999	-23.502	-5.267	-4.928	5.566	7.056	-4.093	127.738403	37.885067
1596707618022	1596707618019	-25.014	-3.780	-5.155	6.914	6.715	-4.528	127.738403	37.885067
1596707618040	1596707618038	-24.350	-2.323	-5.287	7.719	4.842	-4.771	127.738403	37.885067
1596707618060	1596707618057	-21.888	-1.528	-4.837	8.424	3.197	-5.242	127.738403	37.885067
1596707618079	1596707618076	-19.423	-0.895	-4.070	8.905	1.968	-5.355	127.738403	37.885067
1596707618098	1596707618097	-17.379	0.571	-3.213	8.969	0.893	-5.245	127.738403	37.885067
1596707618115	1596707618115	-15.044	2.928	-1.950	8.298	-0.101	-4.935	127.738403	37.885067
1596707618135	1596707618134	-12.026	3.960	-0.755	7.162	-1.086	-4.405	127.738403	37.885067
1596707618158	1596707618155	-8.988	4.080	-0.261	5.629	-1.823	-4.112	127.738403	37.885067
1596707618177	1596707618175	-6.638	4.303	0.062	3.973	-1.679	-3.793	127.738403	37.885067
1596707618196	1596707618195	-4.822	4.758	0.781	2.407	-1.276	-3.399	127.738403	37.885067
1596707618217	1596707618215	-3.852	3.972	1.547	0.975	-0.978	-2.568	127.738403	37.885067
1596707618239	1596707618232	-4.173	2.540	1.942	-0.339	-0.511	-1.845	127.738403	37.885067
1596707618255	1596707618252	-5.404	1.275	1.593	-1.235	-0.053	-1.185	127.738403	37.885067
1596707618274	1596707618271	-6.353	0.906	1.229	-1.726	0.038	-0.545	127.738403	37.885067
1596707618295	1596707618292	-6.501	0.765	0.587	-2.077	-0.200	0.037	127.738403	37.885067
1596707618315	1596707618315	-6.669	0.779	0.086	-2.161	-0.386	0.725	127.738403	37.885067
1596707618334	1596707618334	-8.190	0.194	-0.662	-2.042	0.014	1.702	127.738403	37.885067
1596707618356	1596707618355	-9.834	0.168	-0.233	-1.793	0.409	2.383	127.738403	37.885067
1596707618374	1596707618374	-11.594	0.278	-0.458	-1.615	0.279	3.116	127.738403	37.885067
1596707618401	1596707618401	-13.908	-0.160	-0.333	-1.634	0.538	3.979	127.738403	37.885067
1596707618416	1596707618412	-15.882	-0.639	0.706	-1.696	0.644	4.767	127.738403	37.885067
1596707618440	1596707618430	-16.946	-1.006	1.310	-1.814	0.497	5.402	127.738403	37.885067
1596707618452	1596707618450	-18.620	-1.391	1.523	-1.722	1.093	6.102	127.738403	37.885067
1596707618472	1596707618469	-21.591	-1.013	1.233	-1.404	1.837	7.046	127.738403	37.885067
1596707618491	1596707618490	-23.874	-0.134	1.389	-2.077	2.499	7.293	127.738403	37.885067
1596707618511	1596707618510	-24.786	-0.230	0.939	-2.541	2.111	6.704	127.738403	37.885067
1596707618530	1596707618530	-22.884	-0.737	0.093	-2.825	1.177	6.895	127.738403	37.885067
1596707618551	1596707618551	-19.725	-2.024	-0.412	-2.854	0.848	6.508	127.738403	37.885067
1596707618570	1596707618570	-16.714	-0.495	-1.234	-2.861	0.472	5.751	127.738403	37.885067
1596707618590	1596707618590	-14.780	-1.966	-1.946	-2.418	0.112	4.836	127.738403	37.885067
1596707618612	1596707618609	-13.523	-2.220	-1.775	-1.567	-0.263	3.971	127.738403	37.885067
1596707618638	1596707618637	-13.302	-2.496	-0.046	-0.300	-0.724	2.946	127.738403	37.885067
1596707618652	1596707618647	-11.877	-0.335	-0.489	-0.171	-1.052	2.201	127.738403	37.885067
1596707618668	1596707618666	-10.950	-0.012	1.111	-2.327	0.201	3.225	127.738403	37.885067
1596707618686	1596707618686	-11.115	-2.182	1.006	-3.452	0.391	2.629	127.738403	37.885067
1596707618708	1596707618705	-11.453	-3.233	0.687	-4.174	0.219	2.144	127.738403	37.885067
1596707618727	1596707618726	-11.360	-3.272	0.503	-4.310	0.001	1.852	127.738403	37.885067
1596707618748	1596707618746	-10.835	-2.838	-0.417	-4.264	-0.349	1.569	127.738403	37.885067
1596707618768	1596707618768	-10.564	-2.901	-1.177	-4.157	-0.482	1.412	127.738403	37.885067
1596707618787	1596707618787	-10.861	-3.660	-1.581	-3.841	-0.405	1.266	127.738403	37.885067
1596707618814	1596707618814	-11.364	-4.211	-1.823	-3.419	-0.329	1.193	127.738403	37.885067
1596707618826	1596707618826	-11.168	-4.747	-1.924	-2.921	-0.485	1.132	127.738403	37.885067
1596707618846	1596707618844	-11.055	-6.115	-2.552	-2.177	-0.583	0.999	127.738403	37.885067
1596707618866	1596707618866	-12.028	-7.145	-2.923	-1.287	-0.036	0.519	127.738403	37.885067
1596707618886	1596707618884	-12.459	-7.076	-1.553	-0.275	0.435	-0.031	127.738403	37.885067
1596707618909	1596707618907	-11.348	-6.190	-0.489	0.885	0.295	-0.622	127.738403	37.885067
1596707618923	1596707618922	-10.406	-4.532	-0.161	2.097	0.557	-1.344	127.738403	37.885067
1596707618950	1596707618948	-11.475	-2.898	0.062	3.185	1.137	-2.184	127.738411	37.885059
1596707618970	1596707618964	-13.492	-1.995	-0.269	4.129	1.617	-3.032	127.738411	37.885059
1596707619001	1596707618982	-15.995	-2.014	-0.877	4.766	1.897	-3.799	127.738411	37.885059
1596707619007	1596707619003	-18.599	-2.156	-1.356	4.981	1.837	-4.497	127.738411	37.885059
1596707619022	1596707619021	-20.359	-2.326	-1.986	5.297	1.154	-4.951	127.738411	37.885059
1596707619044	1596707619042	-20.446	-1.856	-2.638	5.635	0.093	-5.202	127.738411	37.885059
1596707619063	1596707619061	-19.677	-0.495	-2.904	5.637	-0.573	-5.388	127.738411	37.885059
1596707619083	1596707619080	-18.915	0.389	-2.348	5.559	-0.991	-5.248	127.738411	37.885059
1596707619103	1596707619100	-18.527	1.016	-1.747	5.455	-1.606	-4.985	127.738411	37.885059
1596707619121	1596707619121	-17.425	1.742	-1.177	4.768	-1.524	-5.079	127.738411	37.885059
1596707619143	1596707619140	-16.932	1.251	-1.052	4.051	-1.441	-4.843	127.738411	37.885059
1596707619162	1596707619161	-16.079	0.899	-0.999	3.706	-1.602	-4.825	127.738411	37.885059
1596707619182	1596707619181	-15.350	0.542	-1.023	3.238	-1.576	-4.355	127.738411	37.885059
1596707619202	1596707619201	-14.414	0.060	-1.081	2.879	-1.519	-3.989	127.738411	37.885059
1596707619225	1596707619225	-13.664	0.314	-0.877	2.540	-1.264	-3.586	127.738411	37.885059
1596707619243	1596707619243	-12.945	0.166	-0.396	1.978	-1.307	-3.064	127.738411	37.885059
1596707619267	1596707619260	-11.628	-0.536	-0.273	1.490	-1.621	-2.442	127.738411	37.885059
1596707619279	1596707619276	-10.226	-0.891	-0.154	1.127	-1.846	-2.183	127.738411	37.885059
1596707619301	1596707619296	-9.034	-0.047	-0.757	0.679	-2.052	-2.210	127.738411	37.885059
1596707619318	1596707619315	-8.291	0.520	-1.026	0.126	-1.873	-2.201	127.738411	37.885059
1596707619337	1596707619337	-8.015	0.628	-1.263	-0.539	-1.613	-2.162	127.738411	37.885059
1596707619366	1596707619366	-8.013	0.377	-1.454	-1.038	-1.418	-2.106	127.738411	37.885059
1596707619382	1596707619382	-7.721	0.434	-1.109	-1.310	-1.325	-2.003	127.738411	37.885059
1596707619401	1596707619401	-6.803	1.605	-1.109	-1.572	-1.437	-1.882	127.738411	37.885059
1596707619430	1596707619430	-6.046	2.863	-1.107	-1.694	-1.232	-1.428	127.738411	37.885059
1596707619439	1596707619439	-5.285	3.057	-0.683	-1.987	-0.880	-0.974	127.738411	37.885059
1596707619455	1596707619455	-4.633	2.511	-0.463	-2.205	-0.684	-0.398	127.738411	37.885059
1596707619475	1596707619475	-5.761	0.386	1.154	-1.975	0.176	0.508	127.738411	37.885059
1596707619495	1596707619493	-8.324	-1.679	2.630	-1.576	1.207	1.305	127.738411	37.885059
1596707619514	1596707619513	-10.430	-2.194	2.774	-0.983	1.496	2.116	127.738411	37.885059
1596707619533	1596707619532	-11.810	-1.482	2.407	-0.098	1.530	3.313	127.738411	37.885059
1596707619554	1596707619553	-12.895	-0.285	2.175	0.744	1.626	4.451	127.738411	37.885059
1596707619582	1596707619582	-14.627	0.307	1.938	1.212	2.120	5.192	127.738411	37.885059
1596707619600	1596707619600	-17.796	0.542	1.801	1.592	2.960	5.927	127.738411	37.885059
1596707619620	1596707619620	-20.530	1.145	1.590	1.696	3.358	6.440	127.738411	37.885059
1596707619638	1596707619638	-21.064	2.005	0.862	1.032	3.356	6.393	127.738411	37.885059
1596707619655	1596707619655	-20.352	3.160	-0.348	-0.440	2.963	6.254	127.738411	37.885059
1596707619673	1596707619671	-19.188	1.229	-0.331	-2.503	3.027	6.337	127.738411	37.885059
1596707619690	1596707619690	-19.198	-0.115	0.282	-3.539	2.717	5.367	127.738411	37.885059
1596707619710	1596707619710	-18.508	1.826	-0.027	-4.388	2.001	5.119	127.738411	37.885059
1596707619730	1596707619730	-17.693	-1.183	0.347	-5.693	2.254	5.295	127.738411	37.885059
1596707619751	1596707619748	-17.181	-2.553	-0.158	-6.112	1.501	4.498	127.738411	37.885059
1596707619775	1596707619775	-15.636	-1.370	-1.064	-5.723	0.821	3.933	127.738411	37.885059
1596707619796	1596707619796	-14.529	-2.829	-1.011	-5.520	0.611	3.686	127.738411	37.885059
1596707619812	1596707619812	-13.408	-3.892	-1.102	-5.172	-0.055	2.953	127.738411	37.885059
1596707619835	1596707619835	-12.339	-3.298	-0.839	-4.084	-0.777	1.825	127.738411	37.885059
1596707619854	1596707619854	-11.966	-2.714	-1.395	-3.194	-1.038	1.645	127.738411	37.885059
1596707619869	1596707619867	-12.114	-2.977	-1.342	-2.584	-0.678	1.544	127.738411	37.885059
1596707619893	1596707619893	-12.471	-4.022	-1.143	-2.078	-0.565	1.321	127.738411	37.885059
1596707619908	1596707619907	-12.112	-4.522	-1.150	-1.122	-0.927	1.131	127.738411	37.885059
1596707619927	1596707619925	-11.336	-4.295	-1.392	-0.571	-0.902	1.395	127.738411	37.885059
1596707619946	1596707619944	-12.222	-4.462	-1.742	-0.280	-0.415	1.296	127.738411	37.885059
1596707619969	1596707619966	-13.446	-4.970	-0.999	0.247	0.058	0.986	127.738419	37.885052
1596707619989	1596707619986	-12.459	-5.349	-0.750	0.903	-0.372	0.690	127.738419	37.885052
1596707620006	1596707620003	-10.397	-5.885	-0.010	1.810	-0.540	0.213	127.738419	37.885052
1596707620024	1596707620024	-9.513	-5.322	0.747	2.703	-0.116	-0.509	127.738419	37.885052
1596707620047	1596707620047	-10.394	-4.010	0.725	3.359	0.332	-1.270	127.738419	37.885052
1596707620064	1596707620064	-12.040	-2.429	0.345	3.739	0.624	-2.083	127.738419	37.885052
1596707620086	1596707620083	-13.825	-1.825	0.071	3.836	0.662	-2.834	127.738419	37.885052
1596707620109	1596707620109	-15.173	-1.894	-0.458	3.771	0.376	-3.481	127.738419	37.885052
1596707620124	1596707620123	-16.306	-1.561	-0.791	3.805	-0.010	-4.033	127.738419	37.885052
1596707620143	1596707620143	-16.915	-0.860	-0.777	3.825	-0.631	-4.511	127.738419	37.885052
1596707620163	1596707620163	-16.570	-0.210	-1.069	3.617	-1.353	-4.870	127.738419	37.885052
1596707620185	1596707620184	-15.957	0.336	-1.304	3.234	-1.826	-5.117	127.738419	37.885052
1596707620215	1596707620215	-15.894	0.439	-1.419	2.894	-1.950	-5.290	127.738419	37.885052
1596707620234	1596707620234	-16.237	0.350	-0.736	2.781	-1.787	-5.316	127.738419	37.885052
1596707620244	1596707620244	-16.740	0.027	-0.376	2.978	-1.851	-5.079	127.738419	37.885052
1596707620263	1596707620261	-16.884	0.312	-0.108	2.830	-1.669	-5.010	127.738419	37.885052
1596707620282	1596707620280	-16.785	0.156	-0.115	2.649	-1.884	-4.661	127.738419	37.885052
1596707620306	1596707620299	-16.122	-0.122	-0.451	2.254	-1.925	-4.230	127.738419	37.885052
1596707620321	1596707620320	-15.317	-0.673	-0.616	1.950	-1.852	-3.823	127.738419	37.885052
1596707620341	1596707620340	-14.534	-0.512	-0.786	1.662	-1.876	-3.490	127.738419	37.885052
1596707620363	1596707620360	-13.571	-0.146	-0.863	1.201	-1.938	-3.182	127.738419	37.885052
1596707620382	1596707620382	-12.574	-0.083	-1.304	0.666	-2.084	-2.920	127.738419	37.885052
1596707620403	1596707620402	-11.779	0.197	-1.337	0.206	-2.003	-2.746	127.738419	37.885052
1596707620421	1596707620419	-11.199	0.307	-1.390	-0.342	-1.949	-2.730	127.738419	37.885052
1596707620439	1596707620438	-10.181	0.053	-1.296	-0.784	-2.065	-2.721	127.738419	37.885052
1596707620461	1596707620461	-8.746	0.250	-1.078	-1.053	-2.218	-2.790	127.738419	37.885052
1596707620484	1596707620478	-7.862	1.371	-1.591	-1.447	-1.916	-2.716	127.738419	37.885052
1596707620503	1596707620497	-7.814	2.434	-1.304	-1.735	-1.074	-2.373	127.738419	37.885052
1596707620517	1596707620515	-7.256	3.919	-0.803	-2.065	-0.906	-1.950	127.738419	37.885052
1596707620537	1596707620534	-6.233	3.546	-0.959	-2.188	-0.973	-1.226	127.738419	37.885052
1596707620556	1596707620554	-5.481	1.057	0.340	-2.345	-0.255	-0.283	127.738419	37.885052
1596707620576	1596707620575	-5.725	-1.949	1.770	-2.023	0.403	0.753	127.738419	37.885052
1596707620596	1596707620595	-7.258	-4.223	3.250	-0.882	1.046	1.887	127.738419	37.885052
1596707620616	1596707620616	-9.060	-3.169	4.110	0.399	1.561	2.893	127.738419	37.885052
1596707620635	1596707620635	-10.097	-0.958	3.921	1.519	1.605	3.656	127.738419	37.885052
1596707620655	1596707620655	-11.316	0.204	2.798	1.875	1.896	4.379	127.738419	37.885052
1596707620678	1596707620678	-13.987	0.729	1.538	1.812	2.654	5.032	127.738419	37.885052
