1596707699368	1596707699366	-7.843	-6.115	-0.666	1.951	-0.939	0.505	127.738113	37.884331
1596707699396	1596707699392	-7.177	-4.196	-0.808	2.451	-0.578	-0.637	127.738113	37.884331
1596707699412	1596707699411	-8.875	-1.125	-1.327	3.261	-0.182	-1.580	127.738113	37.884331
1596707699425	1596707699424	-11.424	0.197	-1.519	3.548	-0.108	-2.391	127.738113	37.884331
1596707699446	1596707699443	-12.715	-0.356	-2.025	3.248	-0.512	-3.093	127.738113	37.884331
1596707699476	1596707699474	-14.272	-0.694	-2.228	3.194	-0.842	-3.680	127.738113	37.884331
1596707699485	1596707699482	-15.604	-0.735	-1.500	2.988	-0.963	-4.073	127.738113	37.884331
1596707699505	1596707699502	-16.876	-0.620	-0.573	2.523	-1.167	-4.248	127.738113	37.884331
1596707699524	1596707699522	-17.075	-0.371	0.242	2.137	-1.643	-4.296	127.738113	37.884331
1596707699545	1596707699542	-15.770	-0.519	0.201	1.923	-1.938	-4.286	127.738113	37.884331
1596707699563	1596707699561	-14.438	-0.716	-0.048	1.961	-1.659	-4.177	127.738113	37.884331
1596707699586	1596707699583	-13.872	-0.783	-0.144	2.031	-1.051	-4.078	127.738113	37.884331
1596707699603	1596707699601	-13.355	-0.074	-0.549	2.055	-0.714	-4.139	127.738113	37.884331
1596707699626	1596707699624	-12.857	-0.285	-1.026	2.139	-0.795	-3.693	127.738113	37.884331
1596707699642	1596707699640	-12.579	-0.596	-1.299	2.386	-0.634	-3.445	127.738113	37.884331
1596707699661	1596707699660	-12.560	-0.996	-1.675	3.082	-0.454	-3.327	127.738113	37.884331
1596707699682	1596707699679	-12.466	-0.740	-2.302	4.354	-0.686	-3.139	127.738113	37.884331
1596707699701	1596707699699	-12.181	0.228	-5.373	5.998	-1.489	-2.564	127.738113	37.884331
1596707699721	1596707699719	-11.745	0.180	-5.304	7.872	-1.221	-2.087	127.738113	37.884331
1596707699741	1596707699739	-10.119	-0.481	-3.206	9.142	-2.259	-1.303	127.738113	37.884331
1596707699760	1596707699759	-7.215	2.786	-3.165	7.313	-2.973	-1.351	127.738113	37.884331
1596707699781	1596707699779	-6.034	5.110	-0.760	3.833	-2.671	-0.504	127.738113	37.884331
1596707699802	1596707699801	-7.817	1.876	-2.231	0.488	-2.164	0.018	127.738113	37.884331
1596707699820	1596707699818	-9.455	1.938	-1.296	-1.740	-0.956	-0.517	127.738113	37.884331
1596707699841	1596707699839	-8.868	3.414	-1.052	-3.282	-1.105	-0.619	127.738113	37.884331
1596707699859	1596707699858	-8.298	3.838	-1.531	-4.972	-0.657	-0.587	127.738113	37.884331
1596707699880	1596707699878	-9.759	1.732	-1.416	-6.243	0.607	-0.327	127.738113	37.884331
1596707699899	1596707699897	-11.419	-1.250	-0.915	-6.487	1.288	-0.191	127.738113	37.884331
1596707699918	1596707699917	-12.042	-1.219	0.040	-5.942	1.083	-0.113	127.738113	37.884331
1596707699939	1596707699936	-11.221	-1.030	0.816	-5.184	0.621	0.886	127.738113	37.884331
1596707699957	1596707699956	-10.739	-2.256	1.387	-4.195	0.734	1.985	127.738113	37.884331
1596707699978	1596707699975	-11.316	-2.577	2.215	-2.896	1.195	2.377	127.738113	37.884331
1596707699997	1596707699994	-12.600	-1.530	2.568	-1.418	1.308	2.732	127.738113	37.884331
1596707700017	1596707700014	-13.935	-1.003	2.199	-0.324	1.310	3.338	127.738113	37.884331
1596707700042	1596707700041	-14.989	-0.471	1.617	0.055	1.489	3.627	127.738113	37.884331
1596707700060	1596707700053	-15.748	0.056	1.427	-0.055	1.539	3.615	127.738113	37.884331
1596707700076	1596707700073	-14.970	0.321	1.257	-0.671	1.111	3.376	127.738113	37.884331
1596707700097	1596707700092	-12.854	0.166	0.603	-1.314	0.466	3.139	127.738113	37.884331
1596707700115	1596707700112	-10.897	0.166	-0.022	-1.754	0.122	2.955	127.738113	37.884331
1596707700134	1596707700132	-9.503	0.269	0.069	-2.181	0.016	2.753	127.738113	37.884331
1596707700154	1596707700152	-9.122	-0.174	0.536	-2.835	0.152	2.473	127.738113	37.884331
1596707700173	1596707700172	-9.824	-0.711	0.654	-3.119	0.344	2.245	127.738113	37.884331
1596707700194	1596707700193	-11.055	-0.498	0.599	-3.524	0.526	2.265	127.738113	37.884331
1596707700214	1596707700213	-12.267	-0.745	0.304	-4.243	0.389	2.161	127.738113	37.884331
1596707700233	1596707700231	-13.017	-1.537	-0.132	-4.884	-0.044	2.130	127.738113	37.884331
1596707700254	1596707700251	-13.029	-2.055	-0.051	-5.077	-0.583	1.861	127.738113	37.884331
1596707700272	1596707700271	-12.842	-1.236	-0.844	-5.802	-0.742	2.419	127.738113	37.884331
1596707700292	1596707700290	-13.000	-3.660	-0.836	-5.632	-1.117	2.491	127.738113	37.884331
1596707700311	1596707700309	-13.053	-3.727	-2.348	-5.605	-1.533	2.539	127.738113	37.884331
1596707700332	1596707700330	-13.796	-4.187	-1.763	-5.376	-1.263	3.243	127.738113	37.884331
1596707700351	1596707700349	-14.632	-5.845	-2.152	-4.456	-1.404	3.144	127.738113	37.884331
1596707700370	1596707700370	-15.918	-6.633	-2.956	-3.677	-1.464	2.638	127.738113	37.884331
1596707700390	1596707700390	-16.776	-6.041	-3.309	-2.630	-1.296	2.052	127.738113	37.884331
1596707700413	1596707700412	-13.046	-6.724	-2.868	-2.086	-1.695	1.953	127.738113	37.884331
1596707700432	1596707700432	-8.032	-7.886	-3.150	-1.184	-2.158	1.271	127.738113	37.884331
1596707700450	1596707700447	-5.749	-6.609	-2.041	-0.444	-0.913	0.056	127.738113	37.884331
1596707700469	1596707700467	-8.717	-3.863	-0.432	0.597	0.854	-0.812	127.738113	37.884331
1596707700489	1596707700487	-11.942	-2.637	-0.317	1.968	1.399	-1.503	127.738113	37.884331
1596707700508	1596707700506	-12.246	-2.515	-1.375	3.316	1.136	-2.028	127.738113	37.884331
1596707700532	1596707700530	-13.060	-3.020	-2.346	4.358	1.240	-2.637	127.738113	37.884331
1596707700548	1596707700548	-14.347	-3.142	-2.837	4.944	1.608	-3.445	127.738113	37.884331
1596707700572	1596707700570	-15.006	-3.099	-2.568	5.186	1.689	-3.997	127.738113	37.884331
1596707700588	1596707700586	-15.044	-2.963	-1.804	5.196	1.374	-4.210	127.738113	37.884331
1596707700608	1596707700608	-14.232	-1.858	-1.747	5.334	0.726	-4.344	127.738113	37.884331
1596707700626	1596707700626	-13.575	-1.109	-1.941	5.619	0.514	-4.447	127.738113	37.884331
1596707700647	1596707700644	-14.047	-0.311	-1.538	5.823	0.787	-4.602	127.738113	37.884331
1596707700667	1596707700665	-14.941	0.642	-1.299	5.778	0.674	-4.466	127.738113	37.884331
1596707700686	1596707700683	-14.785	-0.448	-1.260	5.692	0.123	-4.330	127.738113	37.884331
1596707700707	1596707700705	-14.922	-0.210	-1.598	5.316	-0.085	-4.112	127.738113	37.884331
1596707700724	1596707700724	-15.573	-0.222	-1.323	5.033	-0.307	-3.979	127.738113	37.884331
1596707700745	1596707700744	-15.365	-0.251	-1.845	4.837	-0.895	-3.710	127.738113	37.884331
1596707700763	1596707700763	-14.395	-0.069	-2.211	4.830	-1.254	-3.300	127.738113	37.884331
1596707700784	1596707700783	-13.815	-0.107	-3.258	5.141	-1.540	-2.578	127.738113	37.884331
1596707700803	1596707700803	-13.233	-0.074	-3.601	5.825	-1.752	-2.168	127.738113	37.884331
1596707700823	1596707700822	-11.784	-0.191	-3.407	6.388	-2.398	-1.564	127.738113	37.884331
1596707700843	1596707700841	-10.102	0.230	-2.089	6.284	-2.754	-0.949	127.738113	37.884331
1596707700864	1596707700860	-7.888	3.857	-0.800	3.517	-2.559	-1.290	127.738113	37.884331
1596707700882	1596707700880	-7.342	2.556	-0.326	0.692	-2.050	-0.726	127.738113	37.884331
1596707700902	1596707700900	-7.608	1.718	-1.246	-1.740	-1.465	-0.889	127.738113	37.884331
1596707700922	1596707700920	-8.808	2.710	-1.215	-3.601	-0.681	-1.131	127.738113	37.884331
1596707700945	1596707700943	-9.496	2.068	-0.889	-4.748	-0.044	-0.935	127.738113	37.884331
1596707700971	1596707700959	-9.618	1.431	-0.793	-5.735	0.370	-0.723	127.738098	37.884312
1596707700986	1596707700979	-9.692	0.918	-0.051	-6.288	0.807	-0.287	127.738098	37.884312
1596707701001	1596707700999	-9.400	-1.087	0.943	-6.365	0.780	0.579	127.738098	37.884312
1596707701021	1596707701021	-8.998	-3.336	2.347	-5.428	0.729	1.457	127.738098	37.884312
1596707701041	1596707701039	-9.563	-3.878	3.255	-3.671	0.997	2.199	127.738098	37.884312
1596707701062	1596707701059	-10.119	-2.838	3.152	-1.585	1.039	2.694	127.738098	37.884312
1596707701080	1596707701078	-10.892	-1.312	2.484	-0.086	1.028	3.119	127.738098	37.884312
1596707701101	1596707701099	-11.966	0.012	2.017	0.654	1.260	3.611	127.738098	37.884312
1596707701119	1596707701119	-13.274	0.384	2.043	0.724	1.510	4.078	127.738098	37.884312
1596707701140	1596707701139	-13.626	0.757	1.602	0.240	1.299	4.071	127.738098	37.884312
1596707701158	1596707701158	-13.159	0.937	0.642	-0.548	1.013	4.305	127.738098	37.884312
1596707701178	1596707701178	-13.209	0.753	-0.149	-1.576	0.833	4.352	127.738098	37.884312
1596707701199	1596707701198	-13.307	0.429	-0.695	-2.940	0.673	3.945	127.738098	37.884312
1596707701218	1596707701216	-13.868	-1.113	-0.824	-3.637	0.672	3.952	127.738098	37.884312
1596707701237	1596707701235	-14.759	-0.325	-0.463	-4.206	0.579	3.822	127.738098	37.884312
1596707701257	1596707701254	-15.176	-1.312	-0.475	-4.898	0.355	3.604	127.738098	37.884312
1596707701276	1596707701273	-15.068	-3.030	-0.604	-5.287	-0.052	3.421	127.738098	37.884312
1596707701296	1596707701293	-14.428	-4.153	-0.221	-4.933	-0.586	3.172	127.738098	37.884312
1596707701315	1596707701312	-12.641	-3.715	-0.700	-3.711	-1.544	2.487	127.738098	37.884312
1596707701335	1596707701333	-11.027	-1.820	-1.775	-3.404	-1.162	3.095	127.738098	37.884312
1596707701355	1596707701353	-11.343	-4.474	-0.853	-2.246	-0.583	2.896	127.738098	37.884312
1596707701374	1596707701374	-11.654	-3.293	-1.172	-1.748	-0.296	2.680	127.738098	37.884312
1596707701394	1596707701393	-11.709	-4.046	-0.199	-0.531	0.107	2.654	127.738098	37.884312
1596707701413	1596707701413	-10.746	-3.389	0.146	-0.181	-0.011	2.338	127.738098	37.884312
1596707701433	1596707701433	-9.977	-3.430	-0.329	-0.073	-0.223	2.203	127.738098	37.884312
1596707701456	1596707701454	-10.912	-4.177	-0.889	0.253	0.059	1.947	127.738098	37.884312
1596707701474	1596707701470	-12.279	-3.183	-1.069	0.316	0.490	1.592	127.738098	37.884312
1596707701492	1596707701489	-13.214	-3.593	-1.356	0.592	0.156	1.370	127.738098	37.884312
1596707701511	1596707701509	-13.772	-5.936	-1.212	1.058	-0.256	0.981	127.738098	37.884312
1596707701534	1596707701531	-13.803	-7.509	-1.498	1.606	-0.408	0.488	127.738098	37.884312
1596707701551	1596707701550	-13.377	-7.279	-1.675	2.781	-0.614	0.015	127.738098	37.884312
1596707701572	1596707701571	-12.335	-6.283	-1.215	3.591	-0.674	-0.819	127.738098	37.884312
1596707701590	1596707701590	-12.900	-4.060	-1.112	3.986	-0.469	-1.908	127.738098	37.884312
1596707701613	1596707701612	-14.864	-1.645	-1.907	4.570	-0.378	-2.814	127.738098	37.884312
1596707701632	1596707701630	-16.797	-0.752	-1.996	5.813	-0.552	-3.552	127.738098	37.884312
1596707701658	1596707701652	-18.060	1.225	-1.533	5.731	-1.331	-4.540	127.738098	37.884312
1596707701669	1596707701667	-17.916	1.289	-2.061	4.506	-2.498	-5.529	127.738098	37.884312
1596707701689	1596707701686	-17.061	-0.031	-3.012	3.895	-2.747	-6.065	127.738098	37.884312
1596707701708	1596707701706	-17.272	-0.280	-3.052	3.860	-2.351	-6.161	127.738098	37.884312
1596707701727	1596707701726	-17.765	0.396	-1.799	3.698	-2.519	-6.029	127.738098	37.884312
1596707701748	1596707701746	-17.152	0.951	-1.289	3.470	-2.874	-5.833	127.738098	37.884312
1596707701769	1596707701765	-15.698	1.016	-0.923	3.528	-2.681	-5.221	127.738098	37.884312
1596707701788	1596707701787	-15.171	0.221	-1.409	3.237	-2.522	-4.700	127.738098	37.884312
1596707701806	1596707701806	-13.686	0.444	-1.761	2.582	-2.297	-4.410	127.738098	37.884312
1596707701826	1596707701826	-12.191	-0.141	-1.910	2.234	-2.290	-3.885	127.738098	37.884312
1596707701846	1596707701845	-10.835	0.453	-3.395	2.526	-2.266	-3.331	127.738098	37.884312
1596707701865	1596707701864	-11.812	-0.495	-4.200	3.760	-1.612	-2.590	127.738098	37.884312
1596707701887	1596707701886	-11.283	-0.994	-3.064	4.597	-1.911	-2.050	127.738098	37.884312
1596707701905	1596707701903	-10.076	0.262	-3.910	3.747	-2.595	-1.239	127.738098	37.884312
1596707701924	1596707701922	-7.115	3.050	-3.285	2.381	-2.387	-1.077	127.738098	37.884312
1596707701944	1596707701942	-6.727	3.654	-1.907	0.385	-2.107	-0.278	127.738098	37.884312
1596707701968	1596707701962	-9.644	2.966	-3.153	-2.307	-0.969	-0.142	127.738106	37.884300
1596707701990	1596707701982	-12.857	1.708	-2.592	-3.774	0.540	-0.127	127.738106	37.884300
1596707702002	1596707702001	-15.267	2.652	-3.143	-4.786	0.884	0.151	127.738106	37.884300
1596707702023	1596707702021	-15.820	1.524	-2.068	-6.001	1.034	0.197	127.738106	37.884300
1596707702043	1596707702040	-14.064	-0.766	-0.544	-6.465	0.739	0.587	127.738106	37.884300
1596707702062	1596707702060	-12.847	-2.517	0.785	-6.073	0.873	1.925	127.738106	37.884300
1596707702083	1596707702079	-12.598	-3.320	2.769	-4.907	1.287	2.769	127.738106	37.884300
1596707702102	1596707702100	-12.066	-2.373	3.020	-3.407	1.153	3.105	127.738106	37.884300
1596707702121	1596707702120	-11.053	-1.214	1.981	-2.079	0.832	3.411	127.738106	37.884300
1596707702145	1596707702140	-10.497	-1.094	1.279	-1.341	0.668	3.818	127.738106	37.884300
1596707702162	1596707702162	-10.804	-0.852	0.948	-1.157	0.514	4.043	127.738106	37.884300
1596707702183	1596707702181	-10.926	-1.066	0.282	-1.435	0.562	4.054	127.738106	37.884300
1596707702206	1596707702206	-11.312	-0.819	0.718	-1.912	0.833	3.880	127.738106	37.884300
1596707702221	1596707702221	-11.657	-0.450	0.373	-2.492	0.370	3.829	127.738106	37.884300
1596707702242	1596707702242	-11.899	-0.996	-0.199	-3.465	0.067	3.698	127.738106	37.884300
1596707702264	1596707702259	-13.094	-2.611	-0.726	-4.196	0.247	3.424	127.738106	37.884300
1596707702280	1596707702278	-14.991	-5.037	-1.165	-3.961	0.296	3.594	127.738106	37.884300
1596707702299	1596707702297	-16.045	-6.273	-1.522	-3.352	0.057	3.883	127.738106	37.884300
1596707702319	1596707702317	-15.386	-5.404	-1.950	-3.018	-0.822	3.504	127.738106	37.884300
1596707702339	1596707702336	-13.384	-5.706	-2.688	-2.623	-1.525	3.208	127.738106	37.884300
1596707702359	1596707702358	-11.963	-5.648	-2.178	-2.744	-0.852	3.424	127.738106	37.884300
1596707702378	1596707702378	-11.879	-4.815	-1.924	-2.046	-0.662	2.817	127.738106	37.884300
1596707702398	1596707702397	-11.834	-4.791	-2.530	-1.785	-0.654	2.682	127.738106	37.884300
1596707702418	1596707702416	-12.090	-6.055	-1.493	-1.387	-0.386	2.221	127.738106	37.884300
1596707702437	1596707702435	-12.260	-5.229	-2.003	-0.643	-0.684	1.650	127.738106	37.884300
1596707702459	1596707702453	-11.805	-4.956	-1.811	-0.672	-0.164	1.753	127.738106	37.884300
1596707702477	1596707702474	-12.404	-5.792	-2.664	-0.290	0.029	1.056	127.738106	37.884300
1596707702496	1596707702493	-14.241	-5.200	-1.591	0.024	0.615	0.458	127.738106	37.884300
1596707702515	1596707702512	-13.858	-3.451	-0.846	0.234	0.510	-0.259	127.738106	37.884300
1596707702535	1596707702532	-12.366	-4.774	-0.932	0.857	0.148	-0.746	127.738106	37.884300
1596707702554	1596707702553	-12.325	-5.349	0.083	1.213	0.524	-1.469	127.738106	37.884300
1596707702574	1596707702574	-12.409	-4.381	0.141	1.421	0.496	-2.104	127.738106	37.884300
1596707702593	1596707702593	-12.387	-3.768	-0.345	1.836	0.293	-2.428	127.738106	37.884300
1596707702617	1596707702615	-12.723	-4.002	-0.664	2.411	0.354	-2.815	127.738106	37.884300
1596707702632	1596707702632	-13.374	-3.861	-1.332	3.083	0.292	-2.916	127.738106	37.884300
1596707702654	1596707702654	-13.681	-3.212	-1.670	3.943	0.257	-3.007	127.738106	37.884300
1596707702674	1596707702670	-14.160	-2.050	-1.421	4.807	0.054	-3.002	127.738106	37.884300
1596707702692	1596707702689	-14.074	-0.594	-0.949	4.949	-0.513	-2.866	127.738106	37.884300
1596707702711	1596707702709	-12.926	-0.716	-1.112	5.050	-1.178	-2.738	127.738106	37.884300
1596707702731	1596707702729	-11.367	-1.154	-1.613	5.489	-1.414	-2.615	127.738106	37.884300
1596707702750	1596707702749	-11.130	0.012	-1.883	6.118	-1.234	-2.329	127.738106	37.884300
1596707702769	1596707702769	-10.995	1.217	-2.008	6.038	-1.284	-2.388	127.738106	37.884300
1596707702791	1596707702790	-10.389	1.816	-0.884	5.017	-1.407	-2.510	127.738106	37.884300
1596707702810	1596707702810	-9.846	1.823	-1.682	4.022	-1.678	-2.299	127.738106	37.884300
1596707702829	1596707702829	-9.448	0.106	-1.946	4.048	-1.531	-1.848	127.738106	37.884300
1596707702850	1596707702850	-9.673	-0.345	-1.747	4.228	-1.377	-1.460	127.738106	37.884300
1596707702868	1596707702868	-9.958	-1.157	-0.190	4.367	-1.093	-1.315	127.738106	37.884300
1596707702889	1596707702887	-9.637	1.004	0.112	3.606	-1.215	-1.014	127.738106	37.884300
1596707702909	1596707702905	-9.446	-0.658	-1.397	2.268	-1.164	-0.743	127.738106	37.884300
1596707702927	1596707702925	-10.334	-2.242	-1.644	2.101	-0.525	-0.971	127.738106	37.884300
1596707702950	1596707702945	-9.865	1.110	-1.881	1.896	-0.667	-0.964	127.738106	37.884300
1596707702972	1596707702971	-8.923	1.960	-1.409	1.022	-1.229	-0.282	127.738098	37.884289
1596707702990	1596707702987	-8.382	1.066	-1.224	-0.793	-1.174	0.017	127.738098	37.884289
1596707703008	1596707703004	-8.763	0.010	-0.956	-2.173	-0.772	-0.128	127.738098	37.884289
1596707703030	1596707703027	-9.539	0.173	-0.757	-2.830	-0.417	-0.282	127.738098	37.884289
1596707703046	1596707703044	-10.847	0.736	-1.411	-3.653	0.160	-0.244	127.738098	37.884289
1596707703067	1596707703064	-12.169	0.652	-1.550	-4.840	0.880	-0.203	127.738098	37.884289
1596707703086	1596707703083	-13.480	0.204	-1.526	-5.781	1.038	-0.352	127.738098	37.884289
1596707703109	1596707703108	-13.183	-0.196	-0.896	-6.053	0.695	-0.074	127.738098	37.884289
1596707703126	1596707703125	-11.764	-1.696	0.160	-5.630	0.313	0.593	127.738098	37.884289
1596707703144	1596707703142	-10.828	-2.220	0.553	-4.546	0.422	0.817	127.738098	37.884289
1596707703163	1596707703163	-11.307	-1.523	0.812	-3.118	0.922	1.207	127.738098	37.884289
1596707703183	1596707703181	-12.634	-1.049	1.001	-1.698	1.136	1.726	127.738098	37.884289
1596707703202	1596707703201	-13.257	-0.663	1.458	-0.901	1.017	2.088	127.738098	37.884289
1596707703225	1596707703225	-12.749	-0.452	0.946	-0.604	0.599	2.389	127.738098	37.884289
1596707703242	1596707703239	-11.470	-0.412	0.395	-0.486	0.133	2.705	127.738098	37.884289
1596707703261	1596707703259	-10.267	-0.021	0.503	-0.892	-0.041	2.829	127.738098	37.884289
1596707703281	1596707703279	-9.596	-0.007	0.438	-1.859	-0.026	2.722	127.738098	37.884289
1596707703305	1596707703299	-9.232	-0.697	-0.388	-2.519	0.040	2.672	127.738098	37.884289
1596707703320	1596707703318	-9.618	-0.503	-0.197	-2.691	0.244	2.714	127.738098	37.884289
1596707703341	1596707703338	-10.806	-0.594	-0.240	-3.002	0.461	2.815	127.738098	37.884289
1596707703360	1596707703359	-12.234	-1.662	-0.266	-3.033	0.526	2.873	127.738098	37.884289
1596707703381	1596707703379	-13.374	-2.201	-0.242	-2.991	0.447	2.918	127.738098	37.884289
1596707703401	1596707703401	-14.026	-2.551	-0.333	-2.838	0.212	2.916	127.738098	37.884289
1596707703421	1596707703421	-13.731	-2.465	-0.760	-2.517	-0.241	2.801	127.738098	37.884289
1596707703440	1596707703440	-12.759	-2.812	-0.884	-1.836	-0.873	2.569	127.738098	37.884289
1596707703460	1596707703458	-12.054	-1.700	-1.747	-1.451	-0.606	2.895	127.738098	37.884289
1596707703482	1596707703478	-12.668	-1.652	-0.702	-1.471	0.324	3.157	127.738098	37.884289
1596707703500	1596707703500	-13.499	-2.457	-0.228	-1.501	0.053	2.983	127.738098	37.884289
1596707703519	1596707703517	-13.207	-3.095	0.316	-1.339	-0.283	2.547	127.738098	37.884289
1596707703539	1596707703536	-12.378	-3.013	0.155	-1.285	-0.626	2.441	127.738098	37.884289
1596707703559	1596707703557	-12.670	-3.540	-0.024	-1.433	-0.319	2.469	127.738098	37.884289
1596707703578	1596707703576	-14.299	-4.798	0.745	-1.591	0.487	2.133	127.738098	37.884289
1596707703597	1596707703596	-13.369	-5.368	1.209	-1.449	-0.191	1.051	127.738098	37.884289
1596707703618	1596707703616	-10.979	-4.510	0.560	-1.239	-1.268	0.149	127.738098	37.884289
1596707703637	1596707703635	-9.858	-2.299	1.473	-1.743	-0.681	-0.514	127.738098	37.884289
1596707703658	1596707703655	-10.181	-1.001	1.217	-2.003	-0.196	-1.672	127.738098	37.884289
1596707703679	1596707703678	-10.444	-2.373	0.091	-2.008	-0.170	-2.479	127.738098	37.884289
1596707703696	1596707703693	-10.742	-3.554	-1.426	-2.075	0.268	-3.465	127.738098	37.884289
1596707703717	1596707703714	-11.609	-3.866	-2.492	-1.816	1.247	-4.150	127.738098	37.884289
1596707703734	1596707703732	-13.094	-4.920	-1.979	-1.383	1.890	-4.545	127.738098	37.884289
1596707703753	1596707703752	-14.423	-5.576	-1.799	-0.748	1.947	-5.059	127.738098	37.884289
1596707703773	1596707703771	-15.077	-4.340	-2.010	0.562	2.400	-5.187	127.738098	37.884289
1596707703794	1596707703792	-15.830	-1.782	-1.811	1.885	2.944	-4.847	127.738098	37.884289
1596707703812	1596707703813	-15.717	-0.598	-1.318	3.067	2.882	-4.498	127.738098	37.884289
1596707703832	1596707703832	-14.785	0.202	-1.006	3.798	2.647	-4.394	127.738098	37.884289
1596707703853	1596707703853	-14.316	0.218	-1.222	3.725	2.496	-4.210	127.738098	37.884289
1596707703875	1596707703875	-13.769	-1.003	-2.022	3.563	2.104	-4.122	127.738098	37.884289
1596707703891	1596707703889	-13.417	-0.840	-2.865	3.445	1.719	-4.047	127.738098	37.884289
1596707703910	1596707703909	-13.408	-0.124	-3.361	3.703	1.442	-3.923	127.738098	37.884289
1596707703933	1596707703929	-13.027	0.386	-2.485	3.736	0.667	-2.956	127.738098	37.884289
1596707703952	1596707703952	-11.005	0.233	-2.465	4.054	-0.073	-2.378	127.738098	37.884274
1596707703969	1596707703969	-9.769	-0.215	-1.919	4.571	0.266	-2.471	127.738098	37.884274
1596707703990	1596707703987	-10.507	1.086	-1.042	3.598	0.508	-1.893	127.738098	37.884274
1596707704011	1596707704008	-11.115	-0.905	-1.416	3.026	-0.090	-1.178	127.738098	37.884274
1596707704032	1596707704028	-11.048	0.705	-2.238	2.248	-0.049	-1.361	127.738098	37.884274
1596707704048	1596707704046	-9.467	0.781	-0.815	2.710	-0.054	-1.100	127.738098	37.884274
1596707704075	1596707704069	-7.771	1.026	-0.427	1.702	-0.625	-0.706	127.738098	37.884274
1596707704090	1596707704087	-7.553	-0.055	-0.218	-0.657	-0.096	-0.673	127.738098	37.884274
1596707704112	1596707704109	-8.622	-1.442	1.097	-2.611	0.750	-1.069	127.738098	37.884274
1596707704127	1596707704125	-10.104	-2.855	0.256	-3.716	1.184	-1.098	127.738098	37.884274
1596707704147	1596707704146	-10.660	-5.162	-1.308	-4.118	1.601	-1.078	127.738098	37.884274
1596707704168	1596707704167	-9.927	-7.591	-2.650	-3.605	1.480	-1.114	127.738098	37.884274
1596707704187	1596707704185	-8.102	-9.069	-2.695	-2.312	1.313	-0.723	127.738098	37.884274
1596707704207	1596707704207	-6.846	-9.874	-2.528	-1.219	1.446	-0.256	127.738098	37.884274
1596707704226	1596707704226	-6.758	-10.331	-1.804	-0.615	1.867	0.071	127.738098	37.884274
1596707704245	1596707704245	-7.551	-9.689	-1.208	0.033	2.043	0.321	127.738098	37.884274
1596707704267	1596707704268	-8.015	-9.282	-0.772	0.439	1.927	0.452	127.738098	37.884274
1596707704285	1596707704282	-7.836	-9.934	-1.112	0.457	1.713	0.505	127.738098	37.884274
1596707704304	1596707704302	-7.704	-10.207	-1.018	0.384	1.698	0.442	127.738098	37.884274
1596707704324	1596707704322	-7.383	-9.744	0.385	0.322	1.648	0.384	127.738098	37.884274
1596707704344	1596707704342	-6.715	-9.491	1.533	0.415	1.439	0.278	127.738098	37.884274
1596707704363	1596707704361	-5.615	-9.285	1.286	0.594	1.315	-0.074	127.738098	37.884274
1596707704383	1596707704382	-4.870	-8.027	0.991	0.524	1.344	-0.334	127.738098	37.884274
1596707704402	1596707704402	-4.171	-6.637	0.812	0.027	1.297	-0.384	127.738098	37.884274
1596707704422	1596707704420	-3.565	-5.892	0.742	-0.663	1.238	-0.623	127.738098	37.884274
1596707704442	1596707704440	-3.766	-7.148	0.426	-1.403	1.356	-0.755	127.738098	37.884274
1596707704461	1596707704461	-4.029	-7.550	-0.405	-2.137	1.377	-0.943	127.738098	37.884274
1596707704481	1596707704479	-5.280	-9.476	0.517	-2.850	1.246	-1.177	127.738098	37.884274
1596707704505	1596707704499	-7.740	-11.541	3.198	-2.335	0.883	-1.221	127.738098	37.884274
1596707704522	1596707704520	-7.951	-5.315	3.452	-0.733	-0.069	-0.612	127.738098	37.884274
1596707704541	1596707704539	-5.809	-4.623	-0.662	-1.025	-0.352	-0.810	127.738098	37.884274
1596707704562	1596707704560	-3.402	-6.832	-6.296	-3.601	-0.369	-1.103	127.738098	37.884274
1596707704582	1596707704579	-1.061	-13.977	-10.711	-4.494	-0.532	-1.103	127.738098	37.884274
1596707704601	1596707704601	-1.699	-15.043	-8.679	-0.410	0.079	0.359	127.738098	37.884274
1596707704621	1596707704620	-4.314	-7.986	-8.291	2.679	1.366	-0.112	127.738098	37.884274
1596707704640	1596707704640	-6.358	-3.559	-8.643	1.586	1.778	-0.299	127.738098	37.884274
1596707704664	1596707704662	-6.691	-7.857	-8.143	0.090	1.341	0.065	127.738098	37.884274
1596707704680	1596707704679	-6.916	-11.290	-4.676	-0.894	1.193	0.301	127.738098	37.884274
1596707704701	1596707704698	-6.010	-11.747	-1.234	0.022	0.459	0.359	127.738098	37.884274
1596707704720	1596707704717	-5.368	-11.122	-0.755	0.660	0.065	-0.137	127.738098	37.884274
1596707704738	1596707704736	-5.927	-8.717	-2.528	1.454	-0.078	-0.489	127.738098	37.884274
1596707704758	1596707704755	-5.848	-6.896	-4.207	1.378	-0.205	-0.561	127.738098	37.884274
1596707704777	1596707704774	-5.229	-8.355	-5.912	0.731	-0.235	-0.502	127.738098	37.884274
1596707704799	1596707704794	-4.844	-8.494	-6.899	0.313	-0.321	-0.343	127.738098	37.884274
1596707704817	1596707704815	-4.760	-8.422	-6.324	0.229	-0.400	-0.178	127.738098	37.884274
1596707704836	1596707704835	-4.655	-8.403	-5.453	0.224	-0.510	-0.187	127.738098	37.884274
1596707704856	1596707704855	-4.477	-7.895	-4.439	0.376	-0.562	-0.277	127.738098	37.884274
1596707704878	1596707704876	-4.346	-7.701	-3.644	0.606	-0.563	-0.324	127.738098	37.884274
1596707704898	1596707704898	-4.192	-6.992	-3.395	0.804	-0.581	-0.400	127.738098	37.884274
1596707704915	1596707704912	-4.005	-6.355	-3.004	0.878	-0.604	-0.466	127.738098	37.884274
1596707704936	1596707704935	-3.914	-5.471	-3.026	0.834	-0.615	-0.461	127.738098	37.884274
1596707704954	1596707704953	-3.708	-5.047	-3.021	0.488	-0.683	-0.442	127.738083	37.884270
1596707704973	1596707704971	-3.524	-5.392	-3.098	-0.098	-0.703	-0.385	127.738083	37.884270
1596707704993	1596707704992	-3.586	-6.252	-3.407	-0.521	-0.650	-0.337	127.738083	37.884270
1596707705013	1596707705010	-3.704	-6.841	-3.388	-0.541	-0.662	-0.289	127.738083	37.884270
1596707705034	1596707705031	-3.675	-6.889	-3.289	-0.398	-0.804	-0.272	127.738083	37.884270
1596707705052	1596707705050	-3.569	-6.958	-3.253	-0.343	-0.875	-0.243	127.738083	37.884270
1596707705074	1596707705073	-3.584	-7.205	-3.428	-0.355	-0.903	-0.203	127.738083	37.884270
1596707705092	1596707705090	-3.823	-7.138	-3.627	-0.522	-0.965	-0.205	127.738083	37.884270
1596707705114	1596707705110	-4.168	-7.497	-3.728	-0.766	-1.024	-0.174	127.738083	37.884270
1596707705131	1596707705130	-4.336	-8.137	-3.927	-0.934	-1.106	-0.106	127.738083	37.884270
1596707705150	1596707705148	-4.295	-8.463	-4.195	-1.024	-1.228	-0.097	127.738083	37.884270
1596707705169	1596707705168	-4.360	-8.585	-4.375	-1.073	-1.276	-0.113	127.738083	37.884270
1596707705190	1596707705187	-5.134	-8.233	-4.844	-1.097	-1.234	-0.114	127.738083	37.884270
1596707705210	1596707705208	-6.018	-7.950	-5.407	-1.230	-1.241	0.007	127.738083	37.884270
1596707705229	1596707705229	-6.303	-8.396	-5.893	-1.501	-1.424	0.150	127.738083	37.884270
1596707705248	1596707705248	-6.121	-9.026	-5.999	-1.651	-1.545	0.243	127.738083	37.884270
1596707705268	1596707705268	-5.840	-9.658	-5.747	-1.413	-1.564	0.343	127.738083	37.884270
1596707705288	1596707705287	-5.603	-9.622	-5.239	-0.966	-1.441	0.343	127.738083	37.884270
1596707705309	1596707705308	-5.771	-8.657	-4.674	-0.509	-1.224	0.182	127.738083	37.884270
1596707705330	1596707705330	-6.449	-7.624	-4.506	-0.155	-0.992	0.068	127.738083	37.884270
1596707705347	1596707705345	-7.000	-6.424	-4.846	-0.203	-0.874	-0.069	127.738083	37.884270
1596707705366	1596707705364	-7.520	-6.434	-5.012	-0.493	-0.781	-0.043	127.738083	37.884270
1596707705386	1596707705384	-7.862	-7.107	-5.012	-0.830	-0.774	0.009	127.738083	37.884270
1596707705406	1596707705405	-7.623	-7.279	-5.017	-0.942	-0.875	0.028	127.738083	37.884270
1596707705425	1596707705425	-6.911	-6.908	-4.858	-0.859	-0.957	0.064	127.738083	37.884270
1596707705446	1596707705445	-6.224	-6.673	-4.324	-0.807	-0.916	0.099	127.738083	37.884270
1596707705465	1596707705465	-5.395	-6.702	-3.845	-0.699	-0.884	0.145	127.738083	37.884270
1596707705486	1596707705486	-4.374	-6.779	-3.807	-0.523	-0.866	0.150	127.738083	37.884270
1596707705505	1596707705503	-3.581	-6.678	-3.646	-0.356	-0.705	0.140	127.738083	37.884270
1596707705528	1596707705522	-3.224	-6.319	-3.627	-0.212	-0.470	0.182	127.738083	37.884270
1596707705544	1596707705541	-3.105	-6.532	-3.814	-0.141	-0.271	0.197	127.738083	37.884270
1596707705563	1596707705561	-3.217	-7.114	-3.927	-0.227	-0.224	0.301	127.738083	37.884270
1596707705583	1596707705581	-3.095	-7.656	-4.432	-0.203	-0.250	0.376	127.738083	37.884270
1596707705603	1596707705602	-2.913	-7.612	-5.033	0.121	-0.228	0.379	127.738083	37.884270
1596707705627	1596707705623	-2.932	-7.088	-5.476	0.465	-0.138	0.368	127.738083	37.884270
1596707705641	1596707705641	-3.383	-6.901	-5.807	0.436	0.113	0.396	127.738083	37.884270
1596707705662	1596707705662	-4.456	-7.126	-6.729	0.226	0.404	0.534	127.738083	37.884270
1596707705681	1596707705681	-5.443	-8.120	-7.333	0.163	0.692	0.593	127.738083	37.884270
1596707705704	1596707705704	-5.725	-8.825	-7.220	0.335	0.840	0.649	127.738083	37.884270
1596707705730	1596707705730	-5.160	-8.458	-7.410	0.684	0.871	0.666	127.738083	37.884270
1596707705741	1596707705740	-5.059	-7.517	-7.918	0.737	1.137	0.539	127.738083	37.884270
1596707705761	1596707705760	-6.684	-9.222	-8.227	0.550	1.490	0.593	127.738083	37.884270
1596707705781	1596707705779	-7.805	-13.726	-8.006	0.947	1.632	0.691	127.738083	37.884270
1596707705800	1596707705800	-7.642	-13.345	-6.928	1.759	1.523	0.621	127.738083	37.884270
1596707705820	1596707705820	-6.710	-8.048	-8.291	2.533	1.455	0.577	127.738083	37.884270
1596707705840	1596707705840	-6.820	-6.487	-8.171	3.172	1.766	0.587	127.738083	37.884270
1596707705859	1596707705859	-7.766	-7.265	-6.993	3.070	2.000	0.570	127.738083	37.884270
1596707705879	1596707705879	-8.686	-7.948	-6.566	2.849	2.017	0.588	127.738083	37.884270
1596707705899	1596707705899	-8.507	-8.429	-6.193	2.944	1.815	0.537	127.738083	37.884270
1596707705923	1596707705921	-7.728	-8.841	-4.971	3.250	1.662	0.393	127.738083	37.884270
1596707705942	1596707705940	-7.215	-7.593	-3.316	3.561	1.631	0.200	127.738083	37.884270
1596707705960	1596707705954	-6.916	-6.796	-1.852	3.711	1.664	-0.102	127.738083	37.884270
1596707705977	1596707705974	-6.911	-6.712	-1.002	3.836	1.672	-0.515	127.738075	37.884254
1596707705997	1596707705994	-6.557	-5.979	-0.465	4.123	1.437	-0.852	127.738075	37.884254
1596707706017	1596707706014	-6.013	-6.197	-0.075	3.920	1.122	-0.973	127.738075	37.884254
1596707706036	1596707706033	-5.677	-7.337	1.727	4.136	0.787	-1.138	127.738075	37.884254
1596707706054	1596707706053	-7.227	-4.446	3.540	4.019	0.546	-1.169	127.738075	37.884254
1596707706074	1596707706072	-6.248	-1.952	3.753	2.909	-0.282	-0.966	127.738075	37.884254
1596707706098	1596707706095	-3.603	-6.561	1.569	1.328	-1.322	-0.481	127.738075	37.884254
1596707706120	1596707706115	-3.696	-7.979	1.444	1.870	-1.051	-0.626	127.738075	37.884254
1596707706134	1596707706132	-5.577	-4.980	3.571	3.545	-0.861	-0.284	127.738075	37.884254
1596707706153	1596707706153	-5.687	-0.555	4.757	2.970	-1.334	0.031	127.738075	37.884254
1596707706172	1596707706171	-4.829	-0.836	3.835	0.979	-1.545	0.377	127.738075	37.884254
1596707706193	1596707706190	-5.098	-2.041	2.853	-0.220	-1.416	0.779	127.738075	37.884254
1596707706217	1596707706215	-5.522	-1.911	2.721	-0.688	-1.646	1.415	127.738075	37.884254
1596707706232	1596707706231	-5.869	-2.285	2.429	-0.973	-1.767	2.060	127.738075	37.884254
1596707706251	1596707706251	-6.466	-2.752	1.902	-1.408	-1.348	2.238	127.738075	37.884254
1596707706271	1596707706271	-7.802	-2.807	1.240	-1.927	-1.081	2.438	127.738075	37.884254
1596707706292	1596707706291	-8.990	-3.890	0.208	-2.089	-1.137	2.982	127.738075	37.884254
1596707706310	1596707706311	-10.246	-4.910	-0.973	-2.166	-1.214	3.573	127.738075	37.884254
1596707706331	1596707706330	-11.537	-5.576	-1.177	-2.500	-1.103	3.974	127.738075	37.884254
1596707706354	1596707706354	-12.267	-4.652	-1.946	-3.117	-1.162	4.235	127.738075	37.884254
1596707706369	1596707706368	-12.361	-4.065	-2.700	-3.563	-1.245	4.750	127.738075	37.884254
1596707706390	1596707706387	-12.672	-3.006	-2.930	-4.112	-0.915	4.892	127.738075	37.884254
1596707706409	1596707706407	-14.819	-1.753	-2.693	-4.810	-0.182	5.210	127.738075	37.884254
1596707706430	1596707706428	-18.486	-2.793	-2.032	-5.397	0.652	5.381	127.738075	37.884254
1596707706447	1596707706447	-21.195	-4.010	-1.500	-5.463	0.534	5.038	127.738075	37.884254
1596707706468	1596707706468	-19.665	-4.517	-1.957	-4.757	-0.712	4.565	127.738075	37.884254
1596707706488	1596707706487	-15.255	-4.297	-2.274	-3.690	-1.371	3.890	127.738075	37.884254
1596707706507	1596707706507	-11.549	-3.478	-2.276	-2.698	-1.577	3.240	127.738075	37.884254
1596707706532	1596707706528	-9.182	-2.671	-2.791	-1.896	-1.651	2.633	127.738075	37.884254
1596707706547	1596707706545	-7.975	-1.775	-2.861	-1.063	-1.174	2.127	127.738075	37.884254
1596707706567	1596707706567	-8.353	-0.927	-2.156	-0.303	-0.599	1.960	127.738075	37.884254
1596707706586	1596707706583	-9.537	-0.256	-1.996	-0.167	-0.274	1.655	127.738075	37.884254
1596707706607	1596707706604	-10.557	-0.622	-1.466	-0.418	-0.102	1.270	127.738075	37.884254
1596707706625	1596707706625	-10.761	-1.039	-1.050	-0.880	-0.080	1.030	127.738075	37.884254
1596707706645	1596707706644	-10.861	-1.202	-0.571	-1.148	-0.124	1.071	127.738075	37.884254
1596707706667	1596707706667	-10.818	-1.164	-0.693	-1.581	-0.172	1.212	127.738075	37.884254
1596707706684	1596707706684	-10.488	-1.133	-1.260	-2.232	-0.198	1.359	127.738075	37.884254
1596707706706	1596707706706	-10.203	-1.140	-1.543	-3.157	-0.280	1.605	127.738075	37.884254
1596707706729	1596707706729	-10.370	-1.216	-1.579	-4.287	-0.337	1.804	127.738075	37.884254
1596707706744	1596707706741	-11.228	-0.730	-2.904	-5.542	-0.372	1.841	127.738075	37.884254
1596707706762	1596707706761	-13.151	-1.341	-4.823	-6.339	-0.381	1.790	127.738075	37.884254
1596707706783	1596707706780	-16.479	-3.610	-5.146	-6.164	-0.129	1.699	127.738075	37.884254
1596707706802	1596707706800	-17.487	-3.990	-5.357	-5.738	-0.363	1.324	127.738075	37.884254
1596707706821	1596707706821	-13.901	-4.127	-7.053	-4.863	-1.041	0.910	127.738075	37.884254
1596707706842	1596707706841	-9.206	-7.751	-5.709	-2.114	-1.154	0.659	127.738075	37.884254
1596707706862	1596707706862	-6.717	-9.407	-2.633	1.527	-0.517	0.458	127.738075	37.884254
1596707706882	1596707706881	-7.558	-4.553	-2.180	4.340	0.568	0.019	127.738075	37.884254
1596707706902	1596707706902	-10.447	-0.265	-2.329	5.377	1.369	-0.580	127.738075	37.884254
1596707706926	1596707706920	-12.897	0.786	-3.292	4.940	1.622	-1.452	127.738075	37.884254
1596707706952	1596707706952	-15.144	0.075	-4.521	4.383	1.949	-2.406	127.738075	37.884254
1596707706965	1596707706965	-16.601	-0.630	-5.067	4.195	2.194	-3.182	127.738083	37.884243
1596707706981	1596707706979	-17.262	-0.052	-4.389	4.301	1.901	-3.712	127.738083	37.884243
1596707706999	1596707706999	-15.506	1.251	-3.627	4.335	1.073	-4.354	127.738083	37.884243
1596707707020	1596707707018	-13.190	1.514	-3.100	4.381	1.044	-4.719	127.738083	37.884243
1596707707040	1596707707038	-12.543	1.153	-2.755	5.061	1.718	-4.572	127.738083	37.884243
1596707707061	1596707707058	-12.294	2.029	-2.597	5.609	1.857	-4.089	127.738083	37.884243
1596707707079	1596707707077	-11.661	2.425	-1.330	5.620	1.455	-3.566	127.738083	37.884243
1596707707098	1596707707098	-10.476	2.283	-0.554	4.709	1.098	-3.556	127.738083	37.884243
1596707707120	1596707707120	-9.264	0.441	-0.750	4.168	1.109	-3.967	127.738083	37.884243
1596707707138	1596707707135	-9.180	0.077	-1.057	4.211	0.941	-3.067	127.738083	37.884243
1596707707158	1596707707154	-9.585	-0.637	-0.863	3.603	0.463	-2.190	127.738083	37.884243
1596707707178	1596707707176	-8.612	-0.534	-0.259	1.918	0.334	-1.749	127.738083	37.884243
1596707707197	1596707707194	-8.734	-1.003	-1.186	0.790	0.164	-1.004	127.738083	37.884243
1596707707217	1596707707215	-9.084	-1.341	-1.728	0.771	-0.025	-0.663	127.738083	37.884243
1596707707236	1596707707234	-9.498	-1.324	-1.917	1.091	-0.184	-0.655	127.738083	37.884243
1596707707255	1596707707254	-9.702	-0.134	-1.083	1.109	-0.494	-0.398	127.738083	37.884243
1596707707275	1596707707274	-9.985	1.028	-0.456	0.021	-0.951	0.139	127.738083	37.884243
1596707707294	1596707707293	-11.075	1.752	-1.016	-2.279	-0.997	-0.100	127.738083	37.884243
1596707707313	1596707707313	-12.984	2.245	-1.143	-4.964	-0.813	-0.343	127.738083	37.884243
1596707707333	1596707707333	-13.432	3.666	-0.113	-8.291	-0.880	-0.752	127.738083	37.884243
1596707707353	1596707707351	-13.492	4.231	-2.336	-11.729	-1.131	-1.268	127.738083	37.884243
1596707707375	1596707707370	-13.345	2.252	-5.462	-14.161	-1.421	-1.507	127.738083	37.884243
1596707707393	1596707707390	-11.875	-0.982	-7.266	-14.442	-1.853	-1.452	127.738083	37.884243
1596707707412	1596707707410	-9.802	-2.611	-8.365	-12.528	-1.944	-1.416	127.738083	37.884243
1596707707432	1596707707429	-9.249	-5.421	-8.171	-9.170	-1.641	-0.751	127.738083	37.884243
1596707707451	1596707707449	-9.953	-7.871	-6.935	-5.483	-1.325	-0.805	127.738083	37.884243
1596707707471	1596707707470	-10.430	-9.191	-5.532	-2.009	-1.432	-0.605	127.738083	37.884243
1596707707491	1596707707490	-9.738	-7.898	-4.324	0.940	-1.753	-0.081	127.738083	37.884243
1596707707510	1596707707510	-9.405	-6.146	-2.281	2.884	-1.768	0.470	127.738083	37.884243
1596707707533	1596707707531	-9.283	-5.262	-0.204	3.709	-1.803	0.738	127.738083	37.884243
1596707707551	1596707707548	-8.370	-4.235	0.493	3.386	-1.944	1.041	127.738083	37.884243
1596707707574	1596707707570	-7.730	-3.399	-0.221	2.800	-2.021	1.305	127.738083	37.884243
1596707707589	1596707707587	-7.577	-3.360	-0.851	2.978	-2.199	1.422	127.738083	37.884243
1596707707613	1596707707610	-8.569	-7.653	2.172	3.860	-2.202	1.631	127.738083	37.884243
1596707707629	1596707707626	-9.896	-3.830	3.880	1.924	-2.411	1.008	127.738083	37.884243
1596707707649	1596707707648	-11.525	11.492	0.527	-3.319	-2.891	-0.186	127.738083	37.884243
1596707707669	1596707707667	-11.233	10.387	-6.178	-9.089	-3.377	-0.882	127.738083	37.884243
1596707707687	1596707707687	-10.502	1.031	-11.899	-13.879	-2.889	-1.899	127.738083	37.884243
1596707707707	1596707707707	-9.786	-0.972	-15.358	-14.755	-2.600	-2.739	127.738083	37.884243
1596707707727	1596707707725	-7.726	-1.121	-17.258	-12.499	-2.069	-3.014	127.738083	37.884243
1596707707752	1596707707748	-5.867	-4.431	-15.626	-10.068	-1.088	-3.119	127.738083	37.884243
1596707707766	1596707707766	-5.579	-8.223	-12.364	-7.181	-0.014	-2.878	127.738083	37.884243
1596707707786	1596707707783	-8.878	-9.117	-7.529	-1.753	0.733	-1.923	127.738083	37.884243
1596707707805	1596707707803	-12.045	-2.496	-2.870	3.089	0.842	-0.647	127.738083	37.884243
1596707707824	1596707707823	-11.405	3.155	-2.037	5.440	-0.234	0.405	127.738083	37.884243
1596707707845	1596707707843	-9.089	2.832	-2.599	5.374	-0.389	0.853	127.738083	37.884243
1596707707865	1596707707863	-11.386	0.518	-1.929	3.890	0.946	0.803	127.738083	37.884243
1596707707884	1596707707884	-14.169	2.499	-3.234	1.716	1.732	0.432	127.738083	37.884243
1596707707904	1596707707904	-13.647	3.179	-6.981	0.649	1.097	0.651	127.738083	37.884243
1596707707926	1596707707926	-11.192	-0.814	-9.051	0.729	0.588	0.804	127.738083	37.884243
1596707707955	1596707707954	-9.668	-3.660	-7.925	0.721	0.717	0.662	127.738083	37.884243
1596707707968	1596707707968	-9.450	-2.388	-5.395	0.971	0.731	0.643	127.738075	37.884235
1596707707984	1596707707980	-9.982	-0.967	-2.834	1.848	0.785	0.701	127.738075	37.884235
1596707708002	1596707708000	-10.433	-0.407	-1.656	2.442	0.810	0.708	127.738075	37.884235
1596707708022	1596707708020	-10.452	-0.218	-1.677	2.829	0.718	0.788	127.738075	37.884235
1596707708042	1596707708040	-10.615	-1.054	-2.034	3.362	0.643	1.229	127.738075	37.884235
1596707708063	1596707708060	-11.003	-2.076	-2.180	3.861	0.632	1.767	127.738075	37.884235
1596707708082	1596707708079	-10.993	-4.297	-1.138	4.398	0.661	2.029	127.738075	37.884235
1596707708101	1596707708101	-10.150	-4.060	-1.450	4.636	0.441	1.944	127.738075	37.884235
1596707708129	1596707708122	-9.079	-2.924	-2.353	5.253	0.230	1.740	127.738075	37.884235
1596707708143	1596707708143	-8.152	-2.196	-3.258	5.755	0.392	1.462	127.738075	37.884235
1596707708163	1596707708159	-7.802	-3.073	-3.057	5.950	0.923	1.246	127.738075	37.884235
1596707708181	1596707708178	-8.289	-4.604	-1.363	6.149	1.373	0.755	127.738075	37.884235
1596707708201	1596707708200	-9.029	-3.130	-1.835	6.002	1.544	-0.053	127.738075	37.884235
1596707708220	1596707708218	-9.659	-0.522	-2.183	5.854	1.764	-0.387	127.738075	37.884235
1596707708239	1596707708239	-10.270	0.360	-1.215	5.321	1.882	-0.652	127.738075	37.884235
1596707708259	1596707708259	-10.720	-0.709	-0.149	4.779	1.721	-1.100	127.738075	37.884235
1596707708279	1596707708279	-11.089	-1.624	1.154	4.017	1.655	-1.372	127.738075	37.884235
1596707708298	1596707708298	-11.158	-2.249	0.524	3.753	1.428	-1.707	127.738075	37.884235
1596707708318	1596707708318	-10.835	-1.355	-0.245	3.905	1.115	-1.667	127.738075	37.884235
1596707708342	1596707708337	-10.406	-0.721	-0.384	3.865	0.916	-1.597	127.738075	37.884235
1596707708357	1596707708354	-10.131	-1.039	0.781	3.572	0.836	-1.565	127.738075	37.884235
1596707708377	1596707708375	-10.320	-1.849	2.067	3.369	0.667	-1.425	127.738075	37.884235
1596707708397	1596707708393	-10.078	-0.797	1.190	3.680	0.001	-1.375	127.738075	37.884235
1596707708416	1596707708413	-9.860	0.695	0.484	2.801	-0.123	-0.657	127.738075	37.884235
1596707708436	1596707708434	-10.938	0.274	1.720	1.791	0.203	-0.386	127.738075	37.884235
1596707708455	1596707708454	-11.769	0.221	2.469	0.747	0.229	0.000	127.738075	37.884235
1596707708475	1596707708474	-11.752	1.002	1.490	-0.540	-0.024	0.460	127.738075	37.884235
1596707708494	1596707708494	-11.616	0.415	0.912	-1.846	-0.189	0.941	127.738075	37.884235
1596707708513	1596707708513	-11.470	-0.821	0.730	-2.723	-0.336	1.331	127.738075	37.884235
1596707708537	1596707708535	-11.508	-2.352	0.668	-2.991	-0.506	1.800	127.738075	37.884235
1596707708554	1596707708552	-11.645	-3.703	0.776	-2.649	-0.700	2.319	127.738075	37.884235
1596707708574	1596707708574	-11.992	-3.732	0.603	-1.925	-0.684	2.695	127.738075	37.884235
1596707708597	1596707708590	-12.941	-3.691	1.176	-0.940	-0.380	2.918	127.738075	37.884235
1596707708612	1596707708610	-13.717	-3.643	1.988	0.091	-0.391	2.876	127.738075	37.884235
1596707708631	1596707708629	-12.636	-3.097	2.002	1.160	-0.884	2.519	127.738075	37.884235
1596707708651	1596707708649	-10.188	-1.753	1.684	1.920	-1.198	2.016	127.738075	37.884235
1596707708677	1596707708673	-8.523	-0.697	1.856	2.141	-1.187	1.623	127.738075	37.884235
1596707708691	1596707708690	-7.208	0.468	1.736	1.425	-1.180	0.966	127.738075	37.884235
1596707708714	1596707708714	-6.686	0.214	1.631	0.404	-0.883	0.448	127.738075	37.884235
1596707708730	1596707708729	-7.175	1.033	1.351	-0.498	-0.659	0.095	127.738075	37.884235
1596707708751	1596707708750	-7.977	0.935	1.068	-1.623	-0.441	0.409	127.738075	37.884235
1596707708770	1596707708770	-8.684	-0.311	0.790	-2.758	-0.344	0.358	127.738075	37.884235
1596707708789	1596707708789	-9.129	-0.821	0.349	-3.505	-0.566	0.375	127.738075	37.884235
1596707708808	1596707708806	-9.223	-1.509	-0.300	-3.758	-0.901	0.645	127.738075	37.884235
1596707708829	1596707708826	-9.575	-2.017	-1.160	-3.848	-1.064	1.007	127.738075	37.884235
1596707708847	1596707708846	-10.231	-2.476	-1.751	-3.647	-1.134	1.459	127.738075	37.884235
1596707708868	1596707708866	-11.173	-2.627	-1.823	-3.336	-1.064	1.981	127.738075	37.884235
1596707708887	1596707708887	-12.394	-2.929	-1.596	-2.905	-0.951	2.407	127.738075	37.884235
1596707708906	1596707708906	-13.492	-3.293	-1.299	-2.439	-0.936	2.691	127.738075	37.884235
1596707708927	1596707708927	-13.801	-3.569	-0.999	-1.864	-1.195	2.761	127.738075	37.884235
1596707708947	1596707708944	-12.756	-5.418	-0.887	-1.038	-1.673	2.346	127.738075	37.884235
1596707708972	1596707708970	-12.291	-3.231	-2.197	0.069	-1.592	1.701	127.738091	37.884220
1596707708992	1596707708992	-14.488	-2.050	-0.947	-0.477	0.195	2.383	127.738091	37.884220
1596707709012	1596707709003	-14.852	-3.497	-0.099	-0.357	0.374	1.451	127.738091	37.884220
1596707709028	1596707709024	-12.217	-4.055	-0.542	0.190	-0.442	0.807	127.738091	37.884220
1596707709045	1596707709042	-9.101	-2.848	-0.554	0.847	-0.430	0.049	127.738091	37.884220
1596707709065	1596707709062	-8.243	-2.009	-0.743	1.242	0.255	-0.580	127.738091	37.884220
1596707709085	1596707709082	-9.807	-2.048	-0.793	1.470	1.129	-1.061	127.738091	37.884220
1596707709104	1596707709103	-11.597	-2.759	-0.743	1.794	1.490	-1.507	127.738091	37.884220
1596707709122	1596707709122	-12.598	-2.879	-1.076	2.147	1.357	-1.848	127.738091	37.884220
1596707709145	1596707709145	-13.163	-2.771	-0.757	2.416	1.167	-2.136	127.738091	37.884220
1596707709165	1596707709165	-12.390	-3.049	-0.321	2.674	0.815	-2.197	127.738091	37.884220
1596707709182	1596707709180	-11.223	-3.200	0.014	3.138	0.441	-2.045	127.738091	37.884220
