1596707660037	1596707660034	-7.223	-2.203	-0.611	2.519	-0.880	-0.298	127.738426	37.884628
1596707660052	1596707660048	-7.017	-1.530	-0.072	2.252	-0.250	-0.544	127.738426	37.884628
1596707660069	1596707660067	-7.788	-0.464	0.014	1.600	0.165	-0.788	127.738426	37.884628
1596707660089	1596707660088	-8.274	-0.289	-0.127	0.802	0.368	-1.019	127.738426	37.884628
1596707660108	1596707660106	-8.404	-1.617	-0.029	0.274	0.441	-0.953	127.738426	37.884628
1596707660128	1596707660126	-8.384	-2.227	-0.295	0.074	0.376	-0.888	127.738426	37.884628
1596707660148	1596707660146	-8.701	-1.686	-1.050	0.364	0.422	-0.939	127.738426	37.884628
1596707660167	1596707660166	-9.290	-2.182	-0.611	0.711	0.447	-0.861	127.738426	37.884628
1596707660187	1596707660185	-9.101	-1.966	-0.803	1.009	0.193	-0.817	127.738426	37.884628
1596707660206	1596707660205	-8.027	-1.078	-1.653	1.434	-0.191	-0.612	127.738426	37.884628
1596707660226	1596707660225	-6.988	-0.524	-2.077	1.594	-0.187	-0.331	127.738426	37.884628
1596707660247	1596707660244	-8.202	-0.654	-1.713	1.434	0.152	-0.146	127.738426	37.884628
1596707660266	1596707660264	-9.556	-0.038	-1.387	1.067	0.105	-0.045	127.738426	37.884628
1596707660285	1596707660284	-9.913	0.269	-0.755	0.503	-0.014	0.134	127.738426	37.884628
1596707660306	1596707660303	-10.521	0.230	-0.815	-0.380	-0.038	0.246	127.738426	37.884628
1596707660324	1596707660323	-10.610	0.072	-1.565	-1.440	-0.184	0.242	127.738426	37.884628
1596707660344	1596707660342	-12.023	-0.095	-1.850	-2.607	-0.094	0.285	127.738426	37.884628
1596707660368	1596707660365	-13.168	-1.463	-2.238	-3.695	-0.016	0.249	127.738426	37.884628
1596707660384	1596707660383	-12.430	-2.436	-2.520	-4.429	-0.183	0.257	127.738426	37.884628
1596707660408	1596707660406	-11.264	-3.531	-2.056	-4.772	-0.436	0.428	127.738426	37.884628
1596707660424	1596707660422	-10.140	-4.455	-1.526	-4.669	-0.624	0.531	127.738426	37.884628
1596707660442	1596707660441	-9.973	-5.713	-0.757	-3.962	-0.540	0.594	127.738426	37.884628
1596707660462	1596707660461	-10.531	-6.259	-0.415	-2.730	-0.155	0.583	127.738426	37.884628
1596707660485	1596707660485	-11.403	-5.845	0.352	-1.263	-0.020	0.588	127.738426	37.884628
1596707660503	1596707660503	-12.078	-4.901	0.757	-0.133	0.091	0.446	127.738426	37.884628
1596707660522	1596707660520	-13.199	-3.966	1.217	0.399	0.227	0.068	127.738426	37.884628
1596707660541	1596707660539	-13.781	-4.460	1.533	0.695	0.136	-0.400	127.738426	37.884628
1596707660561	1596707660559	-12.929	-4.230	2.651	1.239	-0.287	-0.638	127.738426	37.884628
1596707660581	1596707660579	-10.641	-1.926	3.123	2.235	-0.707	-0.811	127.738426	37.884628
1596707660603	1596707660601	-8.502	0.429	3.808	2.113	-0.848	-1.047	127.738426	37.884628
1596707660622	1596707660620	-7.304	0.238	4.319	0.429	-0.823	-1.098	127.738426	37.884628
1596707660641	1596707660639	-6.743	-0.206	3.126	-1.274	-0.975	-1.121	127.738426	37.884628
1596707660661	1596707660658	-6.200	-0.785	1.439	-2.055	-1.084	-1.141	127.738426	37.884628
1596707660680	1596707660678	-5.883	-1.291	0.337	-2.119	-0.917	-0.887	127.738426	37.884628
1596707660705	1596707660698	-5.730	-1.348	-0.144	-1.897	-0.768	-0.674	127.738426	37.884628
1596707660723	1596707660719	-5.704	-1.288	-0.324	-1.577	-0.591	-0.354	127.738426	37.884628
1596707660740	1596707660737	-5.948	-1.240	-0.355	-1.243	-0.452	0.096	127.738426	37.884628
1596707660763	1596707660760	-6.473	-1.413	-0.484	-0.970	-0.265	0.592	127.738426	37.884628
1596707660779	1596707660776	-7.436	-1.703	-0.384	-0.748	0.010	0.965	127.738426	37.884628
1596707660800	1596707660798	-8.945	-2.194	0.622	-0.435	0.415	1.378	127.738426	37.884628
1596707660818	1596707660815	-11.010	-2.656	1.327	0.049	0.696	1.963	127.738426	37.884628
1596707660839	1596707660835	-12.902	-2.105	0.893	0.304	0.588	2.454	127.738426	37.884628
1596707660860	1596707660854	-13.678	-1.779	0.565	0.211	0.179	2.583	127.738426	37.884628
1596707660881	1596707660875	-14.059	-2.297	-0.278	0.012	-0.087	2.595	127.738426	37.884628
1596707660901	1596707660897	-15.564	-2.409	0.239	-0.133	0.589	2.672	127.738426	37.884628
1596707660916	1596707660914	-16.979	-2.484	1.746	-0.238	0.959	2.475	127.738426	37.884628
1596707660942	1596707660941	-14.764	-2.093	2.124	0.099	-0.152	1.844	127.738411	37.884621
1596707660954	1596707660952	-10.742	-1.741	0.491	0.521	-1.260	1.462	127.738411	37.884621
1596707660974	1596707660973	-9.031	-2.548	-0.803	0.862	-0.928	1.118	127.738411	37.884621
1596707660996	1596707660993	-10.701	-3.626	-1.201	1.343	0.130	0.692	127.738411	37.884621
1596707661014	1596707661013	-12.981	-3.605	-1.074	2.207	0.418	0.412	127.738411	37.884621
1596707661033	1596707661032	-13.039	-2.508	-1.215	2.878	-0.249	0.123	127.738411	37.884621
1596707661054	1596707661052	-11.697	-1.686	-1.342	3.052	-0.850	-0.172	127.738411	37.884621
1596707661076	1596707661076	-10.849	-1.353	-0.870	3.104	-1.049	-0.495	127.738411	37.884621
1596707661094	1596707661091	-9.941	-1.190	-0.209	3.149	-1.107	-0.893	127.738411	37.884621
1596707661111	1596707661111	-9.050	-0.438	0.256	2.888	-1.112	-1.308	127.738411	37.884621
1596707661132	1596707661130	-8.473	0.108	0.584	2.304	-1.022	-1.638	127.738411	37.884621
1596707661153	1596707661151	-8.310	0.154	1.018	1.523	-0.855	-1.897	127.738411	37.884621
1596707661172	1596707661170	-8.301	-0.165	1.011	0.704	-0.782	-2.159	127.738411	37.884621
1596707661192	1596707661191	-8.281	-0.620	0.898	0.074	-0.637	-2.357	127.738411	37.884621
1596707661212	1596707661212	-8.516	-0.883	0.522	-0.174	-0.430	-2.355	127.738411	37.884621
1596707661232	1596707661232	-8.990	-1.262	0.795	0.067	-0.230	-2.132	127.738411	37.884621
1596707661252	1596707661252	-9.129	-0.471	0.625	-0.014	-0.340	-2.050	127.738411	37.884621
1596707661270	1596707661270	-8.586	-0.483	0.141	-0.018	-0.749	-1.973	127.738411	37.884621
1596707661291	1596707661290	-8.003	-0.459	-0.604	0.222	-0.870	-1.720	127.738411	37.884621
1596707661310	1596707661310	-8.353	-0.095	-0.688	0.568	-0.620	-1.425	127.738411	37.884621
1596707661328	1596707661327	-9.628	0.357	-0.865	0.900	-0.353	-1.164	127.738411	37.884621
1596707661351	1596707661348	-10.603	1.021	-0.568	0.946	-0.234	-0.811	127.738411	37.884621
1596707661368	1596707661366	-10.845	2.149	-0.662	0.408	-0.523	-0.325	127.738411	37.884621
1596707661390	1596707661390	-10.861	2.983	-1.900	-0.442	-0.746	0.032	127.738411	37.884621
1596707661409	1596707661409	-11.534	2.518	-2.722	-1.009	-0.113	0.527	127.738411	37.884621
1596707661429	1596707661429	-12.464	0.772	-2.065	-0.907	0.342	0.902	127.738411	37.884621
1596707661448	1596707661448	-13.755	0.602	-0.777	-0.743	0.433	1.131	127.738411	37.884621
1596707661469	1596707661469	-14.831	0.669	1.034	-0.751	0.967	1.500	127.738411	37.884621
1596707661488	1596707661488	-13.911	0.489	1.595	-0.931	0.767	1.768	127.738411	37.884621
1596707661506	1596707661504	-12.021	0.712	1.559	-0.865	0.608	1.909	127.738411	37.884621
1596707661526	1596707661524	-11.384	0.817	1.744	-0.604	0.998	1.962	127.738411	37.884621
1596707661545	1596707661542	-12.160	0.920	1.444	-0.686	1.500	1.904	127.738411	37.884621
1596707661564	1596707661562	-13.345	0.429	0.826	-0.850	1.743	1.892	127.738411	37.884621
1596707661584	1596707661584	-13.856	0.614	0.692	-0.844	1.500	1.831	127.738411	37.884621
1596707661605	1596707661605	-12.883	0.053	0.816	-0.776	0.958	1.968	127.738411	37.884621
1596707661625	1596707661625	-11.130	-0.304	1.123	-0.681	0.502	1.998	127.738411	37.884621
1596707661644	1596707661644	-9.534	-0.158	1.197	-0.923	0.209	1.868	127.738411	37.884621
1596707661663	1596707661662	-8.272	-0.438	1.154	-1.266	0.028	1.839	127.738411	37.884621
1596707661684	1596707661684	-7.560	-0.912	1.279	-1.479	0.043	1.867	127.738411	37.884621
1596707661708	1596707661707	-7.675	-1.212	1.391	-1.644	0.257	1.793	127.738411	37.884621
1596707661732	1596707661726	-8.329	-1.614	1.470	-1.712	0.363	1.778	127.738411	37.884621
1596707661743	1596707661741	-8.799	-1.803	1.406	-1.599	0.284	1.775	127.738411	37.884621
1596707661764	1596707661763	-9.024	-1.961	1.360	-1.493	0.196	1.815	127.738411	37.884621
1596707661784	1596707661781	-9.192	-2.345	1.250	-1.424	0.108	1.752	127.738411	37.884621
1596707661804	1596707661802	-9.443	-2.551	0.960	-1.311	0.053	1.729	127.738411	37.884621
1596707661827	1596707661827	-9.858	-2.448	1.058	-1.230	0.127	1.741	127.738411	37.884621
1596707661849	1596707661849	-10.490	-2.429	1.018	-1.212	0.133	1.629	127.738411	37.884621
1596707661867	1596707661867	-11.063	-2.366	0.900	-1.247	0.270	1.340	127.738411	37.884621
1596707661887	1596707661887	-11.582	-2.728	0.838	-1.222	0.303	1.010	127.738411	37.884621
1596707661910	1596707661910	-11.525	-2.759	0.342	-1.101	0.005	0.604	127.738411	37.884621
1596707661923	1596707661920	-12.212	-2.987	-0.508	-0.819	0.051	0.180	127.738411	37.884621
1596707661946	1596707661943	-13.789	-2.714	0.079	-0.436	0.540	-0.364	127.738411	37.884621
1596707661963	1596707661962	-14.284	-2.421	0.488	0.037	0.165	-0.897	127.738403	37.884613
1596707661979	1596707661975	-13.587	-1.952	-0.240	0.399	-0.442	-1.364	127.738403	37.884613
1596707661999	1596707661996	-13.235	-1.796	-0.324	0.758	-0.339	-1.835	127.738403	37.884613
1596707662019	1596707662017	-13.199	-1.794	-0.868	0.916	-0.286	-2.248	127.738403	37.884613
1596707662039	1596707662036	-13.544	-2.017	-1.761	1.446	-0.402	-2.700	127.738403	37.884613
1596707662058	1596707662055	-14.258	-1.375	-2.319	1.977	-0.391	-2.824	127.738403	37.884613
1596707662080	1596707662075	-14.697	-0.495	-2.870	1.923	-0.397	-2.980	127.738403	37.884613
1596707662100	1596707662100	-15.039	-0.505	-2.973	2.282	-0.172	-3.200	127.738403	37.884613
1596707662118	1596707662114	-15.367	-0.045	-1.950	2.836	-0.200	-3.156	127.738403	37.884613
1596707662137	1596707662134	-13.947	0.937	-1.627	2.952	-0.913	-3.183	127.738403	37.884613
1596707662154	1596707662153	-12.806	1.919	-2.087	2.486	-0.564	-3.735	127.738403	37.884613
1596707662175	1596707662173	-11.590	0.506	-1.562	2.961	0.220	-3.650	127.738403	37.884613
1596707662195	1596707662194	-11.127	1.359	-1.658	3.399	0.029	-3.422	127.738403	37.884613
1596707662224	1596707662224	-10.073	1.320	-2.506	4.097	-0.502	-3.273	127.738403	37.884613
1596707662242	1596707662242	-9.189	2.041	-1.843	5.121	-0.680	-3.195	127.738403	37.884613
1596707662259	1596707662259	-8.154	1.512	-4.832	7.107	-1.396	-3.570	127.738403	37.884613
1596707662277	1596707662277	-7.860	1.138	-3.749	9.251	-0.141	-2.026	127.738403	37.884613
1596707662298	1596707662298	-8.147	3.812	-1.287	8.807	0.386	-1.091	127.738403	37.884613
1596707662318	1596707662315	-6.442	2.123	-0.616	7.103	-1.044	-0.197	127.738403	37.884613
1596707662332	1596707662332	-6.238	1.979	-0.487	4.712	-1.108	-0.201	127.738403	37.884613
1596707662353	1596707662350	-7.057	2.961	-0.748	2.394	-0.187	-0.140	127.738403	37.884613
1596707662372	1596707662370	-7.853	2.449	-0.913	0.754	0.252	0.238	127.738403	37.884613
1596707662392	1596707662390	-8.947	3.131	-1.270	-0.626	0.349	0.381	127.738403	37.884613
1596707662415	1596707662415	-9.805	4.267	-1.756	-2.665	0.319	0.536	127.738403	37.884613
1596707662439	1596707662440	-12.076	3.206	-3.095	-5.046	0.632	0.651	127.738403	37.884613
1596707662455	1596707662455	-15.041	1.809	-2.738	-6.902	1.786	0.790	127.738403	37.884613
1596707662470	1596707662470	-17.394	0.147	-0.441	-7.873	2.137	1.032	127.738403	37.884613
1596707662493	1596707662493	-15.501	-1.583	-0.151	-8.092	0.448	1.052	127.738403	37.884613
1596707662509	1596707662509	-12.088	-2.999	-0.175	-6.845	-0.668	1.357	127.738403	37.884613
1596707662533	1596707662527	-9.793	-3.648	0.536	-5.207	-0.743	1.689	127.738403	37.884613
1596707662548	1596707662547	-9.177	-2.982	1.051	-3.980	-0.300	1.767	127.738403	37.884613
1596707662567	1596707662566	-10.665	-2.738	1.212	-2.928	0.682	1.745	127.738403	37.884613
1596707662588	1596707662586	-13.657	-1.305	2.266	-1.766	1.470	1.694	127.738403	37.884613
1596707662612	1596707662613	-15.640	-1.097	3.004	-0.739	1.372	1.437	127.738403	37.884613
1596707662639	1596707662639	-14.728	-1.454	2.596	0.029	0.442	1.125	127.738403	37.884613
1596707662648	1596707662648	-11.961	-0.783	0.896	0.741	-0.434	0.746	127.738403	37.884613
1596707662667	1596707662668	-9.906	1.174	0.124	0.548	-0.461	0.599	127.738403	37.884613
1596707662687	1596707662687	-8.926	0.714	0.440	-0.072	-0.307	0.743	127.738403	37.884613
1596707662707	1596707662707	-8.095	0.456	0.845	-0.772	-0.499	0.715	127.738403	37.884613
1596707662727	1596707662724	-7.350	1.148	0.888	-1.632	-0.612	0.828	127.738403	37.884613
1596707662747	1596707662745	-7.484	0.475	0.876	-2.597	-0.331	1.090	127.738403	37.884613
1596707662766	1596707662766	-8.713	-0.601	0.694	-3.446	-0.021	1.230	127.738403	37.884613
1596707662785	1596707662782	-10.250	-1.231	0.678	-3.735	0.139	1.276	127.738403	37.884613
1596707662810	1596707662805	-11.178	-1.456	0.749	-3.747	-0.007	1.417	127.738403	37.884613
1596707662824	1596707662824	-11.281	-2.088	0.457	-3.601	-0.458	1.694	127.738403	37.884613
1596707662845	1596707662845	-10.466	-2.522	-0.247	-3.259	-0.953	1.939	127.738403	37.884613
1596707662863	1596707662863	-9.795	-2.548	-0.721	-2.658	-1.056	2.451	127.738403	37.884613
1596707662884	1596707662884	-10.028	-3.104	-0.525	-2.036	-0.741	2.958	127.738403	37.884613
1596707662910	1596707662910	-11.019	-3.384	-0.125	-1.367	-0.410	3.074	127.738403	37.884613
1596707662925	1596707662922	-11.980	-3.753	0.141	-0.640	-0.367	3.023	127.738403	37.884613
1596707662959	1596707662957	-12.598	-3.147	-0.329	-0.028	-0.348	2.929	127.738396	37.884605
1596707662973	1596707662963	-14.210	-3.966	-0.997	0.487	-0.055	2.830	127.738396	37.884605
1596707662981	1596707662980	-16.529	-3.701	-0.944	0.823	0.358	2.595	127.738396	37.884605
1596707663002	1596707662999	-16.862	-2.630	-0.070	1.207	0.066	2.133	127.738396	37.884605
1596707663023	1596707663020	-13.556	-2.503	-0.606	0.985	-0.694	1.303	127.738396	37.884605
1596707663042	1596707663040	-10.845	-4.410	-0.467	0.845	-0.966	0.332	127.738396	37.884605
1596707663061	1596707663061	-9.117	-2.855	-0.422	1.335	-0.879	-0.632	127.738396	37.884605
1596707663081	1596707663081	-9.877	-1.514	-1.117	1.957	-0.368	-1.794	127.738396	37.884605
1596707663105	1596707663103	-11.558	-2.594	-1.062	2.330	0.008	-2.167	127.738396	37.884605
1596707663130	1596707663123	-12.342	-2.476	-1.423	2.826	-0.147	-2.687	127.738396	37.884605
1596707663141	1596707663140	-12.821	-1.703	-1.826	3.148	-0.323	-3.105	127.738396	37.884605
1596707663159	1596707663158	-13.669	-1.581	-1.304	3.464	-0.342	-3.440	127.738396	37.884605
1596707663179	1596707663176	-14.869	-1.506	-0.690	3.603	-0.462	-3.690	127.738396	37.884605
1596707663199	1596707663195	-14.792	-0.047	-0.621	3.576	-0.763	-3.952	127.738396	37.884605
1596707663224	1596707663221	-14.519	1.009	-0.606	3.294	-0.889	-4.551	127.738396	37.884605
1596707663239	1596707663237	-12.780	-0.495	-1.500	3.510	-0.972	-4.588	127.738396	37.884605
1596707663259	1596707663257	-13.293	-1.106	-2.741	4.560	-0.303	-4.615	127.738396	37.884605
1596707663277	1596707663277	-14.835	-0.091	-3.704	6.438	-0.111	-4.475	127.738396	37.884605
1596707663298	1596707663297	-15.195	2.310	-5.738	8.163	-0.778	-4.256	127.738396	37.884605
1596707663328	1596707663321	-13.413	0.769	-5.393	10.498	-1.261	-3.439	127.738396	37.884605
1596707663336	1596707663333	-11.142	1.651	-4.176	11.295	-2.398	-1.809	127.738396	37.884605
1596707663359	1596707663356	-9.295	1.471	-5.889	9.691	-3.701	-1.079	127.738396	37.884605
1596707663375	1596707663373	-8.380	0.580	-5.671	8.415	-2.301	-1.499	127.738396	37.884605
1596707663399	1596707663396	-7.412	1.670	-2.374	7.444	-1.473	-1.038	127.738396	37.884605
1596707663414	1596707663412	-7.120	3.531	-1.512	4.773	-1.764	-0.498	127.738396	37.884605
1596707663434	1596707663434	-7.620	2.576	-0.717	1.353	-1.385	-0.197	127.738396	37.884605
1596707663454	1596707663452	-8.643	0.896	-0.942	-1.233	-0.970	-0.153	127.738396	37.884605
1596707663472	1596707663472	-9.256	1.196	-1.090	-2.934	-0.509	-0.244	127.738396	37.884605
1596707663494	1596707663494	-10.085	2.065	-1.162	-4.781	-0.023	0.112	127.738396	37.884605
1596707663514	1596707663512	-10.931	2.015	-2.216	-6.895	0.625	0.553	127.738396	37.884605
1596707663532	1596707663532	-12.155	1.038	-3.256	-8.423	1.457	0.819	127.738396	37.884605
1596707663555	1596707663550	-12.466	0.302	-3.127	-9.484	1.867	0.974	127.738396	37.884605
1596707663571	1596707663569	-12.521	-0.469	-2.276	-10.085	1.690	0.991	127.738396	37.884605
1596707663591	1596707663589	-12.277	-1.164	-1.301	-9.825	0.936	1.372	127.738396	37.884605
1596707663610	1596707663610	-11.585	-1.578	-1.601	-9.467	0.065	2.048	127.738396	37.884605
1596707663631	1596707663631	-11.484	-1.724	-1.881	-8.992	-0.076	2.482	127.738396	37.884605
1596707663651	1596707663651	-13.940	-4.374	-0.362	-7.751	0.853	2.880	127.738396	37.884605
1596707663670	1596707663670	-17.700	-6.352	1.825	-5.596	1.313	2.683	127.738396	37.884605
1596707663691	1596707663691	-18.774	-6.345	3.952	-2.629	0.607	2.745	127.738396	37.884605
1596707663710	1596707663710	-15.200	-3.590	4.185	-0.152	-0.617	2.485	127.738396	37.884605
1596707663729	1596707663729	-11.101	-3.049	2.663	1.503	-1.281	2.160	127.738396	37.884605
1596707663756	1596707663749	-8.207	-1.027	1.494	2.473	-1.268	1.817	127.738396	37.884605
1596707663770	1596707663767	-6.866	0.781	1.442	1.962	-0.645	1.473	127.738396	37.884605
1596707663789	1596707663786	-7.608	1.543	2.194	0.567	-0.139	1.328	127.738396	37.884605
1596707663809	1596707663807	-8.684	1.268	2.180	-1.465	-0.038	1.150	127.738396	37.884605
1596707663826	1596707663825	-9.326	-0.419	0.790	-2.385	-0.432	1.467	127.738396	37.884605
1596707663852	1596707663852	-9.726	-1.200	0.239	-2.776	-0.764	1.600	127.738396	37.884605
1596707663866	1596707663865	-10.330	-0.452	-0.477	-3.414	-1.124	1.380	127.738396	37.884605
1596707663889	1596707663889	-10.641	-1.952	-0.997	-3.625	-1.326	1.484	127.738396	37.884605
1596707663920	1596707663920	-10.873	-3.260	-1.404	-3.447	-1.447	1.849	127.738396	37.884605
1596707663926	1596707663926	-11.429	-3.255	-0.939	-2.791	-1.245	1.872	127.738396	37.884605
1596707663978	1596707663978	-12.270	-2.831	-1.184	-2.664	-1.321	1.996	127.738396	37.884605
1596707663979	1596707663979	-12.572	-2.572	-1.100	-2.832	-1.273	2.044	127.738396	37.884605
1596707663983	1596707663981	-12.658	-3.078	-0.868	-2.914	-0.978	1.860	127.738396	37.884605
1596707664002	1596707664001	-12.174	-2.594	-0.388	-2.783	-0.897	1.694	127.738396	37.884598
1596707664022	1596707664021	-11.281	-2.862	-1.299	-2.476	-0.983	1.484	127.738396	37.884598
1596707664042	1596707664041	-10.952	-3.844	-1.304	-1.817	-0.630	1.280	127.738396	37.884598
1596707664063	1596707664062	-12.541	-2.560	-1.126	-1.223	0.103	1.024	127.738396	37.884598
1596707664084	1596707664081	-12.866	-3.080	-0.671	-0.207	0.169	0.661	127.738396	37.884598
1596707664103	1596707664101	-11.482	-3.545	-1.375	0.742	-0.188	0.390	127.738396	37.884598
1596707664125	1596707664124	-10.600	-3.269	-1.620	1.663	0.076	-0.034	127.738396	37.884598
1596707664146	1596707664145	-9.620	-2.697	-1.531	2.333	0.174	-0.382	127.738396	37.884598
1596707664162	1596707664160	-8.372	-2.144	-1.766	2.731	-0.021	-0.661	127.738396	37.884598
1596707664181	1596707664180	-7.999	-1.703	-2.187	2.743	0.181	-1.041	127.738396	37.884598
1596707664202	1596707664199	-9.314	-1.755	-1.878	2.796	0.615	-1.346	127.738396	37.884598
1596707664224	1596707664220	-11.180	-1.494	-1.246	2.897	0.715	-1.538	127.738396	37.884598
1596707664240	1596707664239	-12.021	-0.970	-0.913	2.902	0.682	-1.795	127.738396	37.884598
1596707664265	1596707664261	-12.636	-0.699	-0.566	2.775	0.811	-2.053	127.738396	37.884598
1596707664282	1596707664280	-13.063	-2.179	0.179	3.033	0.798	-2.228	127.738396	37.884598
1596707664304	1596707664304	-13.429	-2.438	-0.048	3.378	0.766	-2.358	127.738396	37.884598
1596707664324	1596707664324	-12.665	-0.797	-0.293	3.842	0.772	-2.484	127.738396	37.884598
1596707664345	1596707664344	-12.488	-0.165	-0.348	4.112	0.779	-2.677	127.738396	37.884598
1596707664362	1596707664362	-12.718	-3.025	-0.348	4.127	0.506	-3.376	127.738396	37.884598
1596707664379	1596707664377	-11.918	-0.251	-1.981	5.232	0.245	-3.653	127.738396	37.884598
1596707664402	1596707664400	-13.151	-0.244	-1.823	6.418	0.343	-3.742	127.738396	37.884598
1596707664418	1596707664415	-13.698	0.626	-2.983	7.253	-0.235	-3.773	127.738396	37.884598
1596707664438	1596707664435	-12.706	0.860	-4.291	8.574	-0.601	-3.107	127.738396	37.884598
1596707664457	1596707664455	-12.857	2.645	-3.344	9.061	-0.822	-2.302	127.738396	37.884598
1596707664476	1596707664475	-12.097	2.348	-3.436	8.457	-2.165	-1.677	127.738396	37.884598
1596707664498	1596707664498	-10.282	1.653	-5.019	7.335	-2.545	-1.419	127.738396	37.884598
1596707664520	1596707664520	-9.158	0.918	-3.960	7.148	-1.620	-1.365	127.738396	37.884598
1596707664536	1596707664533	-9.002	4.001	-1.071	5.916	-1.330	-0.891	127.738396	37.884598
1596707664555	1596707664556	-7.750	3.505	-0.630	2.828	-1.863	-0.361	127.738396	37.884598
1596707664574	1596707664572	-8.006	2.005	-0.585	-0.375	-0.842	-0.284	127.738396	37.884598
1596707664595	1596707664592	-9.086	2.192	-0.779	-2.531	-0.001	-0.215	127.738396	37.884598
1596707664614	1596707664612	-10.428	1.431	-1.744	-4.340	0.286	-0.106	127.738396	37.884598
1596707664634	1596707664631	-10.210	0.844	-1.385	-5.599	0.866	0.024	127.738396	37.884598
1596707664653	1596707664651	-10.157	0.202	-0.697	-6.159	1.137	0.426	127.738396	37.884598
1596707664673	1596707664673	-11.194	-0.330	-0.913	-6.254	1.106	0.967	127.738396	37.884598
1596707664693	1596707664691	-12.569	0.041	-1.174	-6.084	1.143	1.367	127.738396	37.884598
1596707664713	1596707664713	-12.493	-1.032	-0.235	-5.923	1.187	1.478	127.738396	37.884598
1596707664733	1596707664733	-14.062	-1.878	0.800	-5.155	1.614	2.235	127.738396	37.884598
1596707664755	1596707664750	-16.594	-2.898	2.124	-3.707	1.847	2.564	127.738396	37.884598
1596707664771	1596707664770	-16.393	-3.305	2.730	-2.347	1.072	2.422	127.738396	37.884598
1596707664792	1596707664790	-13.566	-2.448	1.722	-0.941	-0.051	2.343	127.738396	37.884598
1596707664809	1596707664809	-10.567	-1.949	1.847	0.365	-0.337	2.070	127.738396	37.884598
1596707664831	1596707664829	-8.679	-0.052	1.698	0.548	-0.222	1.580	127.738396	37.884598
1596707664851	1596707664850	-7.953	-1.233	1.526	1.015	-0.083	1.111	127.738396	37.884598
1596707664870	1596707664870	-7.215	1.294	1.490	0.802	-0.168	0.828	127.738396	37.884598
1596707664891	1596707664892	-6.973	1.804	1.279	-0.246	-0.104	0.745	127.738396	37.884598
1596707664910	1596707664910	-7.429	0.848	0.522	-1.635	-0.008	0.594	127.738396	37.884598
1596707664932	1596707664932	-8.147	0.017	0.464	-2.588	0.013	0.746	127.738396	37.884598
1596707664955	1596707664947	-8.653	-0.383	0.220	-3.173	-0.134	0.749	127.738396	37.884598
1596707664980	1596707664969	-9.041	-0.515	0.100	-3.601	-0.169	0.828	127.738396	37.884590
1596707664997	1596707664995	-9.558	-0.998	-0.178	-3.952	-0.240	1.066	127.738396	37.884590
1596707665011	1596707665007	-10.226	-1.966	-0.367	-4.027	-0.289	1.251	127.738396	37.884590
1596707665027	1596707665025	-10.969	-2.826	-0.235	-3.697	-0.234	1.575	127.738396	37.884590
1596707665047	1596707665045	-11.918	-3.332	-0.163	-3.193	-0.158	2.024	127.738396	37.884590
1596707665066	1596707665064	-13.192	-2.956	-0.067	-2.738	-0.080	2.441	127.738396	37.884590
1596707665086	1596707665086	-13.829	-2.730	0.048	-2.354	0.037	2.667	127.738396	37.884590
1596707665105	1596707665105	-13.693	-3.449	0.426	-1.806	-0.021	2.783	127.738396	37.884590
1596707665127	1596707665126	-12.325	-3.245	0.050	-1.181	-0.322	2.455	127.738396	37.884590
1596707665146	1596707665146	-12.057	-2.630	-0.302	-0.619	-0.247	2.226	127.738396	37.884590
1596707665167	1596707665167	-12.794	-2.412	0.158	-0.469	0.375	1.621	127.738396	37.884590
1596707665185	1596707665182	-12.306	-2.270	0.479	-0.312	0.334	1.172	127.738396	37.884590
1596707665203	1596707665202	-11.551	-2.005	-0.180	-0.108	0.062	0.670	127.738396	37.884590
1596707665225	1596707665224	-11.185	-1.873	-0.079	0.118	0.161	0.084	127.738396	37.884590
1596707665243	1596707665241	-10.782	-1.964	-0.324	0.369	0.049	-0.378	127.738396	37.884590
1596707665267	1596707665262	-10.943	-1.789	-0.568	0.585	0.017	-0.804	127.738396	37.884590
1596707665283	1596707665283	-11.525	-1.595	-0.669	0.611	0.090	-1.143	127.738396	37.884590
1596707665307	1596707665305	-12.200	-2.479	-0.379	0.707	0.121	-1.288	127.738396	37.884590
1596707665323	1596707665323	-12.347	-2.841	0.436	1.159	0.123	-1.356	127.738396	37.884590
1596707665344	1596707665344	-11.831	-2.680	1.238	1.780	-0.024	-1.427	127.738396	37.884590
1596707665366	1596707665366	-10.385	-1.914	1.372	2.367	-0.301	-1.518	127.738396	37.884590
1596707665386	1596707665385	-9.455	-1.482	1.423	2.707	-0.246	-1.649	127.738396	37.884590
1596707665403	1596707665400	-9.589	-2.088	1.255	2.906	-0.315	-2.210	127.738396	37.884590
1596707665420	1596707665419	-9.680	-0.675	0.965	3.082	-0.430	-2.509	127.738396	37.884590
1596707665442	1596707665440	-9.769	-0.728	0.888	3.325	-0.563	-2.709	127.738396	37.884590
1596707665461	1596707665458	-10.579	-0.539	0.757	3.476	-0.779	-2.920	127.738396	37.884590
1596707665480	1596707665480	-10.746	0.853	0.184	3.308	-0.971	-3.115	127.738396	37.884590
1596707665501	1596707665498	-10.876	1.157	0.163	2.567	-1.128	-3.113	127.738396	37.884590
1596707665518	1596707665516	-11.221	0.439	-0.750	1.951	-1.426	-2.869	127.738396	37.884590
1596707665540	1596707665536	-10.962	0.214	-1.361	2.173	-1.366	-3.005	127.738396	37.884590
1596707665557	1596707665555	-10.921	0.662	-1.109	2.918	-1.312	-2.680	127.738396	37.884590
1596707665578	1596707665575	-10.943	1.761	-1.160	3.386	-1.487	-1.970	127.738396	37.884590
1596707665598	1596707665594	-10.337	2.408	-1.014	3.372	-1.364	-1.377	127.738396	37.884590
1596707665617	1596707665614	-10.473	0.597	-0.175	2.974	-1.014	-0.691	127.738396	37.884590
1596707665637	1596707665634	-10.205	1.656	0.127	2.405	-0.962	-0.064	127.738396	37.884590
1596707665656	1596707665656	-9.264	0.894	-0.108	1.773	-0.827	0.568	127.738396	37.884590
1596707665676	1596707665676	-9.838	1.409	-0.178	0.534	-0.139	0.831	127.738396	37.884590
1596707665696	1596707665696	-11.592	2.281	-0.441	-1.588	0.749	0.783	127.738396	37.884590
1596707665717	1596707665716	-12.433	1.471	-0.166	-3.465	1.177	0.839	127.738396	37.884590
1596707665735	1596707665735	-11.697	1.352	0.021	-4.751	0.884	1.041	127.738396	37.884590
1596707665756	1596707665756	-10.567	0.604	-0.257	-5.401	0.632	1.295	127.738396	37.884590
1596707665774	1596707665773	-10.131	-0.898	0.088	-5.575	0.709	1.446	127.738396	37.884590
1596707665800	1596707665793	-9.807	-1.181	0.184	-5.044	0.703	1.587	127.738396	37.884590
1596707665813	1596707665812	-10.660	-1.444	0.462	-4.162	1.025	1.816	127.738396	37.884590
1596707665834	1596707665831	-12.768	-2.251	1.111	-3.164	1.322	2.048	127.738396	37.884590
1596707665857	1596707665853	-14.191	-3.976	1.382	-1.664	1.305	2.241	127.738396	37.884590
1596707665873	1596707665871	-13.887	-3.866	1.715	0.144	0.987	2.152	127.738396	37.884590
1596707665897	1596707665897	-12.234	-2.544	1.533	1.640	0.320	1.752	127.738396	37.884590
1596707665920	1596707665920	-10.123	-1.413	1.308	2.398	-0.121	1.422	127.738396	37.884590
1596707665933	1596707665933	-8.351	-0.536	1.320	2.543	-0.317	1.159	127.738396	37.884590
1596707665951	1596707665949	-7.067	0.585	1.847	2.138	-0.242	0.744	127.738396	37.884590
1596707665978	1596707665977	-6.624	2.120	1.866	1.173	0.031	0.519	127.738388	37.884583
1596707665993	1596707665992	-7.158	2.494	2.285	0.068	0.297	0.495	127.738388	37.884583
1596707666009	1596707666007	-7.951	2.317	1.794	-1.443	0.369	0.322	127.738388	37.884583
1596707666048	1596707666046	-8.662	1.141	1.073	-2.545	0.319	0.402	127.738388	37.884583
1596707666053	1596707666050	-9.213	0.271	0.754	-3.206	0.338	0.589	127.738388	37.884583
1596707666073	1596707666067	-9.934	-0.754	0.702	-3.578	0.427	0.877	127.738388	37.884583
1596707666090	1596707666090	-10.454	-1.947	0.898	-3.531	0.345	1.177	127.738388	37.884583
1596707666112	1596707666110	-10.512	-2.282	1.379	-3.203	0.148	1.433	127.738388	37.884583
1596707666127	1596707666127	-10.147	-2.843	1.779	-2.810	-0.093	1.642	127.738388	37.884583
1596707666152	1596707666150	-9.709	-3.037	1.765	-2.153	-0.156	1.885	127.738388	37.884583
1596707666167	1596707666165	-9.817	-3.102	1.882	-1.195	0.026	2.065	127.738388	37.884583
1596707666191	1596707666191	-9.848	-2.927	1.636	-0.690	0.185	2.013	127.738388	37.884583
1596707666208	1596707666205	-10.397	-2.505	1.147	-0.444	0.287	2.008	127.738388	37.884583
1596707666226	1596707666224	-11.731	-2.709	-0.226	-0.156	0.558	1.858	127.738388	37.884583
1596707666247	1596707666244	-14.249	-3.313	-0.240	0.434	1.039	1.441	127.738388	37.884583
1596707666265	1596707666263	-16.584	-2.956	0.781	0.972	1.004	1.155	127.738388	37.884583
1596707666286	1596707666284	-15.410	-2.462	0.764	1.555	-0.182	0.740	127.738388	37.884583
1596707666323	1596707666323	-12.076	-2.486	-0.376	1.890	-1.085	0.328	127.738388	37.884583
1596707666328	1596707666328	-11.247	-2.718	-0.729	2.086	-0.867	-0.197	127.738388	37.884583
1596707666347	1596707666345	-12.119	-2.129	-0.580	2.198	-0.555	-0.805	127.738388	37.884583
1596707666367	1596707666366	-12.586	-1.590	-0.412	2.223	-0.829	-1.435	127.738388	37.884583
1596707666391	1596707666386	-12.014	-1.073	-1.033	2.099	-1.142	-2.002	127.738388	37.884583
1596707666403	1596707666401	-12.787	-1.034	-0.935	1.994	-0.829	-2.485	127.738388	37.884583
1596707666422	1596707666421	-14.435	-0.910	-0.271	1.887	-0.615	-2.908	127.738388	37.884583
1596707666443	1596707666440	-13.599	-0.378	0.033	1.785	-1.022	-3.090	127.738388	37.884583
1596707666462	1596707666460	-12.042	0.762	0.563	0.942	-1.257	-3.325	127.738388	37.884583
1596707666481	1596707666480	-10.868	1.505	0.649	-0.522	-1.123	-3.985	127.738388	37.884583
1596707666503	1596707666501	-10.722	0.527	0.280	-1.893	-0.551	-4.228	127.738388	37.884583
1596707666523	1596707666522	-10.492	0.238	-0.017	-2.758	-0.096	-4.672	127.738388	37.884583
1596707666542	1596707666542	-9.319	2.166	-0.563	-3.171	0.358	-4.623	127.738388	37.884583
1596707666564	1596707666563	-9.721	2.954	-1.665	-3.294	0.530	-3.722	127.738388	37.884583
1596707666581	1596707666579	-9.505	-0.170	-1.026	-2.176	0.834	-3.397	127.738388	37.884583
1596707666603	1596707666600	-10.593	-2.716	-1.098	-0.421	0.870	-3.069	127.738388	37.884583
1596707666621	1596707666618	-10.595	2.166	-0.956	0.603	0.635	-3.202	127.738388	37.884583
1596707666642	1596707666639	-9.714	4.056	-1.018	-0.762	-0.075	-2.038	127.738388	37.884583
1596707666660	1596707666658	-8.334	1.189	-1.792	-2.986	-0.370	-1.507	127.738388	37.884583
1596707666681	1596707666679	-9.913	-2.414	-1.569	-3.368	0.348	-1.487	127.738388	37.884583
1596707666700	1596707666700	-11.635	-1.588	-0.321	-1.709	0.548	-1.153	127.738388	37.884583
1596707666719	1596707666719	-10.346	0.674	-0.415	-0.851	-0.125	-0.827	127.738388	37.884583
1596707666739	1596707666737	-9.405	0.580	-0.800	-2.035	-0.494	-0.537	127.738388	37.884583
1596707666758	1596707666756	-10.777	-0.773	-0.700	-3.115	-0.386	-0.207	127.738388	37.884583
1596707666779	1596707666774	-11.815	-1.451	-0.345	-3.703	-0.397	0.069	127.738388	37.884583
1596707666798	1596707666794	-11.820	-1.870	0.644	-3.999	-0.607	0.315	127.738388	37.884583
1596707666816	1596707666814	-11.029	-1.617	0.970	-3.856	-1.018	0.557	127.738388	37.884583
1596707666836	1596707666834	-10.109	-1.020	-0.022	-3.670	-1.289	0.770	127.738388	37.884583
1596707666855	1596707666853	-10.557	-1.715	-1.445	-3.635	-1.360	1.050	127.738388	37.884583
1596707666876	1596707666873	-11.556	-3.794	-2.353	-3.351	-1.409	1.281	127.738388	37.884583
1596707666896	1596707666895	-12.941	-5.871	-2.566	-2.490	-1.476	1.532	127.738388	37.884583
1596707666914	1596707666914	-14.603	-7.095	-2.276	-1.267	-1.785	1.844	127.738388	37.884583
1596707666935	1596707666933	-14.399	-7.131	-1.759	0.557	-2.460	2.321	127.738388	37.884583
1596707666953	1596707666953	-13.139	-6.537	-1.093	2.118	-2.925	2.493	127.738388	37.884583
1596707666976	1596707666976	-11.384	-4.103	-0.678	2.921	-2.833	2.271	127.738388	37.884583
1596707666994	1596707666993	-9.877	-3.327	0.543	3.748	-2.484	2.353	127.738388	37.884583
1596707667012	1596707667012	-7.946	0.700	0.876	2.927	-2.440	2.192	127.738388	37.884583
1596707667032	1596707667030	-8.013	0.798	2.484	0.779	-1.629	1.898	127.738388	37.884583
1596707667052	1596707667050	-8.298	-1.169	2.944	-1.091	-1.569	1.378	127.738388	37.884583
1596707667073	1596707667071	-8.018	-0.539	2.383	-2.581	-1.715	0.897	127.738388	37.884583
1596707667092	1596707667090	-8.986	1.593	0.512	-4.998	-1.430	0.792	127.738388	37.884583
1596707667114	1596707667114	-10.787	0.762	-1.845	-7.033	-1.526	0.750	127.738388	37.884583
1596707667131	1596707667131	-12.076	-2.393	-3.843	-7.302	-2.102	0.624	127.738388	37.884583
1596707667153	1596707667151	-11.122	-4.561	-4.789	-6.318	-2.892	0.647	127.738388	37.884583
1596707667170	1596707667170	-9.927	-5.289	-5.333	-4.519	-3.305	0.685	127.738388	37.884583
1596707667197	1596707667192	-10.140	-4.043	-5.647	-3.081	-3.108	0.543	127.738388	37.884583
1596707667211	1596707667209	-11.376	-4.448	-4.870	-1.710	-2.803	0.774	127.738388	37.884583
1596707667229	1596707667228	-11.513	-4.668	-4.437	-0.471	-2.856	1.192	127.738388	37.884583
1596707667249	1596707667247	-12.428	-5.136	-4.104	0.695	-2.510	1.346	127.738388	37.884583
1596707667268	1596707667266	-14.620	-5.375	-3.718	1.508	-1.822	1.033	127.738388	37.884583
1596707667289	1596707667288	-14.831	-2.836	-2.827	1.906	-1.199	0.473	127.738388	37.884583
1596707667307	1596707667306	-12.545	-1.466	-2.341	1.950	-0.853	0.406	127.738388	37.884583
1596707667327	1596707667327	-10.722	-3.581	-2.353	2.063	-0.143	0.321	127.738388	37.884583
1596707667348	1596707667346	-9.426	-4.486	-1.912	2.870	0.748	-0.215	127.738388	37.884583
1596707667366	1596707667367	-9.450	-3.380	-1.672	3.871	1.512	-0.769	127.738388	37.884583
1596707667387	1596707667385	-10.562	-1.691	-1.876	4.396	2.317	-1.462	127.738388	37.884583
1596707667409	1596707667409	-12.418	-1.693	-2.314	4.687	2.828	-1.996	127.738388	37.884583
1596707667425	1596707667424	-13.896	-2.563	-2.712	5.311	3.234	-2.595	127.738388	37.884583
1596707667445	1596707667443	-14.869	-3.255	-2.882	6.010	3.499	-3.115	127.738388	37.884583
1596707667465	1596707667463	-15.607	-2.841	-2.611	6.445	3.587	-3.494	127.738388	37.884583
1596707667485	1596707667483	-15.875	-1.394	-1.854	6.397	3.196	-3.774	127.738388	37.884583
1596707667504	1596707667503	-15.226	-0.234	-1.447	5.840	2.481	-3.909	127.738388	37.884583
1596707667530	1596707667526	-13.822	-0.376	-0.777	5.286	1.991	-4.079	127.738388	37.884583
1596707667545	1596707667544	-12.670	-0.091	-1.136	4.933	1.721	-4.079	127.738388	37.884583
1596707667564	1596707667563	-11.709	0.137	-1.541	4.743	1.493	-3.833	127.738388	37.884583
1596707667587	1596707667585	-11.084	-0.404	-2.080	4.909	1.042	-3.398	127.738388	37.884583
1596707667603	1596707667603	-10.040	-1.454	-1.876	5.143	0.548	-2.828	127.738388	37.884583
1596707667622	1596707667620	-10.181	-1.830	-1.373	5.907	0.530	-2.040	127.738388	37.884583
1596707667644	1596707667640	-11.271	-0.958	-1.404	6.924	0.306	-1.443	127.738388	37.884583
1596707667661	1596707667659	-10.538	-0.479	-3.047	8.018	-0.449	-1.083	127.738388	37.884583
1596707667684	1596707667681	-10.049	0.053	-4.437	8.768	-0.917	-1.001	127.738388	37.884583
1596707667706	1596707667706	-9.493	0.805	-4.523	9.101	-1.124	-0.420	127.738388	37.884583
1596707667722	1596707667722	-8.257	0.633	-4.681	9.192	-1.211	-0.068	127.738388	37.884583
1596707667743	1596707667743	-7.735	2.916	-3.596	7.749	-0.590	0.214	127.738388	37.884583
1596707667761	1596707667761	-8.430	4.279	-1.687	4.829	0.049	0.552	127.738388	37.884583
1596707667781	1596707667781	-10.018	4.219	-1.637	1.426	-0.042	0.495	127.738388	37.884583
1596707667801	1596707667800	-10.574	4.550	-1.641	-1.731	0.223	0.193	127.738388	37.884583
1596707667821	1596707667819	-11.417	3.179	-1.342	-3.863	0.919	0.204	127.738388	37.884583
1596707667841	1596707667839	-12.404	1.998	-0.175	-5.253	1.585	0.065	127.738388	37.884583
1596707667860	1596707667857	-12.454	0.942	0.711	-5.817	1.644	0.058	127.738388	37.884583
1596707667879	1596707667877	-12.265	0.106	0.879	-5.523	1.497	0.383	127.738388	37.884583
1596707667899	1596707667896	-13.135	-0.297	1.315	-4.556	1.788	1.045	127.738388	37.884583
1596707667918	1596707667917	-14.390	-0.323	1.705	-3.713	2.003	1.623	127.738388	37.884583
1596707667950	1596707667937	-15.518	-1.969	1.240	-2.659	1.726	2.295	127.738388	37.884583
1596707667958	1596707667956	-14.907	-1.097	1.097	-1.411	1.072	2.041	127.738373	37.884563
1596707667977	1596707667973	-12.699	0.549	1.485	-0.612	0.633	2.185	127.738373	37.884563
1596707667997	1596707667997	-10.866	1.078	1.128	-1.028	0.458	2.008	127.738373	37.884563
1596707668016	1596707668014	-10.363	0.920	0.618	-1.538	0.576	1.814	127.738373	37.884563
1596707668037	1596707668033	-9.908	1.421	0.500	-1.810	0.487	2.044	127.738373	37.884563
1596707668055	1596707668053	-9.218	0.642	-0.324	-2.478	0.256	2.022	127.738373	37.884563
1596707668074	1596707668072	-8.986	0.331	-0.719	-3.129	0.229	1.981	127.738373	37.884563
1596707668095	1596707668093	-9.517	-0.929	-0.096	-3.475	0.320	2.162	127.738373	37.884563
1596707668114	1596707668114	-10.083	-1.672	-0.137	-3.750	0.211	2.214	127.738373	37.884563
1596707668135	1596707668133	-9.901	-1.022	-0.355	-4.184	-0.022	2.244	127.738373	37.884563
1596707668155	1596707668155	-10.363	-1.461	-0.554	-4.471	-0.040	2.417	127.738373	37.884563
1596707668173	1596707668173	-10.979	-1.940	-0.676	-4.666	0.048	2.377	127.738373	37.884563
1596707668196	1596707668196	-11.393	-1.997	-0.702	-4.666	0.107	2.350	127.738373	37.884563
1596707668214	1596707668211	-12.004	-2.441	-0.537	-4.347	0.143	2.451	127.738373	37.884563
1596707668233	1596707668231	-12.385	-2.532	-0.163	-3.773	0.263	2.563	127.738373	37.884563
1596707668252	1596707668250	-12.565	-2.273	0.129	-3.340	0.365	2.581	127.738373	37.884563
1596707668271	1596707668269	-13.846	-3.813	-0.364	-3.065	0.471	2.500	127.738373	37.884563
1596707668292	1596707668289	-16.234	-5.452	-0.257	-2.434	0.836	2.358	127.738373	37.884563
1596707668310	1596707668310	-16.670	-4.204	0.584	-1.474	0.594	2.006	127.738373	37.884563
1596707668331	1596707668330	-14.316	-2.683	0.174	-0.716	-0.344	1.761	127.738373	37.884563
1596707668350	1596707668350	-12.332	-4.347	0.268	-0.697	-0.306	1.160	127.738373	37.884563
1596707668370	1596707668370	-10.979	-5.116	0.407	-0.157	-0.087	0.310	127.738373	37.884563
1596707668390	1596707668389	-10.262	-3.535	0.625	0.911	-0.002	-0.386	127.738373	37.884563
1596707668410	1596707668410	-10.167	-1.751	0.680	1.458	0.186	-1.130	127.738373	37.884563
1596707668431	1596707668427	-11.075	-2.215	0.548	1.673	0.433	-1.688	127.738373	37.884563
1596707668449	1596707668446	-11.891	-3.298	0.867	1.983	0.470	-2.261	127.738373	37.884563
1596707668468	1596707668466	-11.522	-2.381	0.862	2.356	0.129	-2.690	127.738373	37.884563
1596707668488	1596707668486	-11.510	-1.482	0.833	2.747	-0.042	-3.000	127.738373	37.884563
1596707668507	1596707668507	-11.518	-1.200	1.135	2.892	-0.194	-3.251	127.738373	37.884563
1596707668530	1596707668528	-11.043	-0.893	0.618	2.827	-0.527	-3.530	127.738373	37.884563
1596707668547	1596707668546	-10.593	-1.382	0.064	2.825	-0.728	-3.738	127.738373	37.884563
1596707668571	1596707668569	-10.083	0.147	0.428	3.116	-0.728	-3.722	127.738373	37.884563
1596707668586	1596707668586	-10.301	0.875	0.599	2.941	-0.647	-3.475	127.738373	37.884563
1596707668608	1596707668608	-10.651	1.577	1.137	2.800	-0.564	-3.201	127.738373	37.884563
1596707668630	1596707668625	-11.098	1.277	1.379	2.249	-0.726	-2.948	127.738373	37.884563
1596707668647	1596707668643	-10.607	0.623	0.711	1.585	-1.000	-2.608	127.738373	37.884563
1596707668664	1596707668662	-10.047	1.117	0.112	1.070	-1.201	-2.238	127.738373	37.884563
1596707668686	1596707668683	-9.901	1.007	-0.606	0.427	-1.200	-2.018	127.738373	37.884563
1596707668704	1596707668702	-10.363	0.872	-1.138	0.025	-0.969	-1.700	127.738373	37.884563
1596707668725	1596707668723	-10.842	1.466	-0.978	-0.017	-0.805	-1.196	127.738373	37.884563
1596707668744	1596707668742	-10.818	1.577	-0.860	-0.028	-0.782	-0.882	127.738373	37.884563
1596707668762	1596707668762	-10.581	0.973	-0.786	0.043	-0.736	-0.630	127.738373	37.884563
1596707668783	1596707668782	-9.939	1.306	-0.858	0.026	-0.635	-0.426	127.738373	37.884563
1596707668805	1596707668805	-10.912	1.380	-0.642	-0.116	-0.107	-0.016	127.738373	37.884563
1596707668823	1596707668822	-11.990	1.014	0.548	-0.607	0.332	0.232	127.738373	37.884563
1596707668843	1596707668840	-11.249	0.650	-0.453	-1.143	-0.096	0.272	127.738373	37.884563
1596707668864	1596707668860	-11.448	0.379	-0.731	-1.148	0.152	0.679	127.738373	37.884563
1596707668882	1596707668880	-11.410	0.281	0.323	-1.210	0.590	1.008	127.738373	37.884563
1596707668903	1596707668900	-10.607	-0.364	0.673	-1.303	0.599	1.200	127.738373	37.884563
1596707668924	1596707668920	-10.413	-0.874	1.509	-1.128	0.922	1.440	127.738373	37.884563
1596707668948	1596707668940	-11.247	-1.537	2.043	-0.778	1.151	1.559	127.738373	37.884563
1596707668962	1596707668961	-11.597	-1.300	1.921	-0.395	1.139	1.664	127.738373	37.884556
1596707668981	1596707668980	-11.968	-0.989	2.117	-0.031	1.262	1.802	127.738373	37.884556
1596707669001	1596707668999	-11.966	-0.632	2.338	0.024	1.277	1.878	127.738373	37.884556
1596707669024	1596707669018	-11.681	-1.466	2.342	-0.256	1.078	1.765	127.738373	37.884556
1596707669040	1596707669038	-10.828	-1.291	2.165	-0.301	0.718	1.747	127.738373	37.884556
1596707669060	1596707669058	-9.561	-0.661	2.211	-0.137	0.434	1.850	127.738373	37.884556
1596707669078	1596707669077	-8.648	-1.049	2.256	-0.530	0.247	1.668	127.738373	37.884556
1596707669099	1596707669097	-7.884	-1.010	1.736	-0.884	0.137	1.448	127.738373	37.884556
1596707669118	1596707669116	-8.310	-1.195	1.926	-0.861	0.437	1.408	127.738373	37.884556
1596707669139	1596707669137	-9.505	-1.231	2.038	-0.909	0.546	1.294	127.738373	37.884556
1596707669157	1596707669156	-10.215	-1.492	2.029	-0.875	0.427	1.286	127.738373	37.884556
1596707669177	1596707669176	-10.574	-1.329	2.029	-0.808	0.281	1.286	127.738373	37.884556
1596707669197	1596707669195	-10.583	-1.331	2.153	-0.811	0.141	1.335	127.738373	37.884556
1596707669219	1596707669214	-10.147	-1.607	2.019	-0.852	-0.023	1.379	127.738373	37.884556
1596707669237	1596707669233	-9.699	-1.731	1.899	-0.810	-0.116	1.446	127.738373	37.884556
1596707669255	1596707669255	-10.150	-2.021	1.806	-0.715	0.018	1.514	127.738373	37.884556
1596707669274	1596707669273	-10.933	-2.304	1.734	-0.575	0.137	1.488	127.738373	37.884556
1596707669294	1596707669292	-11.501	-2.189	1.542	-0.350	0.097	1.443	127.738373	37.884556
1596707669314	1596707669312	-12.205	-2.266	0.493	-0.174	0.075	1.370	127.738373	37.884556
1596707669335	1596707669333	-14.069	-2.635	0.979	0.013	0.480	1.196	127.738373	37.884556
1596707669353	1596707669353	-15.480	-2.488	1.887	0.180	0.523	0.923	127.738373	37.884556
1596707669373	1596707669373	-14.447	-2.395	1.490	0.319	-0.183	0.542	127.738373	37.884556
1596707669393	1596707669393	-12.507	-2.431	0.955	0.558	-0.552	0.020	127.738373	37.884556
1596707669413	1596707669412	-11.616	-1.949	0.929	0.895	-0.491	-0.513	127.738373	37.884556
1596707669432	1596707669432	-10.916	-1.523	0.821	1.109	-0.523	-0.983	127.738373	37.884556
1596707669454	1596707669451	-10.868	-1.123	0.706	1.203	-0.626	-1.473	127.738373	37.884556
1596707669471	1596707669469	-10.823	-1.157	0.388	1.237	-0.723	-1.910	127.738373	37.884556
1596707669491	1596707669489	-10.679	-1.372	-0.238	1.296	-0.834	-2.146	127.738373	37.884556
1596707669511	1596707669508	-11.144	-1.327	-0.772	1.387	-0.876	-2.309	127.738373	37.884556
1596707669531	1596707669531	-11.393	-1.523	-1.100	1.588	-0.979	-2.483	127.738373	37.884556
1596707669550	1596707669550	-10.794	-0.663	-1.486	1.789	-1.090	-2.520	127.738373	37.884556
1596707669572	1596707669572	-10.452	0.844	-1.615	2.019	-1.006	-2.452	127.738373	37.884556
1596707669590	1596707669587	-10.150	0.592	-1.210	2.117	-0.838	-2.352	127.738373	37.884556
1596707669612	1596707669610	-9.771	0.954	-1.150	1.930	-0.710	-2.138	127.738373	37.884556
1596707669631	1596707669631	-9.371	1.478	-0.999	1.757	-0.588	-2.065	127.738373	37.884556
1596707669653	1596707669651	-8.911	1.107	-0.817	1.361	-0.536	-1.908	127.738373	37.884556
1596707669667	1596707669666	-8.600	0.717	-0.666	0.967	-0.311	-1.678	127.738373	37.884556
1596707669690	1596707669688	-8.607	0.729	-0.925	0.908	-0.059	-1.545	127.738373	37.884556
1596707669707	1596707669705	-8.588	1.119	-1.105	1.049	0.080	-1.288	127.738373	37.884556
1596707669728	1596707669726	-8.408	1.641	-1.028	0.984	0.128	-1.024	127.738373	37.884556
1596707669747	1596707669746	-8.571	1.035	-0.815	0.781	0.229	-0.689	127.738373	37.884556
1596707669766	1596707669766	-8.928	0.652	-0.745	0.745	0.375	-0.474	127.738373	37.884556
1596707669786	1596707669786	-9.201	1.169	-0.563	0.883	0.443	-0.266	127.738373	37.884556
1596707669805	1596707669805	-9.989	1.502	-0.338	0.808	0.435	-0.009	127.738373	37.884556
1596707669825	1596707669825	-10.181	0.377	-0.106	0.575	0.295	0.227	127.738373	37.884556
1596707669845	1596707669843	-10.176	0.808	-0.235	0.281	0.210	0.557	127.738373	37.884556
