1596707719037	1596707719212	-9.393	-0.431	0.002	0.281	-0.206	-0.168	127.738052	37.884148
1596707719057	1596707719230	-9.407	-0.570	-0.115	0.369	-0.109	0.007	127.738052	37.884148
1596707719076	1596707719249	-9.472	-0.474	-0.206	0.387	0.412	0.314	127.738052	37.884148
1596707719096	1596707719269	-9.498	-0.450	-0.307	0.249	0.763	0.648	127.738052	37.884148
1596707719116	1596707719289	-9.328	-0.395	-0.216	-0.009	0.397	0.837	127.738052	37.884148
1596707719135	1596707719309	-9.376	-0.436	-0.137	-0.203	-0.036	0.958	127.738052	37.884148
1596707719153	1596707719328	-9.779	-0.586	0.036	-0.267	-0.269	1.139	127.738052	37.884148
1596707719174	1596707719348	-10.198	-0.596	0.500	-0.456	-0.167	1.284	127.738052	37.884148
1596707719193	1596707719368	-10.116	-0.543	1.078	-0.588	0.294	1.394	127.738052	37.884148
1596707719215	1596707719387	-9.350	-0.462	1.344	-0.599	0.590	1.459	127.738052	37.884148
1596707719232	1596707719407	-9.417	-0.328	0.843	-0.580	0.636	1.400	127.738052	37.884148
1596707719251	1596707719427	-11.422	0.012	0.663	-0.439	0.581	1.295	127.738052	37.884148
1596707719271	1596707719446	-13.307	0.230	1.149	-0.167	0.353	1.165	127.738052	37.884148
1596707719292	1596707719469	-13.748	-0.021	1.202	0.061	0.043	1.002	127.738052	37.884148
1596707719310	1596707719486	-12.550	-0.311	1.341	0.039	-0.122	0.871	127.738052	37.884148
1596707719331	1596707719505	-10.969	-0.373	1.641	-0.219	-0.219	0.686	127.738052	37.884148
1596707719350	1596707719528	-10.085	-0.495	1.526	-0.455	-0.252	0.585	127.738052	37.884148
1596707719369	1596707719545	-10.310	-0.807	1.669	-0.743	-0.106	0.576	127.738052	37.884148
1596707719390	1596707719568	-11.048	-0.891	2.069	-1.008	0.122	0.649	127.738052	37.884148
1596707719409	1596707719584	-11.681	-1.006	2.189	-1.179	0.230	0.773	127.738052	37.884148
1596707719429	1596707719604	-11.932	-1.243	2.251	-1.318	0.212	0.917	127.738052	37.884148
1596707719448	1596707719624	-11.475	-1.305	2.297	-1.418	0.136	1.085	127.738052	37.884148
1596707719470	1596707719643	-10.430	-1.056	2.110	-1.440	0.135	1.288	127.738052	37.884148
1596707719488	1596707719663	-9.266	-0.651	2.120	-1.386	0.143	1.511	127.738052	37.884148
1596707719507	1596707719682	-8.157	-0.479	1.974	-1.227	0.234	1.757	127.738052	37.884148
1596707719531	1596707719702	-7.371	-0.345	1.748	-0.962	0.526	1.948	127.738052	37.884148
1596707719547	1596707719722	-7.146	-0.328	1.698	-0.582	0.897	2.050	127.738052	37.884148
1596707719573	1596707719744	-7.618	-0.620	1.808	-0.139	1.017	2.083	127.738052	37.884148
1596707719586	1596707719762	-8.255	-0.819	1.856	0.136	0.732	1.927	127.738052	37.884148
1596707719606	1596707719781	-8.547	-0.946	1.746	0.230	0.480	1.708	127.738052	37.884148
1596707719626	1596707719801	-8.581	-0.986	1.614	0.271	0.958	1.501	127.738052	37.884148
1596707719645	1596707719821	-8.519	-1.128	1.705	0.329	1.063	1.132	127.738052	37.884148
1596707719668	1596707719842	-8.286	-1.355	1.636	0.484	0.073	0.596	127.738052	37.884148
1596707719685	1596707719862	-8.238	-1.784	1.276	0.696	-0.596	0.090	127.738052	37.884148
1596707719705	1596707719882	-9.196	-2.139	0.960	0.869	-0.435	-0.347	127.738052	37.884148
1596707719723	1596707719901	-10.912	-2.239	1.075	0.998	-0.089	-0.711	127.738052	37.884148
1596707719744	1596707719924	-12.536	-2.127	1.523	1.207	-0.138	-0.983	127.738052	37.884148
1596707719767	1596707719953	-13.089	-1.882	1.432	1.482	-0.310	-1.244	127.738052	37.884148
1596707719784	1596707719959	-13.250	-1.794	0.024	1.754	-0.572	-1.525	127.738052	37.884148
1596707719803	1596707719983	-14.862	-1.648	0.083	2.015	-0.942	-1.727	127.738052	37.884148
1596707719823	1596707719999	-16.352	-1.585	1.868	2.143	-1.158	-1.914	127.738052	37.884148
1596707719843	1596707720019	-14.387	-1.739	2.079	2.124	-1.212	-2.112	127.738052	37.884148
1596707719862	1596707720039	-11.151	-1.751	1.128	2.018	-1.178	-2.281	127.738052	37.884148
1596707719882	1596707720059	-9.992	-1.741	0.594	1.874	-1.093	-2.400	127.738052	37.884148
1596707719901	1596707720078	-11.065	-1.722	0.507	1.742	-0.966	-2.445	127.738052	37.884148
1596707719924	1596707720100	-12.095	-1.595	0.345	1.580	-0.922	-2.416	127.738052	37.884148
1596707719954	1596707720120	-12.251	-1.593	0.304	1.381	-0.994	-2.333	127.738052	37.884148
1596707719962	1596707720142	-12.203	-1.317	0.551	1.167	-1.015	-2.245	127.738052	37.884148
1596707719983	1596707720158	-11.520	-1.085	0.622	0.810	-1.092	-2.183	127.738037	37.884148
1596707720000	1596707720176	-10.636	-0.951	0.610	0.388	-1.230	-2.082	127.738037	37.884148
1596707720021	1596707720196	-10.040	-0.855	0.539	0.061	-1.350	-1.915	127.738037	37.884148
1596707720041	1596707720215	-9.716	-0.713	0.529	-0.217	-1.381	-1.855	127.738037	37.884148
1596707720062	1596707720235	-9.764	-0.551	0.467	-0.525	-1.217	-1.743	127.738037	37.884148
1596707720081	1596707720255	-10.282	-0.541	0.297	-0.799	-0.901	-1.546	127.738037	37.884148
1596707720100	1596707720274	-10.837	-0.416	0.237	-0.960	-0.693	-1.331	127.738037	37.884148
1596707720120	1596707720295	-11.161	-0.251	0.122	-0.947	-0.698	-1.157	127.738037	37.884148
1596707720142	1596707720314	-11.429	-0.047	0.043	-0.763	-0.690	-0.923	127.738037	37.884148
1596707720161	1596707720332	-11.537	0.233	0.028	-0.458	-0.201	-0.577	127.738037	37.884148
1596707720179	1596707720352	-11.163	0.204	-0.032	-0.263	0.304	-0.155	127.738037	37.884148
1596707720198	1596707720376	-10.418	-0.069	-0.022	-0.260	0.147	0.165	127.738037	37.884148
1596707720217	1596707720391	-9.642	0.111	-0.132	-0.241	-0.154	0.426	127.738037	37.884148
1596707720237	1596707720411	-9.309	0.106	-0.511	-0.034	-0.224	0.687	127.738037	37.884148
1596707720257	1596707720430	-9.568	-0.124	-0.563	0.232	0.111	0.868	127.738037	37.884148
1596707720276	1596707720452	-10.059	-0.299	-0.398	0.477	0.747	1.050	127.738037	37.884148
1596707720296	1596707720471	-9.953	-0.654	-0.281	0.663	1.290	1.188	127.738037	37.884148
1596707720316	1596707720492	-9.599	-0.963	-0.345	0.698	1.463	1.261	127.738037	37.884148
1596707720337	1596707720511	-10.524	-1.006	-0.379	0.475	1.215	1.307	127.738037	37.884148
1596707720354	1596707720534	-11.994	-0.735	0.256	0.115	0.741	1.230	127.738037	37.884148
1596707720376	1596707720551	-12.152	-0.771	0.860	-0.103	0.348	1.106	127.738037	37.884148
1596707720394	1596707720575	-10.720	-1.255	1.559	-0.266	0.209	1.078	127.738037	37.884148
1596707720412	1596707720588	-8.899	-1.717	2.115	-0.511	0.181	1.013	127.738037	37.884148
1596707720433	1596707720608	-8.176	-1.825	2.292	-0.865	0.161	1.075	127.738037	37.884148
1596707720452	1596707720627	-8.983	-1.581	2.314	-1.576	0.260	1.111	127.738037	37.884148
1596707720471	1596707720649	-10.653	-0.977	2.354	-2.517	0.499	1.048	127.738037	37.884148
1596707720492	1596707720672	-12.277	-0.234	2.548	-3.455	0.556	0.832	127.738037	37.884148
1596707720513	1596707720688	-12.929	0.113	2.778	-4.250	0.261	0.258	127.738037	37.884148
1596707720534	1596707720710	-12.133	-0.136	2.786	-5.135	-0.176	-0.465	127.738037	37.884148
1596707720551	1596707720728	-10.473	-0.321	2.699	-6.138	-0.533	-1.029	127.738037	37.884148
1596707720575	1596707720747	-8.981	-0.033	2.441	-7.211	-0.732	-1.549	127.738037	37.884148
1596707720590	1596707720765	-8.166	0.252	2.568	-6.587	-0.809	-2.133	127.738037	37.884148
1596707720610	1596707720785	-7.472	0.377	3.119	-4.887	-0.633	-2.905	127.738037	37.884148
1596707720630	1596707720805	-7.084	-0.213	3.890	-3.798	-0.534	-3.234	127.738037	37.884148
1596707720649	1596707720824	-7.805	-0.934	4.740	-2.928	-0.363	-3.473	127.738037	37.884148
1596707720673	1596707720843	-8.849	-1.049	5.258	-2.507	-0.195	-3.834	127.738037	37.884148
1596707720689	1596707720865	-9.465	-2.409	4.477	-1.949	-0.102	-3.930	127.738037	37.884148
1596707720710	1596707720885	-9.822	-5.888	3.327	-1.582	0.032	-3.857	127.738037	37.884148
1596707720728	1596707720904	-10.152	-9.507	4.213	-0.820	0.060	-3.415	127.738037	37.884148
1596707720748	1596707720924	-10.574	-11.373	4.141	0.387	0.107	-2.956	127.738037	37.884148
1596707720768	1596707720944	-10.749	-12.542	1.619	1.465	0.428	-2.579	127.738037	37.884148
1596707720787	1596707720969	-10.547	-14.248	-1.608	2.206	0.657	-2.150	127.738037	37.884148
1596707720806	1596707720981	-9.992	-14.593	-1.941	2.709	0.987	-1.962	127.738037	37.884148
1596707720826	1596707721001	-9.937	-13.635	-2.070	3.039	1.370	-2.097	127.738037	37.884148
1596707720845	1596707721021	-9.980	-11.967	-2.099	2.784	1.572	-2.262	127.738037	37.884148
1596707720865	1596707721040	-9.465	-10.770	-3.562	2.063	1.533	-2.525	127.738037	37.884148
1596707720886	1596707721060	-8.895	-9.759	-3.989	1.283	1.466	-2.940	127.738037	37.884148
1596707720904	1596707721081	-7.357	-9.330	-3.718	0.672	1.690	-3.245	127.738037	37.884148
1596707720924	1596707721101	-5.776	-8.992	-3.752	0.211	1.861	-3.556	127.738037	37.884148
1596707720944	1596707721121	-5.313	-8.209	-3.716	-0.394	1.811	-3.923	127.738037	37.884148
1596707720971	1596707721145	-5.749	-7.984	-4.245	-0.635	2.065	-4.539	127.738022	37.884144
1596707720990	1596707721164	-6.672	-8.710	-4.863	-0.579	2.319	-5.510	127.738022	37.884144
1596707721002	1596707721179	-7.529	-9.198	-4.873	-2.191	1.653	-5.162	127.738022	37.884144
1596707721024	1596707721204	-8.068	-9.622	-3.150	-4.750	1.961	-4.106	127.738022	37.884144
1596707721043	1596707721219	-7.759	-10.255	-2.429	-6.407	2.910	-3.970	127.738022	37.884144
1596707721062	1596707721239	-6.964	-11.476	-3.447	-5.845	4.079	-3.912	127.738022	37.884144
1596707721082	1596707721260	-6.640	-12.487	-2.952	-3.892	4.392	-3.527	127.738022	37.884144
1596707721102	1596707721278	-6.602	-12.547	-1.109	-2.463	4.086	-3.312	127.738022	37.884144
1596707721121	1596707721299	-6.037	-12.818	-0.254	-1.501	4.010	-2.820	127.738022	37.884144
1596707721145	1596707721319	-6.092	-12.698	-1.344	-0.686	4.084	-2.913	127.738022	37.884144
1596707721164	1596707721339	-6.233	-10.736	-1.193	0.066	3.978	-2.878	127.738022	37.884144
1596707721181	1596707721358	-3.071	-6.180	0.158	0.410	4.046	-2.704	127.738022	37.884144
1596707721206	1596707721376	-0.510	-7.505	-0.717	0.605	4.199	-2.433	127.738022	37.884144
1596707721221	1596707721395	-0.031	-13.132	-4.106	0.868	4.110	-2.455	127.738022	37.884144
1596707721242	1596707721414	-0.388	-14.564	-4.475	1.373	4.114	-2.511	127.738022	37.884144
1596707721260	1596707721434	-0.594	-12.291	-2.216	1.723	4.494	-2.416	127.738022	37.884144
1596707721280	1596707721454	0.824	-9.215	-2.377	1.608	4.275	-2.346	127.738022	37.884144
1596707721299	1596707721474	1.174	-10.554	-4.324	1.250	4.324	-2.288	127.738022	37.884144
1596707721319	1596707721494	0.556	-10.367	-4.056	1.069	4.110	-1.963	127.738022	37.884144
1596707721339	1596707721514	2.393	-7.244	-2.892	1.093	3.262	-1.723	127.738022	37.884144
1596707721359	1596707721534	3.900	-5.490	-3.697	1.009	2.528	-1.774	127.738022	37.884144
1596707721379	1596707721551	2.386	-6.853	-4.200	1.266	2.046	-1.645	127.738022	37.884144
1596707721397	1596707721574	2.391	-6.343	-2.698	1.837	1.206	-1.367	127.738022	37.884144
1596707721417	1596707721591	4.269	-5.152	-2.877	2.240	0.274	-0.941	127.738022	37.884144
1596707721437	1596707721611	2.443	-3.511	-0.968	2.038	-0.622	-0.438	127.738022	37.884144
1596707721456	1596707721630	1.971	-1.887	0.402	0.714	-0.974	-0.160	127.738022	37.884144
1596707721476	1596707721650	2.357	-1.672	1.547	-0.910	-0.921	0.051	127.738022	37.884144
1596707721496	1596707721672	2.309	-1.938	3.828	-1.151	-0.889	-0.174	127.738022	37.884144
1596707721515	1596707721691	1.727	-2.112	6.168	-0.063	-0.496	-0.206	127.738022	37.884144
1596707721536	1596707721714	3.085	-2.745	7.339	1.105	-0.117	0.012	127.738022	37.884144
1596707721553	1596707721731	3.148	-2.469	8.980	1.904	0.080	0.090	127.738022	37.884144
1596707721574	1596707721752	3.445	-1.104	9.974	2.022	0.144	0.013	127.738022	37.884144
1596707721597	1596707721769	4.400	1.064	10.525	2.026	0.019	-0.091	127.738022	37.884144
1596707721612	1596707721788	5.332	2.530	10.082	2.117	0.209	-0.033	127.738022	37.884144
1596707721633	1596707721807	6.631	1.713	8.238	1.788	0.277	-0.242	127.738022	37.884144
1596707721652	1596707721827	7.124	-2.687	5.368	1.528	0.103	-0.345	127.738022	37.884144
1596707721674	1596707721847	9.031	-6.096	2.898	1.450	0.127	-0.354	127.738022	37.884144
1596707721692	1596707721868	8.696	-5.373	3.672	1.572	0.305	-0.463	127.738022	37.884144
1596707721714	1596707721887	7.721	-3.933	5.490	1.977	0.319	-0.475	127.738022	37.884144
1596707721732	1596707721907	7.016	-2.750	7.172	2.276	0.306	-0.417	127.738022	37.884144
1596707721753	1596707721952	5.680	-1.887	6.944	1.779	0.209	-0.403	127.738022	37.884144
1596707721774	1596707721963	5.943	-0.917	5.780	1.493	-0.055	-0.327	127.738022	37.884144
1596707721790	1596707721996	5.601	-1.202	5.900	1.796	-0.137	-0.184	127.738022	37.884144
1596707721809	1596707721999	4.743	0.319	6.168	1.749	-0.089	0.129	127.738022	37.884144
1596707721829	1596707722004	5.428	1.308	4.580	0.763	-0.108	0.433	127.738022	37.884144
1596707721849	1596707722026	5.965	1.495	3.629	-0.086	-0.589	0.783	127.738022	37.884144
1596707721868	1596707722043	5.596	1.498	4.132	0.400	-0.910	1.451	127.738022	37.884144
1596707721889	1596707722062	5.488	2.051	4.592	1.596	-0.375	1.841	127.738022	37.884144
1596707721909	1596707722087	5.670	4.581	6.408	2.381	-0.125	2.691	127.738022	37.884144
1596707721963	1596707722104	5.634	5.450	6.503	0.366	-0.168	3.287	127.738022	37.884144
1596707721967	1596707722125	6.664	4.183	6.125	-2.126	-0.547	3.088	127.738022	37.884144
1596707721998	1596707722143	7.663	4.502	7.244	-1.534	-0.465	3.103	127.738022	37.884144
1596707722001	1596707722163	7.471	6.777	7.268	-1.096	0.633	2.593	127.738022	37.884144
1596707722006	1596707722196	7.359	7.719	7.426	-1.481	1.654	2.222	127.738022	37.884144
1596707722029	1596707722207	8.293	5.963	5.852	-1.840	1.995	1.919	127.738022	37.884144
1596707722045	1596707722220	9.603	3.893	5.754	-2.158	2.041	1.830	127.738022	37.884144
1596707722066	1596707722260	10.401	6.133	8.861	-2.733	2.148	1.688	127.738022	37.884144
1596707722088	1596707722266	9.692	9.503	9.577	-3.272	2.242	1.795	127.738022	37.884144
1596707722105	1596707722281	6.851	5.515	3.531	-3.806	1.882	2.031	127.738022	37.884144
1596707722126	1596707722298	8.327	0.777	-1.186	-4.556	0.237	2.247	127.738022	37.884144
1596707722144	1596707722323	9.877	-3.519	-4.027	-4.552	-0.745	2.686	127.738022	37.884144
1596707722195	1596707722344	9.247	-5.698	-2.523	-4.382	-0.511	3.181	127.738022	37.884144
1596707722196	1596707722365	6.698	-3.813	1.573	-4.519	-0.155	2.759	127.738022	37.884144
1596707722256	1596707722389	3.378	-1.439	7.258	-5.241	-0.369	1.933	127.738022	37.884144
1596707722270	1596707722403	1.734	-0.095	10.640	-5.353	0.624	1.647	127.738022	37.884144
1596707722283	1596707722418	-0.762	-0.138	9.543	-5.559	0.807	0.916	127.738022	37.884144
1596707722300	1596707722439	-0.530	-0.570	6.070	-5.731	-1.059	0.073	127.738014	37.884136
1596707722323	1596707722458	1.361	-1.437	3.495	-5.343	-2.391	-0.772	127.738014	37.884136
1596707722345	1596707722481	0.824	-4.946	0.141	-4.117	-2.347	-1.347	127.738014	37.884136
1596707722365	1596707722497	0.853	-9.043	-1.426	-1.974	-1.688	-1.757	127.738014	37.884136
1596707722390	1596707722517	3.608	-7.720	-2.865	-0.043	-1.793	-1.665	127.738014	37.884136
1596707722408	1596707722536	3.416	-8.961	-3.447	0.510	-2.592	-0.835	127.738014	37.884136
1596707722421	1596707722557	0.163	-9.160	-5.167	0.472	-2.869	0.360	127.738014	37.884136
1596707722444	1596707722586	0.874	-12.150	-6.157	0.911	-3.045	1.459	127.738014	37.884136
1596707722460	1596707722595	3.660	-16.210	-6.313	2.087	-3.484	2.698	127.738014	37.884136
1596707722484	1596707722620	5.711	-18.752	-5.199	2.798	-3.936	4.297	127.738014	37.884136
1596707722498	1596707722633	4.518	-16.071	-2.920	2.958	-4.014	5.687	127.738014	37.884136
1596707722522	1596707722654	3.737	-7.703	-1.938	3.085	-3.852	6.680	127.738014	37.884136
1596707722539	1596707722676	6.005	-0.364	-2.072	3.442	-3.423	7.344	127.738014	37.884136
1596707722558	1596707722694	6.420	-4.268	-1.150	3.903	-2.807	7.938	127.738014	37.884136
1596707722586	1596707722715	4.671	-8.001	0.249	4.591	-1.739	8.510	127.738014	37.884136
1596707722597	1596707722734	2.695	-3.389	0.843	4.866	-0.384	9.206	127.738014	37.884136
1596707722621	1596707722757	0.651	0.975	0.160	4.441	0.169	9.733	127.738014	37.884136
1596707722636	1596707722770	-1.459	-0.407	0.323	3.941	0.781	10.115	127.738014	37.884136
1596707722657	1596707722815	-3.150	-1.981	0.512	3.962	2.420	10.765	127.738014	37.884136
1596707722679	1596707722824	-5.110	-2.448	0.462	4.370	1.331	10.754	127.738014	37.884136
1596707722695	1596707722831	-6.914	-2.692	-1.246	2.047	-0.139	9.125	127.738014	37.884136
1596707722717	1596707722859	-9.362	-2.239	-3.888	-1.781	2.293	6.879	127.738014	37.884136
1596707722735	1596707722876	-12.541	-0.596	-5.922	-2.980	3.303	5.250	127.738014	37.884136
1596707722807	1596707722890	-34.318	-2.649	1.267	-2.694	3.070	4.057	127.738014	37.884136
1596707722824	1596707722914	-40.604	-3.169	4.728	-2.384	2.992	2.555	127.738014	37.884136
1596707722835	1596707722962	-27.496	-1.518	0.879	-2.340	2.950	0.739	127.738014	37.884136
1596707722862	1596707722963	-17.981	0.070	0.189	-2.156	3.777	-0.522	127.738014	37.884136
1596707722888	1596707722970	-14.953	-2.443	0.955	-1.587	4.828	-1.448	127.738014	37.884136
1596707722891	1596707723002	-12.720	-3.722	2.005	-2.139	4.862	-2.180	127.738014	37.884136
1596707722928	1596707723032	-10.605	-4.874	1.918	-4.084	3.486	-2.539	127.738014	37.884136
1596707722962	1596707723036	-8.265	-3.296	-0.166	-6.290	1.542	-2.406	127.738014	37.884136
1596707722963	1596707723078	-8.449	0.698	-0.683	-7.429	0.682	-2.111	127.738014	37.884136
1596707723023	1596707723079	-16.852	1.828	1.868	-6.612	0.178	-1.704	127.737999	37.884132
1596707723037	1596707723090	-14.886	-0.167	-0.230	-4.679	-0.334	-1.196	127.737999	37.884132
1596707723064	1596707723108	-12.591	-2.532	-2.111	-2.824	-0.871	-0.570	127.737999	37.884132
1596707723081	1596707723126	-12.409	-4.515	-2.815	-1.363	-0.997	0.129	127.737999	37.884132
1596707723157	1596707723152	-10.921	-6.839	4.862	-0.308	-0.902	0.528	127.737999	37.884132
1596707723167	1596707723164	-11.479	-7.121	4.659	0.598	-0.934	0.817	127.737999	37.884132
1596707723190	1596707723186	-12.311	-7.668	5.286	1.741	-0.859	0.676	127.737999	37.884132
1596707723207	1596707723204	-12.296	-6.352	4.391	3.349	-0.844	0.311	127.737999	37.884132
1596707723226	1596707723223	-11.343	-5.452	2.505	5.358	-0.793	0.133	127.737999	37.884132
1596707723246	1596707723243	-11.463	-3.966	1.030	7.170	-0.566	-0.308	127.737999	37.884132
1596707723264	1596707723264	-12.883	-2.239	0.012	8.162	-0.263	-0.666	127.737999	37.884132
1596707723285	1596707723284	-13.918	-0.594	-0.043	7.801	-0.407	-0.823	127.737999	37.884132
1596707723306	1596707723304	-13.911	0.556	-0.333	6.328	-1.526	-0.778	127.737999	37.884132
1596707723324	1596707723324	-12.751	-0.268	-1.883	4.738	-2.922	-0.614	127.737999	37.884132
1596707723348	1596707723348	-11.846	-0.273	-2.928	3.723	-3.753	-0.806	127.737999	37.884132
1596707723364	1596707723363	-11.774	0.573	-2.920	3.259	-4.214	-1.013	127.737999	37.884132
1596707723389	1596707723386	-11.719	1.603	-2.552	2.658	-4.326	-1.157	127.737999	37.884132
1596707723404	1596707723401	-12.061	2.034	-1.419	1.599	-4.014	-1.209	127.737999	37.884132
1596707723424	1596707723420	-12.612	1.428	-0.314	0.170	-3.753	-1.448	127.737999	37.884132
1596707723443	1596707723440	-12.548	1.098	0.812	-1.418	-3.635	-2.002	127.737999	37.884132
1596707723462	1596707723460	-12.088	0.171	0.862	-3.014	-3.595	-2.359	127.737999	37.884132
1596707723482	1596707723479	-11.360	-0.649	0.242	-4.451	-3.194	-2.905	127.737999	37.884132
1596707723501	1596707723501	-11.007	-1.288	-0.202	-5.598	-2.400	-3.161	127.737999	37.884132
1596707723522	1596707723522	-10.725	-1.698	-0.288	-6.141	-1.681	-3.380	127.737999	37.884132
1596707723543	1596707723541	-10.449	-1.063	-1.074	-6.271	-1.090	-3.785	127.737999	37.884132
1596707723562	1596707723562	-9.858	0.458	-0.721	-6.015	-0.428	-3.966	127.737999	37.884132
1596707723585	1596707723585	-9.017	1.816	-0.523	-4.848	-0.362	-3.320	127.737999	37.884132
1596707723602	1596707723602	-7.745	0.743	0.086	-3.178	-0.414	-2.576	127.737999	37.884132
1596707723622	1596707723620	-6.743	-0.143	0.098	-1.795	-0.269	-2.357	127.737999	37.884132
1596707723641	1596707723638	-7.151	-0.277	-0.836	-0.623	0.088	-1.505	127.737999	37.884132
1596707723665	1596707723661	-8.892	-0.503	-0.913	0.450	0.662	-0.366	127.737999	37.884132
1596707723680	1596707723677	-10.246	0.616	-0.705	1.083	0.688	0.236	127.737999	37.884132
1596707723702	1596707723700	-10.840	0.384	0.203	1.192	0.367	1.133	127.737999	37.884132
1596707723719	1596707723719	-10.423	-0.687	1.243	1.295	-0.029	1.881	127.737999	37.884132
1596707723740	1596707723740	-10.068	-1.533	1.868	1.610	0.041	2.550	127.737999	37.884132
1596707723758	1596707723758	-10.550	-1.300	2.563	1.930	0.736	2.955	127.737999	37.884132
1596707723778	1596707723777	-12.095	-0.531	2.728	2.071	1.423	3.396	127.737999	37.884132
1596707723797	1596707723796	-14.093	-0.081	3.078	2.106	2.009	3.747	127.737999	37.884132
1596707723819	1596707723819	-16.254	0.259	3.325	1.963	2.429	3.838	127.737999	37.884132
1596707723837	1596707723834	-16.522	0.113	2.891	1.626	2.540	3.488	127.737999	37.884132
1596707723856	1596707723853	-14.591	1.066	2.592	1.102	1.911	3.147	127.737999	37.884132
1596707723874	1596707723872	-12.943	0.472	1.226	0.214	0.809	3.185	127.737999	37.884132
1596707723895	1596707723893	-11.355	0.674	0.881	-0.765	1.013	2.602	127.737999	37.884132
1596707723914	1596707723912	-10.706	1.356	1.418	-1.752	1.447	2.252	127.737999	37.884132
1596707723934	1596707723932	-11.154	0.360	0.826	-2.695	1.413	2.363	127.737999	37.884132
1596707723953	1596707723954	-11.915	-0.792	1.353	-2.841	1.475	2.439	127.737991	37.884125
1596707723975	1596707723975	-12.579	-1.046	2.158	-2.769	1.454	2.578	127.737991	37.884125
1596707723996	1596707723996	-12.909	-1.581	2.409	-2.635	1.254	2.716	127.737991	37.884125
1596707724014	1596707724014	-12.689	-1.782	2.033	-2.634	0.798	2.940	127.737991	37.884125
1596707724035	1596707724031	-12.215	-2.124	1.312	-2.824	0.441	3.230	127.737991	37.884125
1596707724051	1596707724050	-11.743	-2.156	0.479	-3.016	0.213	3.525	127.737991	37.884125
1596707724076	1596707724074	-11.982	-2.263	0.021	-3.209	0.278	3.848	127.737991	37.884125
1596707724093	1596707724091	-12.977	-3.346	0.582	-3.063	0.489	4.043	127.737991	37.884125
1596707724111	1596707724111	-13.825	-4.177	1.200	-2.429	0.466	4.138	127.737991	37.884125
1596707724132	1596707724132	-13.556	-4.156	1.372	-1.747	0.248	3.943	127.737991	37.884125
1596707724151	1596707724151	-13.228	-4.266	1.126	-1.516	0.041	3.552	127.737991	37.884125
1596707724171	1596707724171	-14.210	-5.722	0.321	-1.518	0.213	2.951	127.737991	37.884125
1596707724191	1596707724190	-14.723	-7.979	0.385	-0.746	0.290	2.500	127.737991	37.884125
1596707724212	1596707724210	-12.953	-8.118	1.097	0.484	-0.203	1.495	127.737991	37.884125
1596707724230	1596707724230	-10.615	-5.560	1.447	1.499	-0.405	0.161	127.737991	37.884125
1596707724250	1596707724249	-10.083	-1.914	1.082	2.310	-0.312	-0.906	127.737991	37.884125
1596707724269	1596707724266	-10.904	0.103	0.349	2.458	-0.163	-1.920	127.737991	37.884125
1596707724289	1596707724286	-12.073	-0.342	-0.594	2.043	-0.237	-2.914	127.737991	37.884125
1596707724308	1596707724308	-13.180	-0.970	-1.584	1.684	-0.482	-3.885	127.737991	37.884125
1596707724327	1596707724327	-14.567	-1.212	-1.957	1.717	-0.999	-4.367	127.737991	37.884125
1596707724348	1596707724348	-15.758	-1.823	-1.660	2.041	-1.590	-4.483	127.737991	37.884125
1596707724367	1596707724367	-15.880	-1.626	-1.038	2.123	-1.896	-4.742	127.737991	37.884125
1596707724388	1596707724386	-15.245	-0.654	-0.302	1.793	-1.895	-5.095	127.737991	37.884125
1596707724409	1596707724409	-14.843	-0.256	-0.017	1.665	-1.811	-5.273	127.737991	37.884125
1596707724426	1596707724426	-14.486	-0.318	0.481	1.689	-1.678	-5.143	127.737991	37.884125
1596707724445	1596707724445	-14.146	-0.230	0.771	1.788	-1.510	-5.310	127.737991	37.884125
1596707724471	1596707724464	-14.126	0.556	0.467	1.482	-1.165	-5.341	127.737991	37.884125
1596707724486	1596707724483	-14.234	-0.764	-0.039	1.418	-0.664	-4.668	127.737991	37.884125
1596707724504	1596707724503	-14.651	-1.001	-0.422	1.134	-0.307	-4.415	127.737991	37.884125
1596707724526	1596707724524	-14.510	-1.185	-1.177	1.039	-0.288	-4.089	127.737991	37.884125
1596707724545	1596707724545	-13.980	-1.490	-1.366	1.069	-0.412	-3.674	127.737991	37.884125
1596707724564	1596707724564	-13.616	-1.482	-1.648	1.164	-0.573	-3.355	127.737991	37.884125
1596707724584	1596707724584	-12.859	-1.044	-1.840	1.298	-0.814	-3.173	127.737991	37.884125
1596707724604	1596707724604	-11.963	-0.100	-1.965	1.251	-1.060	-3.014	127.737991	37.884125
1596707724625	1596707724624	-11.525	0.137	-1.526	1.145	-1.061	-2.752	127.737991	37.884125
1596707724644	1596707724640	-11.221	0.369	-0.539	0.979	-1.055	-2.558	127.737991	37.884125
1596707724671	1596707724664	-10.052	1.071	0.100	0.715	-1.420	-2.476	127.737991	37.884125
1596707724683	1596707724681	-8.296	2.743	-0.197	0.344	-1.793	-2.296	127.737991	37.884125
1596707724707	1596707724705	-7.290	3.773	0.273	-0.231	-1.261	-1.792	127.737991	37.884125
1596707724722	1596707724720	-7.750	3.682	0.266	-1.214	-0.582	-1.255	127.737991	37.884125
1596707724743	1596707724743	-8.907	2.566	-0.216	-2.229	-0.181	-0.615	127.737991	37.884125
1596707724762	1596707724761	-9.347	0.918	0.567	-2.741	0.164	-0.058	127.737991	37.884125
1596707724782	1596707724782	-9.165	-0.757	1.401	-2.671	0.157	0.673	127.737991	37.884125
1596707724802	1596707724802	-9.393	-2.297	2.110	-2.074	0.392	1.724	127.737991	37.884125
1596707724825	1596707724822	-10.452	-2.673	2.678	-1.142	0.911	2.686	127.737991	37.884125
1596707724840	1596707724840	-11.896	-1.808	2.644	-0.226	1.187	3.312	127.737991	37.884125
1596707724862	1596707724860	-13.341	-1.190	1.959	0.516	1.397	3.867	127.737991	37.884125
1596707724881	1596707724878	-14.680	-0.677	1.458	1.036	1.588	4.247	127.737991	37.884125
1596707724900	1596707724898	-15.434	-0.210	0.996	1.396	1.622	4.673	127.737991	37.884125
1596707724918	1596707724917	-15.099	0.166	1.123	1.314	1.558	4.955	127.737991	37.884125
1596707724949	1596707724939	-13.777	0.319	0.752	0.437	1.219	4.603	127.737991	37.884125
1596707724966	1596707724966	-12.337	0.745	0.014	-0.656	0.960	4.241	127.737984	37.884117
1596707724990	1596707724990	-12.246	0.767	-0.475	-1.790	1.095	4.193	127.737984	37.884117
1596707724997	1596707724993	-13.274	0.887	-0.688	-3.101	1.319	3.827	127.737984	37.884117
1596707725016	1596707725013	-14.776	-0.203	-0.700	-4.814	1.556	3.922	127.737984	37.884117
1596707725037	1596707725035	-16.134	-1.547	-1.078	-5.741	1.110	3.950	127.737984	37.884117
1596707725056	1596707725054	-16.807	-2.862	-0.875	-5.219	0.275	3.723	127.737984	37.884117
1596707725076	1596707725073	-16.565	-2.603	-0.894	-5.107	-0.185	3.565	127.737984	37.884117
1596707725095	1596707725093	-16.031	-2.373	-1.735	-5.274	-0.601	3.513	127.737984	37.884117
1596707725115	1596707725114	-15.418	-2.745	-2.413	-5.485	-0.763	3.619	127.737984	37.884117
1596707725136	1596707725134	-15.434	-3.236	-2.267	-5.157	-0.866	3.679	127.737984	37.884117
1596707725153	1596707725152	-15.813	-3.964	-2.120	-4.497	-1.110	3.707	127.737984	37.884117
1596707725181	1596707725175	-15.583	-4.656	-2.077	-3.924	-1.100	3.567	127.737984	37.884117
1596707725194	1596707725193	-14.689	-5.159	-2.274	-3.183	-1.098	3.272	127.737984	37.884117
1596707725216	1596707725216	-13.966	-5.485	-2.743	-2.574	-1.105	3.023	127.737984	37.884117
1596707725235	1596707725233	-13.197	-6.575	-2.494	-2.074	-0.840	2.388	127.737984	37.884117
1596707725255	1596707725255	-10.138	-7.474	-1.862	-1.487	-0.971	1.841	127.737984	37.884117
1596707725274	1596707725271	-7.551	-7.617	-1.629	-0.596	-0.820	1.200	127.737984	37.884117
1596707725291	1596707725288	-8.408	-6.424	-1.280	0.543	0.088	0.227	127.737984	37.884117
1596707725311	1596707725309	-10.825	-4.355	-0.891	1.917	0.819	-0.602	127.737984	37.884117
1596707725331	1596707725328	-11.446	-3.638	-0.865	3.167	0.775	-1.122	127.737984	37.884117
1596707725351	1596707725348	-10.775	-3.978	-1.644	4.088	0.485	-1.773	127.737984	37.884117
1596707725370	1596707725370	-11.506	-3.799	-2.185	4.601	0.479	-2.651	127.737984	37.884117
1596707725390	1596707725390	-12.926	-3.667	-2.432	4.899	0.408	-3.211	127.737984	37.884117
1596707725410	1596707725409	-14.232	-2.721	-2.278	5.087	0.305	-3.610	127.737984	37.884117
1596707725430	1596707725430	-15.041	-1.214	-1.838	5.057	-0.022	-3.940	127.737984	37.884117
1596707725453	1596707725453	-15.350	-0.321	-1.545	4.897	-0.558	-4.345	127.737984	37.884117
1596707725468	1596707725468	-14.493	0.393	-1.510	4.502	-0.961	-4.798	127.737984	37.884117
1596707725492	1596707725486	-13.956	0.286	-1.301	4.402	-0.868	-5.002	127.737984	37.884117
1596707725507	1596707725506	-15.046	0.333	-0.484	4.321	-0.574	-5.040	127.737984	37.884117
1596707725532	1596707725529	-16.503	0.566	0.127	3.746	-0.222	-4.853	127.737984	37.884117
1596707725548	1596707725548	-17.875	-0.356	-0.024	3.109	-0.395	-4.572	127.737984	37.884117
1596707725570	1596707725570	-17.382	-0.982	-0.398	2.692	-0.955	-4.609	127.737984	37.884117
1596707725587	1596707725586	-15.619	-0.486	-1.253	2.254	-1.518	-4.622	127.737984	37.884117
1596707725608	1596707725606	-14.716	-0.510	-1.728	1.728	-1.469	-4.011	127.737984	37.884117
1596707725627	1596707725627	-14.881	-0.752	-1.869	1.061	-1.230	-3.479	127.737984	37.884117
1596707725646	1596707725643	-14.510	-0.625	-1.874	0.579	-1.376	-3.178	127.737984	37.884117
1596707725670	1596707725667	-13.647	-0.340	-2.159	0.372	-1.754	-2.900	127.737984	37.884117
1596707725685	1596707725682	-12.919	-0.014	-1.895	0.257	-1.900	-2.749	127.737984	37.884117
1596707725706	1596707725705	-11.987	0.341	-1.639	-0.055	-2.074	-2.769	127.737984	37.884117
1596707725723	1596707725722	-10.703	0.801	-1.498	-0.640	-2.220	-2.708	127.737984	37.884117
1596707725745	1596707725742	-9.187	1.692	-1.838	-1.373	-2.238	-2.601	127.737984	37.884117
1596707725764	1596707725761	-8.341	2.338	-2.233	-2.011	-1.702	-2.280	127.737984	37.884117
1596707725783	1596707725781	-8.485	2.259	-1.615	-2.663	-0.858	-1.851	127.737984	37.884117
1596707725803	1596707725803	-8.976	1.713	-1.852	-3.232	-0.490	-1.408	127.737984	37.884117
1596707725822	1596707725822	-9.081	0.714	-1.486	-3.539	-0.175	-0.711	127.737984	37.884117
1596707725847	1596707725841	-8.435	-0.536	-0.448	-3.456	-0.124	0.083	127.737984	37.884117
1596707725862	1596707725860	-8.106	-2.613	0.452	-2.802	-0.024	1.162	127.737984	37.884117
1596707725882	1596707725879	-8.715	-4.340	1.233	-1.658	0.513	2.106	127.737984	37.884117
1596707725901	1596707725899	-9.855	-3.871	1.997	-0.159	0.914	2.701	127.737984	37.884117
1596707725921	1596707725919	-10.972	-2.417	2.081	1.279	0.981	3.274	127.737984	37.884117
1596707725948	1596707725947	-11.834	-1.722	1.791	2.395	1.051	3.723	127.737976	37.884109
1596707725968	1596707725959	-12.653	-1.796	1.523	3.081	1.236	4.202	127.737976	37.884109
1596707725981	1596707725981	-12.986	-1.133	1.518	3.460	1.337	4.333	127.737976	37.884109
1596707726000	1596707725998	-12.155	0.286	1.181	3.015	1.146	4.123	127.737976	37.884109
1596707726019	1596707726018	-11.436	2.147	1.387	1.438	1.026	3.900	127.737976	37.884109
1596707726040	1596707726038	-11.903	3.107	0.450	-0.863	0.860	3.663	127.737976	37.884109
1596707726061	1596707726061	-12.579	3.031	-1.143	-3.223	0.927	3.539	127.737976	37.884109
1596707726090	1596707726081	-13.693	1.495	-1.840	-5.221	0.900	3.531	127.737976	37.884109
1596707726103	1596707726099	-15.247	-0.860	-1.807	-6.380	0.620	3.354	127.737976	37.884109
1596707726119	1596707726119	-16.536	-2.340	-1.498	-7.116	0.073	3.074	127.737976	37.884109
1596707726140	1596707726137	-17.545	-4.311	-1.737	-6.969	-0.404	3.073	127.737976	37.884109
1596707726161	1596707726156	-18.019	-5.976	-1.150	-5.687	-0.875	3.308	127.737976	37.884109
1596707726178	1596707726177	-17.092	-5.617	-0.839	-4.331	-1.686	3.682	127.737976	37.884109
1596707726202	1596707726196	-15.485	-5.701	-0.597	-2.865	-2.483	4.075	127.737976	37.884109
1596707726217	1596707726216	-13.932	-6.568	-0.257	-1.442	-2.672	4.351	127.737976	37.884109
1596707726238	1596707726236	-12.936	-6.875	-0.070	0.280	-1.925	4.320	127.737976	37.884109
1596707726258	1596707726258	-12.517	-5.124	-0.456	1.409	-1.618	3.808	127.737976	37.884109
1596707726277	1596707726277	-13.465	-4.862	-1.708	1.937	-1.156	3.719	127.737976	37.884109
1596707726297	1596707726293	-13.944	-5.591	-1.133	2.630	-0.257	3.503	127.737976	37.884109
1596707726315	1596707726315	-11.728	-6.982	-0.285	3.534	-0.702	2.903	127.737976	37.884109
1596707726334	1596707726332	-9.867	-6.769	-0.695	4.053	-0.921	1.468	127.737976	37.884109
1596707726354	1596707726352	-10.550	-2.558	-1.239	4.430	-0.383	0.247	127.737976	37.884109
1596707726373	1596707726372	-12.505	0.506	-0.542	4.105	-0.216	-0.691	127.737976	37.884109
1596707726392	1596707726392	-12.703	0.520	-0.765	2.804	-0.814	-1.645	127.737976	37.884109
1596707726413	1596707726413	-12.438	0.091	-1.565	1.400	-1.399	-2.447	127.737976	37.884109
1596707726433	1596707726433	-12.085	-0.445	-1.878	0.717	-1.873	-3.093	127.737976	37.884109
1596707726452	1596707726452	-11.175	-0.891	-1.375	0.551	-1.989	-3.642	127.737976	37.884109
1596707726476	1596707726476	-10.380	-1.418	-0.860	0.534	-1.820	-3.995	127.737976	37.884109
1596707726492	1596707726490	-10.167	-1.547	-0.070	0.513	-1.442	-4.323	127.737976	37.884109
1596707726515	1596707726515	-10.758	-2.091	0.124	0.749	-1.245	-4.372	127.737976	37.884109
1596707726534	1596707726531	-11.841	-2.038	0.131	0.778	-0.847	-4.853	127.737976	37.884109
1596707726550	1596707726549	-12.447	-0.951	-0.067	0.541	-0.202	-5.409	127.737976	37.884109
1596707726570	1596707726570	-13.008	-1.480	0.007	0.879	0.061	-4.939	127.737976	37.884109
1596707726590	1596707726589	-13.310	-0.965	-0.010	0.868	0.071	-4.858	127.737976	37.884109
1596707726609	1596707726609	-13.180	-0.752	-0.439	0.851	0.133	-4.769	127.737976	37.884109
1596707726632	1596707726630	-13.077	-1.159	-0.848	0.901	0.285	-4.285	127.737976	37.884109
1596707726649	1596707726649	-13.369	-1.655	-0.726	1.109	0.442	-3.786	127.737976	37.884109
1596707726671	1596707726671	-13.748	-2.031	-0.856	1.471	0.335	-3.264	127.737976	37.884109
1596707726688	1596707726688	-13.602	-1.482	-0.918	1.642	-0.057	-2.940	127.737976	37.884109
1596707726712	1596707726712	-13.017	-1.216	-1.177	1.829	-0.451	-2.547	127.737976	37.884109
1596707726730	1596707726727	-12.500	-0.551	-1.191	1.903	-0.647	-2.145	127.737976	37.884109
1596707726748	1596707726745	-11.973	1.373	-1.078	1.835	-0.894	-1.954	127.737976	37.884109
1596707726767	1596707726765	-10.873	2.980	-0.642	1.406	-1.259	-1.714	127.737976	37.884109
1596707726785	1596707726785	-9.065	3.426	0.064	0.558	-1.559	-1.456	127.737976	37.884109
1596707726812	1596707726812	-6.942	3.261	0.220	-0.310	-1.745	-1.218	127.737976	37.884109
1596707726830	1596707726830	-6.473	3.210	-0.769	-1.165	-1.294	-0.762	127.737976	37.884109
1596707726850	1596707726850	-8.260	3.174	-0.743	-1.933	-0.061	-0.294	127.737976	37.884109
1596707726866	1596707726865	-11.132	2.334	-0.726	-2.615	0.753	0.355	127.737976	37.884109
1596707726886	1596707726886	-13.207	0.978	-0.024	-2.865	0.997	0.927	127.737976	37.884109
1596707726904	1596707726904	-13.563	-0.677	1.420	-2.328	0.558	1.467	127.737976	37.884109
1596707726925	1596707726925	-12.296	-1.926	2.091	-1.260	-0.027	2.032	127.737976	37.884109
1596707726949	1596707726949	-11.173	-2.172	1.626	-0.229	0.080	2.619	127.737976	37.884109
1596707726968	1596707726968	-11.860	-1.825	1.583	0.642	0.832	3.062	127.737976	37.884098
1596707726986	1596707726982	-13.434	-1.212	1.190	1.263	1.302	3.301	127.737976	37.884098
1596707727002	1596707727001	-13.990	-0.309	1.118	1.645	1.220	3.231	127.737976	37.884098
1596707727022	1596707727020	-13.590	-0.766	0.359	1.935	0.647	3.100	127.737976	37.884098
1596707727042	1596707727040	-12.097	-0.246	-0.027	2.016	0.502	2.690	127.737976	37.884098
1596707727062	1596707727060	-11.122	-0.067	-0.020	1.573	0.551	2.765	127.737976	37.884098
1596707727082	1596707727082	-10.442	-0.129	-0.115	1.041	0.450	2.661	127.737976	37.884098
1596707727111	1596707727101	-9.800	0.345	-0.125	0.245	0.406	2.454	127.737976	37.884098
1596707727123	1596707727121	-9.949	0.650	0.117	-0.768	0.654	2.343	127.737976	37.884098
1596707727142	1596707727140	-10.988	-0.201	0.457	-1.779	0.931	2.421	127.737976	37.884098
1596707727166	1596707727162	-11.851	-0.661	0.548	-2.670	0.878	2.370	127.737976	37.884098
1596707727183	1596707727179	-12.363	-1.458	0.055	-3.351	0.699	2.502	127.737976	37.884098
1596707727203	1596707727203	-12.636	-1.494	-0.288	-3.882	0.643	2.590	127.737976	37.884098
1596707727220	1596707727220	-13.362	-1.942	-0.501	-4.206	0.515	2.797	127.737976	37.884098
1596707727242	1596707727240	-13.769	-2.520	-0.839	-4.250	0.297	2.922	127.737976	37.884098
1596707727260	1596707727260	-13.604	-3.226	-0.872	-3.782	-0.078	3.148	127.737976	37.884098
1596707727279	1596707727279	-12.914	-3.887	-0.812	-2.956	-0.377	3.387	127.737976	37.884098
1596707727306	1596707727301	-12.500	-4.505	-0.803	-1.953	-0.381	3.631	127.737976	37.884098
1596707727321	1596707727318	-13.884	-5.306	-1.117	-0.842	0.063	3.599	127.737976	37.884098
1596707727340	1596707727338	-16.014	-4.886	-0.029	-0.109	0.744	3.259	127.737976	37.884098
1596707727357	1596707727355	-15.396	-4.580	0.852	-0.063	0.273	2.501	127.737976	37.884098
1596707727377	1596707727374	-11.647	-5.298	0.014	-0.465	-0.545	1.527	127.737976	37.884098
1596707727397	1596707727395	-8.643	-5.440	0.321	-0.221	-0.594	0.471	127.737976	37.884098
1596707727416	1596707727416	-7.541	-3.195	0.251	0.539	-0.171	-0.730	127.737976	37.884098
1596707727436	1596707727433	-9.644	-0.665	0.352	1.198	0.770	-1.678	127.737976	37.884098
1596707727455	1596707727453	-12.054	-0.570	0.105	1.474	0.993	-2.574	127.737976	37.884098
1596707727474	1596707727473	-12.931	-1.545	-0.846	1.567	0.674	-3.506	127.737976	37.884098
1596707727501	1596707727494	-13.705	-2.347	-1.198	1.962	0.366	-4.245	127.737976	37.884098
1596707727515	1596707727514	-14.469	-2.781	-1.356	2.544	0.032	-4.508	127.737976	37.884098
1596707727538	1596707727538	-14.622	-2.369	-0.305	3.096	-0.221	-4.383	127.737976	37.884098
1596707727554	1596707727552	-14.438	-1.537	0.127	3.533	-0.728	-4.249	127.737976	37.884098
1596707727578	1596707727574	-13.626	-0.483	0.014	3.933	-1.070	-4.089	127.737976	37.884098
1596707727594	1596707727591	-12.358	0.436	0.963	3.652	-1.361	-4.445	127.737976	37.884098
1596707727612	1596707727611	-10.993	1.007	0.812	2.692	-1.234	-4.407	127.737976	37.884098
1596707727633	1596707727633	-10.682	-0.407	0.639	2.265	-0.954	-3.734	127.737976	37.884098
1596707727654	1596707727653	-10.782	-1.149	0.129	2.108	-0.650	-3.497	127.737976	37.884098
1596707727672	1596707727672	-11.321	-0.706	-0.180	2.007	-0.514	-3.121	127.737976	37.884098
1596707727692	1596707727692	-11.554	-0.778	-0.333	1.726	-0.549	-2.703	127.737976	37.884098
1596707727712	1596707727712	-11.297	-1.061	-0.405	1.397	-0.589	-2.275	127.737976	37.884098
1596707727734	1596707727728	-10.667	-1.449	-0.415	1.126	-0.834	-1.902	127.737976	37.884098
1596707727751	1596707727750	-10.078	-1.360	-0.975	1.002	-1.093	-1.682	127.737976	37.884098
1596707727769	1596707727768	-10.413	-1.099	-0.901	0.980	-0.889	-1.346	127.737976	37.884098
1596707727790	1596707727788	-11.388	-0.778	-0.741	0.864	-0.755	-1.081	127.737976	37.884098
1596707727810	1596707727807	-11.673	-0.574	-0.846	0.670	-0.940	-0.941	127.737976	37.884098
1596707727830	1596707727829	-10.995	-0.412	-1.040	0.455	-1.249	-0.836	127.737976	37.884098
1596707727849	1596707727849	-10.449	0.171	-1.114	0.023	-1.250	-0.840	127.737976	37.884098
1596707727869	1596707727869	-10.416	0.743	-0.808	-0.732	-0.929	-0.743	127.737976	37.884098
1596707727888	1596707727888	-10.274	1.455	-1.069	-1.464	-0.848	-0.610	127.737976	37.884098
1596707727908	1596707727908	-10.478	1.581	-0.844	-2.026	-0.454	-0.326	127.737976	37.884098
1596707727933	1596707727926	-10.339	0.408	0.725	-2.359	-0.020	0.052	127.737976	37.884098
1596707727958	1596707727958	-9.359	-1.042	1.744	-2.334	-0.179	0.395	127.737976	37.884087
1596707727969	1596707727963	-8.372	-1.906	1.918	-1.859	-0.168	0.889	127.737976	37.884087
1596707727993	1596707727990	-8.399	-1.736	1.516	-1.225	0.253	1.482	127.737976	37.884087
1596707728009	1596707728004	-9.865	-1.470	1.063	-0.712	0.827	2.116	127.737976	37.884087
1596707728027	1596707728025	-12.064	-1.140	0.740	-0.332	1.273	2.584	127.737976	37.884087
1596707728043	1596707728042	-13.887	-0.689	0.828	0.013	1.373	2.752	127.737976	37.884087
1596707728065	1596707728062	-14.519	-0.457	1.202	0.300	1.074	2.669	127.737976	37.884087
1596707728085	1596707728085	-13.393	-0.603	1.466	0.435	0.556	2.523	127.737976	37.884087
1596707728107	1596707728105	-11.506	-0.675	1.521	0.415	0.180	2.344	127.737976	37.884087
1596707728134	1596707728128	-9.882	-0.395	1.526	0.257	0.075	2.190	127.737976	37.884087
1596707728147	1596707728143	-8.708	-0.299	1.758	0.057	0.182	2.214	127.737976	37.884087
1596707728167	1596707728164	-8.392	-0.342	1.942	-0.165	0.438	2.212	127.737976	37.884087
1596707728183	1596707728181	-8.919	0.041	1.923	-0.333	0.712	2.303	127.737976	37.884087
1596707728208	1596707728206	-10.102	-0.174	2.165	-0.832	0.957	2.587	127.737976	37.884087
1596707728220	1596707728219	-11.106	-0.716	2.256	-1.523	0.963	2.602	127.737976	37.884087
1596707728242	1596707728240	-11.796	-1.010	1.681	-2.071	0.873	2.729	127.737976	37.884087
1596707728265	1596707728265	-12.543	-1.228	1.351	-2.293	0.769	2.990	127.737976	37.884087
1596707728289	1596707728289	-12.713	-1.506	0.675	-2.536	0.523	3.071	127.737976	37.884087
1596707728306	1596707728305	-13.003	-2.000	0.266	-2.588	0.460	3.251	127.737976	37.884087
1596707728321	1596707728321	-13.947	-2.774	0.687	-2.307	0.571	3.317	127.737976	37.884087
1596707728346	1596707728346	-14.376	-3.554	1.255	-1.745	0.480	3.281	127.737976	37.884087
1596707728364	1596707728360	-13.527	-3.490	1.526	-1.066	0.135	3.004	127.737976	37.884087
1596707728382	1596707728382	-12.445	-3.504	0.864	-0.657	-0.083	2.773	127.737976	37.884087
1596707728402	1596707728399	-13.247	-3.574	0.833	-0.612	0.459	2.320	127.737976	37.884087
1596707728421	1596707728418	-13.880	-3.689	1.729	-0.555	0.621	1.584	127.737976	37.884087
1596707728441	1596707728441	-11.328	-3.159	1.550	-0.343	-0.145	0.836	127.737976	37.884087
1596707728464	1596707728464	-8.801	-2.148	1.152	-0.151	-0.597	-0.106	127.737976	37.884087
1596707728485	1596707728485	-8.032	-1.396	0.347	-0.073	-0.380	-1.001	127.737976	37.884087
1596707728505	1596707728505	-10.025	-1.463	-0.036	-0.058	0.315	-1.536	127.737976	37.884087
1596707728528	1596707728528	-12.636	-1.561	-0.357	-0.080	0.518	-2.294	127.737976	37.884087
1596707728538	1596707728538	-13.463	-1.549	-0.482	-0.100	0.256	-2.892	127.737976	37.884087
1596707728558	1596707728555	-13.429	-1.288	-0.415	-0.125	-0.143	-3.324	127.737976	37.884087
1596707728579	1596707728576	-13.020	-1.238	-0.048	-0.106	-0.525	-3.648	127.737976	37.884087
1596707728597	1596707728594	-12.272	-1.583	0.244	0.071	-0.732	-3.736	127.737976	37.884087
1596707728618	1596707728614	-11.884	-0.939	0.584	0.356	-0.625	-3.757	127.737976	37.884087
1596707728644	1596707728642	-11.798	0.597	1.075	0.540	-0.443	-3.592	127.737976	37.884087
1596707728656	1596707728653	-10.988	2.736	1.605	0.399	-0.504	-3.506	127.737976	37.884087
1596707728679	1596707728675	-9.194	3.177	1.492	-0.063	-0.892	-3.185	127.737976	37.884087
1596707728695	1596707728695	-7.860	1.253	0.831	-0.526	-0.904	-2.499	127.737976	37.884087
1596707728721	1596707728720	-7.893	-0.237	1.219	-0.376	-0.338	-1.940	127.737976	37.884087
1596707728735	1596707728735	-8.825	0.010	1.815	-0.028	-0.044	-1.633	127.737976	37.884087
1596707728753	1596707728752	-9.664	0.499	2.182	0.401	-0.094	-1.236	127.737976	37.884087
1596707728773	1596707728772	-9.953	0.384	1.763	0.675	-0.294	-1.084	127.737976	37.884087
1596707728793	1596707728791	-9.836	0.245	1.394	0.785	-0.417	-1.092	127.737976	37.884087
1596707728812	1596707728810	-9.522	0.501	1.195	0.957	-0.496	-1.064	127.737976	37.884087
1596707728832	1596707728830	-8.926	0.753	0.874	0.874	-0.651	-0.997	127.737976	37.884087
1596707728851	1596707728851	-8.787	0.400	0.407	0.524	-0.611	-0.825	127.737976	37.884087
1596707728872	1596707728872	-9.932	-0.064	0.421	0.230	-0.262	-0.596	127.737976	37.884087
1596707728891	1596707728890	-11.661	-0.186	0.644	0.055	0.042	-0.326	127.737976	37.884087
1596707728918	1596707728917	-12.363	-0.148	1.001	-0.153	-0.213	-0.170	127.737976	37.884087
1596707728932	1596707728932	-11.247	-0.230	0.634	-0.495	-0.894	-0.090	127.737976	37.884087
1596707728954	1596707728954	-10.183	-0.333	-0.647	-0.971	-0.990	0.161	127.737976	37.884087
1596707728975	1596707728975	-11.415	-0.919	-0.125	-1.271	-0.078	0.590	127.737976	37.884075
1596707728990	1596707728990	-12.675	-1.286	0.989	-1.408	0.222	0.803	127.737976	37.884075
1596707729017	1596707729013	-11.666	-1.480	1.046	-1.394	-0.400	0.849	127.737976	37.884075
1596707729034	1596707729030	-9.889	-1.640	0.927	-1.308	-0.572	1.010	127.737976	37.884075
