1595324836303	1595324836302	-14.578	-3.709	2.710	1.559	-1.199	-3.688	127.738266	37.884686
1595324836320	1595324836315	-15.459	-3.060	2.324	1.856	-1.375	-3.823	127.738266	37.884686
1595324836341	1595324836335	-15.244	-2.667	1.886	1.788	-1.592	-3.789	127.738266	37.884686
1595324836359	1595324836355	-14.230	-2.382	1.673	1.536	-1.746	-3.688	127.738274	37.884693
1595324836378	1595324836375	-12.994	-2.131	1.644	1.202	-1.822	-3.591	127.738274	37.884693
1595324836397	1595324836395	-11.770	-1.930	1.641	0.782	-1.854	-3.517	127.738274	37.884693
1595324836416	1595324836415	-10.534	-1.839	1.426	0.328	-1.849	-3.453	127.738274	37.884693
1595324836436	1595324836434	-9.502	-1.843	1.009	-0.122	-1.767	-3.401	127.738274	37.884693
1595324836458	1595324836456	-8.908	-2.095	0.640	-0.409	-1.559	-3.332	127.738274	37.884693
1595324836476	1595324836476	-8.671	-2.413	0.482	-0.435	-1.313	-3.199	127.738274	37.884693
1595324836495	1595324836493	-8.618	-2.730	0.575	-0.202	-1.087	-3.006	127.738274	37.884693
1595324836514	1595324836513	-8.575	-2.962	0.686	0.211	-0.910	-2.780	127.738274	37.884693
1595324836535	1595324836532	-8.460	-2.936	0.607	0.704	-0.774	-2.509	127.738274	37.884693
1595324836554	1595324836553	-8.357	-2.528	0.494	1.130	-0.639	-2.164	127.738274	37.884693
1595324836574	1595324836572	-8.402	-1.906	0.623	1.358	-0.496	-1.739	127.738274	37.884693
1595324836594	1595324836592	-8.306	-1.477	0.858	1.347	-0.381	-1.258	127.738274	37.884693
1595324836613	1595324836611	-8.091	-1.374	1.153	1.131	-0.244	-0.790	127.738274	37.884693
1595324836633	1595324836631	-8.242	-1.434	1.629	0.792	-0.020	-0.368	127.738274	37.884693
1595324836661	1595324836654	-8.656	-1.453	2.106	0.449	0.231	-0.002	127.738274	37.884693
1595324836673	1595324836670	-9.111	-1.278	2.327	0.214	0.473	0.312	127.738274	37.884693
1595324836693	1595324836690	-9.931	-1.086	2.370	0.074	0.729	0.622	127.738274	37.884693
1595324836711	1595324836710	-11.658	-1.134	2.049	-0.042	1.024	0.987	127.738274	37.884693
1595324836732	1595324836729	-12.851	-1.055	1.682	-0.224	1.246	1.369	127.738274	37.884693
1595324836752	1595324836749	-11.902	-1.410	1.984	-0.496	1.250	1.695	127.738274	37.884693
1595324836771	1595324836769	-11.655	-2.519	2.806	-0.627	1.408	2.081	127.738274	37.884693
1595324836794	1595324836792	-12.163	-3.003	3.428	-0.395	1.508	2.421	127.738274	37.884693
1595324836810	1595324836808	-11.531	-2.430	3.251	-0.220	1.336	2.547	127.738274	37.884693
1595324836835	1595324836830	-10.956	-1.819	2.700	-0.474	1.244	2.647	127.738274	37.884693
1595324836854	1595324836847	-10.774	-1.542	2.233	-0.945	1.194	2.754	127.738274	37.884693
1595324836875	1595324836871	-10.702	-1.589	1.766	-1.362	1.135	2.811	127.738274	37.884693
1595324836890	1595324836887	-11.054	-1.925	1.639	-1.580	1.157	2.873	127.738274	37.884693
1595324836910	1595324836908	-11.224	-2.481	2.058	-1.618	1.158	2.947	127.738274	37.884693
1595324836928	1595324836926	-10.803	-3.091	2.401	-1.659	1.066	3.044	127.738274	37.884693
1595324836950	1595324836946	-10.161	-3.731	2.403	-1.639	0.958	3.218	127.738274	37.884693
1595324836968	1595324836966	-9.794	-4.150	2.267	-1.466	0.877	3.371	127.738274	37.884693
1595324836988	1595324836985	-9.777	-4.038	2.226	-1.189	0.860	3.408	127.738274	37.884693
1595324837025	1595324837023	-10.091	-3.765	2.410	-0.888	0.897	3.355	127.738274	37.884693
1595324837029	1595324837028	-10.697	-3.695	2.683	-0.746	0.934	3.253	127.738274	37.884693
1595324837047	1595324837044	-11.236	-4.016	2.875	-0.731	0.926	3.100	127.738274	37.884693
1595324837066	1595324837064	-11.718	-4.447	3.107	-0.605	0.929	2.895	127.738274	37.884693
1595324837086	1595324837084	-12.094	-4.684	3.570	-0.348	0.954	2.631	127.738274	37.884693
1595324837105	1595324837103	-11.883	-4.672	4.130	-0.140	0.930	2.300	127.738274	37.884693
1595324837126	1595324837124	-11.107	-4.366	4.638	-0.108	0.864	1.900	127.738274	37.884693
1595324837147	1595324837146	-10.314	-4.131	4.995	-0.214	0.784	1.470	127.738274	37.884693
1595324837167	1595324837165	-9.883	-4.251	5.237	-0.295	0.696	1.021	127.738274	37.884693
1595324837185	1595324837185	-9.780	-4.591	5.362	-0.220	0.580	0.566	127.738274	37.884693
1595324837205	1595324837204	-10.235	-4.799	5.247	-0.001	0.457	0.125	127.738274	37.884693
1595324837225	1595324837225	-11.298	-4.775	5.299	0.212	0.342	-0.313	127.738274	37.884693
1595324837245	1595324837245	-12.611	-4.672	5.812	0.311	0.167	-0.761	127.738274	37.884693
1595324837283	1595324837281	-14.274	-4.763	6.526	0.383	-0.057	-1.184	127.738274	37.884693
1595324837291	1595324837291	-14.516	-4.663	6.660	0.464	-0.423	-1.571	127.738274	37.884693
1595324837305	1595324837304	-12.422	-4.054	5.707	0.532	-0.914	-1.999	127.738274	37.884693
1595324837323	1595324837323	-11.066	-3.472	4.451	0.641	-1.199	-2.501	127.738281	37.884701
1595324837371	1595324837370	-11.385	-3.408	3.553	0.798	-1.344	-3.001	127.738281	37.884701
1595324837371	1595324837371	-12.774	-3.638	2.899	1.159	-1.449	-3.398	127.738281	37.884701
1595324837387	1595324837384	-14.532	-3.597	2.374	1.720	-1.513	-3.598	127.738281	37.884701
1595324837403	1595324837401	-15.792	-3.091	1.967	2.131	-1.641	-3.613	127.738281	37.884701
1595324837435	1595324837441	-15.807	-2.574	1.876	2.181	-1.865	-3.450	127.738281	37.884701
1595324837449	1595324837449	-14.535	-2.195	2.025	1.872	-2.111	-3.228	127.738281	37.884701
1595324837464	1595324837464	-12.930	-1.920	2.070	1.306	-2.300	-3.071	127.738281	37.884701
1595324837482	1595324837480	-11.651	-1.805	1.759	0.582	-2.382	-2.985	127.738281	37.884701
1595324837501	1595324837499	-10.608	-1.656	1.110	-0.174	-2.365	-2.951	127.738281	37.884701
1595324837523	1595324837521	-9.765	-1.645	0.571	-0.790	-2.222	-2.942	127.738281	37.884701
1595324837541	1595324837538	-9.248	-1.922	0.302	-1.177	-1.971	-2.935	127.738281	37.884701
1595324837564	1595324837559	-8.939	-2.473	0.233	-1.266	-1.700	-2.917	127.738281	37.884701
1595324837580	1595324837579	-8.855	-3.067	0.204	-0.996	-1.410	-2.882	127.738281	37.884701
1595324837604	1595324837598	-9.027	-3.338	0.252	-0.421	-1.118	-2.811	127.738281	37.884701
1595324837620	1595324837618	-9.229	-3.173	0.353	0.271	-0.882	-2.688	127.738281	37.884701
1595324837640	1595324837638	-9.104	-2.500	0.482	0.820	-0.749	-2.503	127.738281	37.884701
1595324837658	1595324837656	-8.457	-1.640	0.528	1.092	-0.679	-2.224	127.738281	37.884701
1595324837678	1595324837677	-7.669	-0.995	0.482	1.080	-0.549	-1.857	127.738281	37.884701
1595324837699	1595324837696	-7.147	-0.634	0.640	0.841	-0.297	-1.450	127.738281	37.884701
1595324837717	1595324837715	-7.013	-0.691	1.182	0.510	0.047	-1.020	127.738281	37.884701
1595324837737	1595324837735	-7.420	-1.206	1.977	0.278	0.441	-0.573	127.738281	37.884701
1595324837756	1595324837754	-8.302	-1.647	2.463	0.251	0.804	-0.138	127.738281	37.884701
1595324837776	1595324837775	-9.504	-1.668	2.564	0.356	1.131	0.283	127.738281	37.884701
1595324837796	1595324837796	-11.104	-1.412	2.003	0.392	1.440	0.743	127.738281	37.884701
1595324837817	1595324837817	-12.599	-1.204	1.550	0.203	1.733	1.309	127.738281	37.884701
1595324837838	1595324837833	-13.193	-1.606	1.938	-0.126	1.898	1.962	127.738281	37.884701
1595324837884	1595324837853	-12.697	-2.504	2.863	-0.322	1.923	2.589	127.738281	37.884701
1595324837885	1595324837885	-11.679	-2.940	3.517	-0.273	1.833	3.062	127.738281	37.884701
1595324837895	1595324837894	-11.423	-2.818	3.534	-0.289	1.722	3.327	127.738281	37.884701
1595324837912	1595324837911	-11.866	-2.243	3.112	-0.492	1.604	3.458	127.738281	37.884701
1595324837933	1595324837931	-12.053	-1.522	2.597	-0.774	1.410	3.487	127.738281	37.884701
1595324837953	1595324837952	-11.916	-1.309	2.145	-1.152	1.228	3.438	127.738281	37.884701
1595324837973	1595324837971	-11.799	-1.510	1.972	-1.614	1.121	3.373	127.738281	37.884701
1595324837992	1595324837990	-11.651	-2.009	2.300	-2.019	1.041	3.275	127.738281	37.884701
1595324838016	1595324838012	-11.267	-2.696	2.832	-2.290	0.951	3.179	127.738281	37.884701
1595324838032	1595324838029	-10.814	-3.422	3.074	-2.402	0.848	3.177	127.738281	37.884701
1595324838056	1595324838052	-10.632	-4.074	2.990	-2.319	0.723	3.209	127.738281	37.884701
1595324838070	1595324838068	-10.654	-4.155	2.736	-2.097	0.615	3.159	127.738281	37.884701
1595324838092	1595324838091	-10.783	-3.939	2.552	-1.757	0.564	3.057	127.738281	37.884701
1595324838109	1595324838108	-11.085	-3.913	2.473	-1.433	0.551	2.953	127.738281	37.884701
1595324838132	1595324838128	-11.387	-4.201	2.430	-1.163	0.545	2.856	127.738281	37.884701
1595324838149	1595324838147	-11.480	-4.464	2.643	-0.848	0.558	2.744	127.738281	37.884701
1595324838169	1595324838167	-11.255	-4.421	3.239	-0.558	0.577	2.600	127.738281	37.884701
1595324838189	1595324838186	-10.819	-4.212	3.670	-0.471	0.567	2.401	127.738281	37.884701
1595324838208	1595324838206	-10.527	-4.193	3.924	-0.558	0.555	2.174	127.738281	37.884701
1595324838227	1595324838226	-10.228	-4.272	4.152	-0.655	0.506	1.929	127.738281	37.884701
1595324838248	1595324838245	-9.981	-4.557	4.212	-0.633	0.441	1.671	127.738281	37.884701
1595324838267	1595324838265	-10.029	-4.833	4.279	-0.469	0.403	1.378	127.738281	37.884701
1595324838287	1595324838286	-10.331	-4.847	4.377	-0.246	0.357	1.026	127.738281	37.884701
1595324838306	1595324838305	-10.841	-4.747	4.461	-0.098	0.286	0.620	127.738281	37.884701
1595324838327	1595324838325	-11.777	-4.862	4.765	-0.041	0.192	0.159	127.738281	37.884701
1595324838351	1595324838344	-13.406	-5.128	5.275	0.058	0.091	-0.347	127.738281	37.884701
1595324838365	1595324838365	-14.115	-4.843	5.613	0.158	-0.127	-0.879	127.738281	37.884701
1595324838394	1595324838385	-12.182	-4.033	5.189	0.074	-0.536	-1.469	127.738281	37.884708
1595324838412	1595324838409	-10.204	-3.549	4.372	-0.066	-0.817	-2.125	127.738281	37.884708
1595324838424	1595324838423	-10.259	-3.731	3.761	0.002	-0.872	-2.814	127.738281	37.884708
1595324838445	1595324838443	-11.914	-4.121	3.364	0.455	-0.868	-3.434	127.738281	37.884708
1595324838467	1595324838464	-13.993	-4.289	2.961	1.152	-0.911	-3.884	127.738281	37.884708
1595324838484	1595324838482	-15.596	-4.004	2.286	1.835	-1.028	-4.160	127.738281	37.884708
1595324838504	1595324838502	-16.111	-3.367	1.807	2.359	-1.193	-4.231	127.738281	37.884708
1595324838524	1595324838522	-15.519	-2.653	1.792	2.634	-1.372	-4.150	127.738281	37.884708
1595324838545	1595324838543	-14.302	-2.009	2.149	2.585	-1.564	-4.001	127.738281	37.884708
1595324838563	1595324838561	-13.095	-1.594	2.303	2.152	-1.750	-3.843	127.738281	37.884708
1595324838584	1595324838582	-12.168	-1.570	2.104	1.418	-1.873	-3.676	127.738281	37.884708
1595324838603	1595324838602	-11.294	-1.755	1.610	0.613	-1.908	-3.528	127.738281	37.884708
1595324838625	1595324838623	-10.285	-1.815	0.990	-0.043	-1.870	-3.400	127.738281	37.884708
1595324838643	1595324838641	-9.619	-1.889	0.633	-0.469	-1.717	-3.269	127.738281	37.884708
1595324838663	1595324838662	-9.253	-2.195	0.506	-0.646	-1.515	-3.134	127.738281	37.884708
1595324838683	1595324838683	-8.975	-2.550	0.374	-0.499	-1.326	-2.998	127.738281	37.884708
1595324838703	1595324838702	-8.711	-2.675	0.341	-0.110	-1.141	-2.839	127.738281	37.884708
1595324838723	1595324838721	-8.421	-2.435	0.410	0.313	-0.996	-2.636	127.738281	37.884708
1595324838743	1595324838740	-7.923	-1.882	0.417	0.595	-0.898	-2.379	127.738281	37.884708
1595324838762	1595324838760	-7.559	-1.302	0.271	0.665	-0.740	-2.031	127.738281	37.884708
1595324838782	1595324838779	-7.751	-1.055	0.386	0.534	-0.467	-1.584	127.738281	37.884708
1595324838801	1595324838799	-8.179	-1.352	0.851	0.329	-0.160	-1.091	127.738281	37.884708
1595324838821	1595324838819	-8.412	-1.918	1.550	0.209	0.123	-0.612	127.738281	37.884708
1595324838841	1595324838839	-8.673	-2.282	2.171	0.209	0.413	-0.179	127.738281	37.884708
1595324838860	1595324838859	-9.360	-2.248	2.348	0.251	0.722	0.218	127.738281	37.884708
1595324838880	1595324838878	-10.860	-2.023	1.986	0.287	1.071	0.604	127.738281	37.884708
1595324838899	1595324838898	-12.853	-1.726	1.536	0.229	1.444	1.042	127.738281	37.884708
1595324838922	1595324838921	-13.263	-1.606	1.850	0.029	1.640	1.545	127.738281	37.884708
1595324838939	1595324838936	-11.983	-2.260	2.604	-0.168	1.702	2.069	127.738281	37.884708
1595324838957	1595324838955	-11.157	-2.926	3.385	-0.119	1.815	2.557	127.738281	37.884708
1595324838977	1595324838975	-10.819	-3.063	3.879	0.027	1.794	2.892	127.738281	37.884708
1595324838997	1595324838995	-10.728	-2.833	3.656	0.023	1.663	3.052	127.738281	37.884708
1595324839021	1595324839021	-10.862	-2.057	2.990	-0.080	1.554	3.133	127.738281	37.884708
1595324839038	1595324839036	-10.937	-1.237	2.386	-0.331	1.462	3.168	127.738281	37.884708
1595324839060	1595324839057	-11.114	-1.129	2.089	-0.745	1.396	3.183	127.738281	37.884708
1595324839075	1595324839076	-11.461	-1.501	2.271	-1.113	1.355	3.183	127.738281	37.884708
1595324839101	1595324839098	-11.459	-2.157	2.952	-1.332	1.280	3.161	127.738281	37.884708
1595324839115	1595324839115	-10.992	-2.792	3.589	-1.525	1.161	3.154	127.738281	37.884708
1595324839136	1595324839136	-10.594	-3.487	3.541	-1.693	1.032	3.218	127.738281	37.884708
1595324839154	1595324839153	-10.311	-3.973	3.364	-1.644	0.877	3.221	127.738281	37.884708
1595324839174	1595324839172	-10.120	-3.685	3.464	-1.518	0.787	3.114	127.738281	37.884708
1595324839194	1595324839192	-9.964	-3.554	3.606	-1.345	0.717	2.939	127.738281	37.884708
1595324839214	1595324839212	-9.952	-3.762	3.407	-1.205	0.667	2.748	127.738281	37.884708
1595324839234	1595324839231	-10.393	-3.987	3.244	-0.971	0.679	2.564	127.738281	37.884708
1595324839253	1595324839253	-10.846	-3.966	3.460	-0.692	0.687	2.356	127.738281	37.884708
1595324839273	1595324839273	-10.965	-4.040	3.817	-0.517	0.657	2.150	127.738281	37.884708
1595324839293	1595324839290	-10.659	-4.181	4.106	-0.456	0.588	1.926	127.738281	37.884708
1595324839317	1595324839315	-10.194	-4.292	4.332	-0.403	0.523	1.677	127.738289	37.884720
1595324839336	1595324839335	-9.851	-4.435	4.545	-0.300	0.475	1.406	127.738289	37.884720
1595324839351	1595324839349	-9.904	-4.677	4.717	-0.129	0.422	1.114	127.738289	37.884720
1595324839371	1595324839369	-10.259	-4.802	4.796	0.083	0.352	0.787	127.738289	37.884720
1595324839392	1595324839389	-10.752	-4.694	4.811	0.275	0.260	0.426	127.738289	37.884720
1595324839411	1595324839409	-11.150	-4.327	4.799	0.365	0.134	0.020	127.738289	37.884720
1595324839432	1595324839430	-11.615	-3.911	5.072	0.306	0.013	-0.444	127.738289	37.884720
1595324839450	1595324839450	-12.575	-3.769	5.699	0.175	-0.110	-0.921	127.738289	37.884720
1595324839470	1595324839470	-12.899	-3.822	6.064	0.047	-0.370	-1.378	127.738289	37.884720
1595324839491	1595324839489	-11.962	-3.963	5.477	-0.037	-0.770	-1.829	127.738289	37.884720
1595324839511	1595324839511	-11.095	-3.999	4.097	0.067	-1.110	-2.320	127.738289	37.884720
1595324839529	1595324839529	-11.607	-3.777	3.105	0.323	-1.281	-2.840	127.738289	37.884720
1595324839551	1595324839549	-13.308	-3.820	2.564	0.779	-1.367	-3.330	127.738289	37.884720
1595324839568	1595324839566	-15.296	-3.705	2.204	1.498	-1.418	-3.718	127.738289	37.884720
1595324839592	1595324839589	-16.552	-2.847	2.025	2.156	-1.522	-3.921	127.738289	37.884720
1595324839607	1595324839605	-16.312	-1.886	2.101	2.274	-1.757	-3.929	127.738289	37.884720
1595324839632	1595324839629	-15.217	-1.518	2.346	1.791	-2.012	-3.833	127.738289	37.884720
1595324839648	1595324839647	-13.989	-1.561	2.509	0.959	-2.173	-3.741	127.738289	37.884720
1595324839666	1595324839666	-12.614	-1.594	2.439	0.022	-2.255	-3.705	127.738289	37.884720
1595324839688	1595324839687	-11.152	-1.597	1.847	-0.905	-2.237	-3.704	127.738289	37.884720
1595324839706	1595324839706	-9.808	-1.606	0.973	-1.695	-2.086	-3.704	127.738289	37.884720
1595324839727	1595324839727	-8.824	-1.843	0.295	-2.168	-1.769	-3.655	127.738289	37.884720
1595324839748	1595324839748	-8.218	-2.368	0.027	-2.195	-1.350	-3.566	127.738289	37.884720
1595324839767	1595324839764	-7.789	-2.900	0.149	-1.742	-0.932	-3.457	127.738289	37.884720
1595324839785	1595324839782	-7.458	-3.245	0.496	-0.938	-0.569	-3.303	127.738289	37.884720
1595324839804	1595324839803	-7.276	-3.355	0.755	0.034	-0.302	-3.058	127.738289	37.884720
1595324839825	1595324839822	-7.293	-3.008	0.748	0.919	-0.121	-2.698	127.738289	37.884720
1595324839845	1595324839843	-7.140	-2.255	0.839	1.462	-0.036	-2.267	127.738289	37.884720
1595324839865	1595324839865	-6.677	-1.441	0.920	1.565	-0.033	-1.821	127.738289	37.884720
1595324839885	1595324839885	-6.459	-1.029	1.050	1.294	0.056	-1.330	127.738289	37.884720
1595324839904	1595324839904	-6.886	-1.084	1.299	0.843	0.266	-0.794	127.738289	37.884720
1595324839924	1595324839924	-7.492	-1.403	1.687	0.424	0.509	-0.239	127.738289	37.884720
1595324839946	1595324839944	-7.993	-1.709	2.152	0.150	0.734	0.307	127.738289	37.884720
1595324839968	1595324839966	-8.601	-1.870	2.446	-0.027	0.970	0.852	127.738289	37.884720
1595324839983	1595324839981	-9.981	-2.073	2.173	-0.157	1.255	1.466	127.738289	37.884720
1595324840008	1595324840004	-12.297	-2.227	1.888	-0.257	1.583	2.166	127.738289	37.884720
1595324840023	1595324840020	-13.660	-2.207	2.166	-0.386	1.755	2.863	127.738289	37.884720
1595324840045	1595324840044	-13.006	-2.596	2.612	-0.564	1.752	3.527	127.738289	37.884720
1595324840063	1595324840061	-12.877	-3.616	3.603	-0.532	1.883	4.182	127.738289	37.884720
1595324840084	1595324840083	-13.303	-4.502	4.813	-0.076	1.911	4.588	127.738289	37.884720
1595324840102	1595324840100	-13.181	-4.433	5.108	0.515	1.708	4.660	127.738289	37.884720
1595324840124	1595324840120	-13.174	-3.415	4.372	0.879	1.532	4.549	127.738289	37.884720
1595324840143	1595324840137	-13.215	-2.071	3.165	0.842	1.388	4.335	127.738289	37.884720
1595324840161	1595324840157	-12.954	-1.038	2.331	0.411	1.223	4.036	127.738289	37.884720
1595324840180	1595324840177	-12.884	-0.373	2.374	-0.294	1.100	3.731	127.738289	37.884720
1595324840200	1595324840196	-13.069	-0.440	2.978	-1.192	0.964	3.468	127.738289	37.884720
1595324840219	1595324840216	-12.616	-1.577	3.069	-2.104	0.697	3.226	127.738289	37.884720
1595324840239	1595324840237	-11.828	-2.775	2.691	-2.734	0.432	3.045	127.738289	37.884720
1595324840257	1595324840257	-11.121	-3.518	2.367	-3.167	0.199	2.894	127.738289	37.884720
1595324840277	1595324840277	-10.482	-4.018	2.080	-3.534	-0.026	2.682	127.738289	37.884720
1595324840297	1595324840294	-9.962	-4.565	1.713	-3.597	-0.183	2.439	127.738289	37.884720
1595324840326	1595324840315	-9.645	-5.156	1.606	-3.161	-0.213	2.199	127.738289	37.884739
1595324840337	1595324840334	-9.461	-5.422	1.754	-2.341	-0.132	1.934	127.738289	37.884739
1595324840355	1595324840354	-9.324	-5.401	2.053	-1.386	0.034	1.680	127.738289	37.884739
1595324840375	1595324840374	-9.214	-5.314	2.569	-0.508	0.200	1.451	127.738289	37.884739
1595324840396	1595324840393	-9.480	-5.243	3.218	0.237	0.345	1.254	127.738289	37.884739
1595324840416	1595324840413	-9.727	-5.209	3.802	0.873	0.433	1.116	127.738289	37.884739
1595324840435	1595324840433	-9.267	-4.914	4.087	1.315	0.401	0.974	127.738289	37.884739
1595324840454	1595324840452	-8.742	-4.378	4.164	1.486	0.376	0.811	127.738289	37.884739
1595324840474	1595324840474	-8.802	-3.913	4.312	1.404	0.371	0.621	127.738289	37.884739
1595324840495	1595324840493	-9.195	-3.618	4.396	1.180	0.313	0.392	127.738289	37.884739
1595324840519	1595324840516	-9.974	-3.420	4.466	0.919	0.238	0.132	127.738289	37.884739
1595324840534	1595324840532	-11.231	-3.465	4.691	0.626	0.158	-0.179	127.738289	37.884739
1595324840558	1595324840556	-12.544	-3.798	5.031	0.316	0.025	-0.558	127.738289	37.884739
1595324840574	1595324840570	-14.149	-4.327	5.450	0.115	-0.107	-0.994	127.738289	37.884739
1595324840595	1595324840593	-15.153	-4.629	5.855	0.067	-0.274	-1.460	127.738289	37.884739
1595324840613	1595324840610	-13.327	-4.282	5.510	0.041	-0.635	-1.918	127.738289	37.884739
1595324840634	1595324840630	-11.332	-4.002	4.411	0.036	-0.894	-2.427	127.738289	37.884739
1595324840651	1595324840649	-11.356	-3.927	3.431	0.229	-0.946	-2.991	127.738289	37.884739
1595324840672	1595324840672	-12.640	-3.822	2.763	0.657	-0.973	-3.535	127.738289	37.884739
1595324840692	1595324840690	-14.504	-3.772	2.197	1.218	-1.007	-3.987	127.738289	37.884739
1595324840711	1595324840710	-15.946	-3.453	1.735	1.796	-1.086	-4.279	127.738289	37.884739
1595324840730	1595324840730	-16.362	-2.883	1.622	2.225	-1.208	-4.401	127.738289	37.884739
1595324840750	1595324840749	-15.879	-2.358	1.869	2.310	-1.373	-4.412	127.738289	37.884739
1595324840773	1595324840773	-14.923	-1.949	2.109	2.035	-1.525	-4.358	127.738289	37.884739
1595324840791	1595324840789	-13.670	-1.704	2.166	1.507	-1.652	-4.268	127.738289	37.884739
1595324840809	1595324840807	-12.031	-1.575	1.718	0.791	-1.752	-4.195	127.738289	37.884739
1595324840828	1595324840826	-10.510	-1.563	1.095	0.069	-1.704	-4.092	127.738289	37.884739
1595324840849	1595324840846	-9.346	-1.673	0.580	-0.519	-1.525	-3.950	127.738289	37.884739
1595324840867	1595324840867	-8.357	-1.927	0.341	-0.811	-1.266	-3.800	127.738289	37.884739
1595324840888	1595324840887	-7.681	-2.354	0.310	-0.687	-0.955	-3.604	127.738289	37.884739
1595324840908	1595324840907	-7.279	-2.660	0.381	-0.237	-0.667	-3.370	127.738289	37.884739
1595324840927	1595324840927	-7.226	-2.744	0.439	0.356	-0.429	-3.067	127.738289	37.884739
1595324840947	1595324840946	-7.442	-2.536	0.530	0.876	-0.251	-2.680	127.738289	37.884739
1595324840971	1595324840967	-7.159	-1.896	0.599	1.143	-0.220	-2.272	127.738289	37.884739
1595324840990	1595324840990	-6.546	-1.062	0.573	1.087	-0.194	-1.834	127.738289	37.884739
1595324841008	1595324841003	-6.170	-0.538	0.674	0.763	-0.025	-1.296	127.738289	37.884739
1595324841025	1595324841023	-6.174	-0.758	1.009	0.357	0.248	-0.692	127.738289	37.884739
1595324841045	1595324841044	-6.958	-1.534	1.594	0.102	0.626	-0.065	127.738289	37.884739
1595324841064	1595324841062	-8.426	-2.344	2.398	0.116	1.029	0.581	127.738289	37.884739
1595324841085	1595324841084	-9.854	-2.737	2.863	0.326	1.307	1.196	127.738289	37.884739
1595324841104	1595324841104	-11.284	-2.653	2.602	0.549	1.519	1.799	127.738289	37.884739
1595324841126	1595324841126	-12.946	-2.227	2.293	0.612	1.768	2.418	127.738289	37.884739
1595324841146	1595324841144	-13.701	-1.834	2.578	0.411	1.946	3.013	127.738289	37.884739
1595324841164	1595324841164	-12.908	-2.195	3.541	0.085	1.974	3.510	127.738289	37.884739
1595324841187	1595324841187	-12.345	-2.883	4.703	-0.097	1.972	3.872	127.738289	37.884739
1595324841205	1595324841202	-12.240	-3.048	5.146	-0.133	1.854	4.016	127.738289	37.884739
1595324841223	1595324841223	-12.271	-2.622	4.504	-0.233	1.669	3.995	127.738289	37.884739
1595324841244	1595324841241	-12.467	-2.172	3.797	-0.318	1.557	3.874	127.738289	37.884739
1595324841262	1595324841262	-12.446	-1.817	3.340	-0.364	1.454	3.623	127.738289	37.884739
1595324841284	1595324841282	-12.441	-1.419	3.318	-0.457	1.401	3.319	127.738289	37.884739
1595324841302	1595324841300	-12.259	-1.019	3.833	-0.730	1.321	3.010	127.738289	37.884739
1595324841325	1595324841325	-11.672	-1.285	4.173	-1.213	1.111	2.783	127.738289	37.884762
1595324841347	1595324841346	-10.886	-2.028	3.929	-1.734	0.850	2.672	127.738289	37.884762
1595324841363	1595324841360	-10.357	-2.514	3.325	-2.232	0.614	2.633	127.738289	37.884762
1595324841381	1595324841379	-10.235	-2.761	2.777	-2.715	0.436	2.561	127.738289	37.884762
1595324841401	1595324841399	-10.048	-3.151	2.334	-3.018	0.283	2.437	127.738289	37.884762
1595324841421	1595324841418	-9.614	-3.650	2.037	-2.986	0.181	2.337	127.738289	37.884762
1595324841440	1595324841437	-9.360	-4.064	1.888	-2.722	0.161	2.290	127.738289	37.884762
1595324841461	1595324841457	-9.557	-4.414	2.065	-2.375	0.210	2.270	127.738289	37.884762
1595324841479	1595324841478	-9.950	-4.847	2.518	-1.967	0.258	2.263	127.738289	37.884762
1595324841504	1595324841498	-10.031	-5.231	2.985	-1.483	0.268	2.268	127.738289	37.884762
1595324841518	1595324841518	-9.684	-5.415	3.239	-0.947	0.298	2.268	127.738289	37.884762
1595324841539	1595324841537	-9.233	-5.482	3.505	-0.381	0.375	2.220	127.738289	37.884762
1595324841557	1595324841555	-8.819	-5.578	3.778	0.192	0.462	2.082	127.738289	37.884762
1595324841581	1595324841581	-9.039	-5.755	4.130	0.744	0.589	1.847	127.738289	37.884762
1595324841597	1595324841595	-10.053	-5.717	4.463	1.251	0.694	1.491	127.738289	37.884762
1595324841616	1595324841614	-11.274	-5.425	4.753	1.564	0.689	1.021	127.738289	37.884762
1595324841637	1595324841634	-12.568	-5.010	5.067	1.549	0.581	0.435	127.738289	37.884762
1595324841656	1595324841654	-14.348	-4.510	5.553	1.247	0.406	-0.273	127.738289	37.884762
1595324841675	1595324841675	-15.081	-3.458	6.078	0.773	0.073	-1.057	127.738289	37.884762
1595324841695	1595324841695	-13.318	-2.464	5.623	0.152	-0.449	-1.842	127.738289	37.884762
1595324841715	1595324841715	-11.696	-2.397	4.535	-0.357	-0.797	-2.653	127.738289	37.884762
1595324841735	1595324841735	-11.641	-2.866	3.539	-0.480	-0.938	-3.424	127.738289	37.884762
1595324841754	1595324841754	-12.872	-3.324	2.858	-0.243	-0.995	-4.080	127.738289	37.884762
1595324841774	1595324841774	-14.647	-3.798	2.283	0.321	-1.020	-4.566	127.738289	37.884762
1595324841794	1595324841793	-16.044	-3.894	1.835	1.076	-1.049	-4.862	127.738289	37.884762
1595324841820	1595324841811	-16.509	-3.697	1.840	1.740	-1.128	-4.951	127.738289	37.884762
1595324841835	1595324841832	-15.967	-3.350	2.362	2.165	-1.266	-4.842	127.738289	37.884762
1595324841853	1595324841851	-14.870	-2.689	3.028	2.280	-1.415	-4.638	127.738289	37.884762
1595324841873	1595324841870	-13.706	-2.162	3.177	1.987	-1.580	-4.393	127.738289	37.884762
1595324841893	1595324841890	-12.458	-2.009	2.609	1.303	-1.728	-4.144	127.738289	37.884762
1595324841912	1595324841912	-11.133	-1.968	1.522	0.480	-1.745	-3.915	127.738289	37.884762
1595324841932	1595324841932	-10.058	-1.882	0.726	-0.187	-1.603	-3.701	127.738289	37.884762
1595324841951	1595324841951	-9.193	-1.896	0.453	-0.564	-1.402	-3.510	127.738289	37.884762
1595324841971	1595324841971	-8.361	-2.057	0.312	-0.627	-1.205	-3.354	127.738289	37.884762
1595324841993	1595324841991	-7.854	-2.349	0.041	-0.371	-0.969	-3.197	127.738289	37.884762
1595324842019	1595324842010	-7.727	-2.576	-0.079	0.139	-0.705	-2.986	127.738289	37.884762
1595324842031	1595324842031	-7.566	-2.284	0.101	0.729	-0.548	-2.735	127.738289	37.884762
1595324842051	1595324842048	-7.118	-1.316	0.099	1.162	-0.506	-2.410	127.738289	37.884762
1595324842069	1595324842067	-6.843	-0.404	0.084	1.268	-0.389	-1.934	127.738289	37.884762
1595324842090	1595324842087	-7.022	-0.099	0.317	1.015	-0.173	-1.347	127.738289	37.884762
1595324842109	1595324842107	-7.605	-0.777	0.889	0.606	0.111	-0.717	127.738289	37.884762
1595324842129	1595324842128	-8.373	-1.839	1.711	0.355	0.423	-0.087	127.738289	37.884762
1595324842149	1595324842148	-9.178	-2.452	2.427	0.367	0.701	0.522	127.738289	37.884762
1595324842168	1595324842168	-10.081	-2.390	2.736	0.465	0.924	1.076	127.738289	37.884762
1595324842188	1595324842187	-11.397	-2.059	2.628	0.486	1.135	1.549	127.738289	37.884762
1595324842210	1595324842210	-12.839	-1.443	1.869	0.275	1.348	1.990	127.738289	37.884762
1595324842227	1595324842225	-13.016	-1.014	1.347	-0.245	1.493	2.441	127.738289	37.884762
1595324842247	1595324842245	-12.702	-1.582	1.701	-0.840	1.604	2.911	127.738289	37.884762
1595324842266	1595324842264	-13.129	-2.734	2.621	-1.064	1.710	3.369	127.738289	37.884762
1595324842293	1595324842284	-12.705	-3.247	3.158	-0.925	1.576	3.627	127.738289	37.884762
1595324842304	1595324842303	-11.888	-3.046	2.806	-0.824	1.383	3.748	127.738289	37.884762
1595324842326	1595324842326	-11.770	-2.794	2.240	-0.835	1.289	3.843	127.738297	37.884773
1595324842346	1595324842346	-12.118	-2.361	1.778	-0.909	1.212	3.865	127.738297	37.884773
1595324842366	1595324842363	-12.733	-1.989	1.649	-1.045	1.182	3.849	127.738297	37.884773
1595324842384	1595324842382	-13.100	-2.174	2.137	-1.204	1.156	3.817	127.738297	37.884773
1595324842404	1595324842402	-12.822	-2.684	2.686	-1.411	1.043	3.796	127.738297	37.884773
1595324842424	1595324842422	-12.314	-3.384	2.746	-1.667	0.908	3.811	127.738297	37.884773
1595324842444	1595324842442	-11.833	-3.685	2.561	-1.923	0.753	3.806	127.738297	37.884773
1595324842468	1595324842464	-11.464	-3.465	2.279	-2.164	0.607	3.729	127.738297	37.884773
1595324842485	1595324842481	-11.437	-3.503	2.087	-2.373	0.527	3.587	127.738297	37.884773
1595324842504	1595324842504	-11.540	-4.016	1.869	-2.458	0.462	3.382	127.738297	37.884773
1595324842523	1595324842522	-11.433	-4.538	1.744	-2.273	0.422	3.136	127.738297	37.884773
1595324842544	1595324842542	-11.346	-4.907	1.862	-1.824	0.462	2.880	127.738297	37.884773
1595324842562	1595324842562	-11.159	-5.168	2.226	-1.275	0.524	2.611	127.738297	37.884773
1595324842583	1595324842583	-10.740	-5.386	2.736	-0.752	0.571	2.315	127.738297	37.884773
1595324842606	1595324842606	-10.295	-5.360	3.390	-0.303	0.632	1.994	127.738297	37.884773
1595324842623	1595324842622	-9.835	-5.211	3.987	0.047	0.662	1.661	127.738297	37.884773
1595324842643	1595324842641	-9.360	-5.108	4.317	0.308	0.640	1.322	127.738297	37.884773
1595324842662	1595324842660	-9.061	-4.934	4.336	0.510	0.591	0.970	127.738297	37.884773
1595324842681	1595324842679	-9.152	-4.689	4.178	0.639	0.526	0.598	127.738297	37.884773
1595324842701	1595324842697	-10.151	-4.450	4.085	0.639	0.479	0.189	127.738297	37.884773
1595324842720	1595324842717	-11.995	-4.325	4.320	0.501	0.418	-0.275	127.738297	37.884773
1595324842740	1595324842738	-14.123	-4.459	5.062	0.330	0.287	-0.801	127.738297	37.884773
1595324842760	1595324842758	-15.409	-4.581	6.111	0.209	0.025	-1.375	127.738297	37.884773
1595324842780	1595324842778	-14.077	-4.081	6.152	0.026	-0.410	-1.961	127.738297	37.884773
1595324842799	1595324842799	-11.595	-3.666	5.206	-0.154	-0.797	-2.611	127.738297	37.884773
1595324842818	1595324842818	-10.587	-3.700	3.953	-0.114	-0.953	-3.314	127.738297	37.884773
1595324842843	1595324842836	-11.411	-3.911	2.940	0.284	-0.962	-3.950	127.738297	37.884773
1595324842861	1595324842856	-13.588	-4.210	2.219	1.072	-0.916	-4.386	127.738297	37.884773
1595324842876	1595324842874	-16.034	-4.143	1.709	2.054	-0.944	-4.605	127.738297	37.884773
1595324842896	1595324842894	-17.781	-3.475	1.567	2.850	-1.112	-4.623	127.738297	37.884773
1595324842916	1595324842914	-17.742	-2.509	1.883	3.157	-1.427	-4.450	127.738297	37.884773
1595324842937	1595324842935	-15.982	-1.719	2.523	2.864	-1.817	-4.163	127.738297	37.884773
1595324842955	1595324842955	-14.084	-1.407	2.719	2.043	-2.133	-3.928	127.738297	37.884773
1595324842974	1595324842973	-12.855	-1.539	2.317	0.993	-2.259	-3.742	127.738297	37.884773
1595324842996	1595324842995	-11.672	-1.606	1.400	-0.025	-2.283	-3.595	127.738297	37.884773
1595324843021	1595324843016	-10.486	-1.522	0.484	-0.843	-2.171	-3.464	127.738297	37.884773
1595324843038	1595324843036	-9.875	-1.791	0.096	-1.358	-1.892	-3.312	127.738297	37.884773
1595324843056	1595324843055	-9.492	-2.342	-0.162	-1.511	-1.607	-3.165	127.738297	37.884773
1595324843074	1595324843071	-8.970	-2.828	-0.263	-1.227	-1.336	-3.050	127.738297	37.884773
1595324843096	1595324843092	-8.520	-2.993	-0.203	-0.615	-1.057	-2.943	127.738297	37.884773
1595324843113	1595324843111	-8.148	-2.703	-0.055	0.061	-0.809	-2.808	127.738297	37.884773
1595324843134	1595324843132	-7.787	-2.155	0.080	0.575	-0.605	-2.596	127.738297	37.884773
1595324843152	1595324843152	-7.382	-1.520	0.228	0.823	-0.435	-2.279	127.738297	37.884773
1595324843174	1595324843173	-7.164	-1.168	0.331	0.811	-0.233	-1.860	127.738297	37.884773
1595324843193	1595324843191	-7.291	-1.297	0.609	0.647	0.052	-1.352	127.738297	37.884773
1595324843211	1595324843211	-7.322	-1.858	1.198	0.524	0.343	-0.812	127.738297	37.884773
1595324843235	1595324843234	-7.145	-2.339	1.718	0.581	0.602	-0.318	127.738297	37.884773
1595324843255	1595324843249	-7.439	-2.296	2.032	0.772	0.926	0.168	127.738297	37.884773
1595324843271	1595324843269	-8.333	-2.102	2.109	0.941	1.278	0.698	127.738297	37.884773
1595324843294	1595324843293	-10.376	-2.270	1.924	1.032	1.685	1.333	127.738297	37.884773
1595324843313	1595324843310	-13.454	-2.406	2.015	1.034	2.088	2.076	127.738304	37.884785
1595324843329	1595324843327	-14.793	-2.277	2.576	0.839	2.149	2.767	127.738304	37.884785
1595324843349	1595324843347	-12.970	-2.382	3.448	0.356	1.966	3.262	127.738304	37.884785
1595324843369	1595324843367	-11.658	-2.816	4.332	-0.100	1.876	3.646	127.738304	37.884785
1595324843391	1595324843388	-11.483	-2.643	4.526	-0.326	1.782	3.829	127.738304	37.884785
1595324843409	1595324843407	-11.811	-1.654	4.164	-0.538	1.637	3.822	127.738304	37.884785
1595324843431	1595324843431	-12.259	-1.019	3.929	-0.862	1.493	3.714	127.738304	37.884785
1595324843448	1595324843446	-12.163	-1.237	3.651	-1.258	1.315	3.500	127.738304	37.884785
1595324843470	1595324843468	-12.103	-1.877	3.567	-1.537	1.214	3.269	127.738304	37.884785
1595324843487	1595324843485	-12.098	-2.380	3.749	-1.584	1.131	3.044	127.738304	37.884785
1595324843510	1595324843509	-11.639	-2.514	3.946	-1.635	0.971	2.873	127.738304	37.884785
1595324843526	1595324843525	-10.949	-2.871	3.670	-1.785	0.748	2.862	127.738304	37.884785
1595324843551	1595324843545	-10.541	-3.393	3.115	-1.900	0.550	2.925	127.738304	37.884785
1595324843566	1595324843565	-10.196	-3.484	2.669	-1.988	0.401	2.883	127.738304	37.884785
1595324843589	1595324843587	-9.863	-3.479	2.291	-1.992	0.295	2.793	127.738304	37.884785
1595324843605	1595324843605	-9.914	-3.750	1.962	-1.819	0.271	2.746	127.738304	37.884785
1595324843633	1595324843633	-10.254	-4.074	1.931	-1.551	0.296	2.717	127.738304	37.884785
1595324843645	1595324843644	-10.517	-4.301	2.130	-1.300	0.308	2.686	127.738304	37.884785
1595324843665	1595324843663	-10.558	-4.450	2.456	-1.123	0.295	2.632	127.738304	37.884785
1595324843686	1595324843686	-10.551	-4.505	2.703	-1.004	0.298	2.537	127.738304	37.884785
1595324843704	1595324843702	-10.517	-4.419	2.913	-0.924	0.343	2.392	127.738304	37.884785
1595324843725	1595324843723	-10.436	-4.510	3.151	-0.874	0.402	2.201	127.738304	37.884785
1595324843745	1595324843742	-10.304	-4.943	3.510	-0.787	0.439	1.959	127.738304	37.884785
1595324843765	1595324843764	-10.275	-5.499	3.829	-0.536	0.462	1.654	127.738304	37.884785
1595324843785	1595324843784	-10.587	-5.885	4.056	-0.135	0.508	1.263	127.738304	37.884785
1595324843804	1595324843804	-11.037	-5.942	4.391	0.304	0.541	0.771	127.738304	37.884785
1595324843824	1595324843824	-11.504	-5.700	4.772	0.679	0.520	0.203	127.738304	37.884785
1595324843846	1595324843844	-12.975	-5.573	5.460	0.995	0.487	-0.414	127.738304	37.884785
1595324843864	1595324843861	-14.132	-4.876	6.135	1.149	0.265	-1.053	127.738304	37.884785
1595324843883	1595324843881	-12.949	-3.674	5.525	0.909	-0.265	-1.660	127.738304	37.884785
1595324843902	1595324843900	-11.224	-3.144	4.150	0.447	-0.735	-2.312	127.738304	37.884785
1595324843921	1595324843920	-10.999	-3.290	3.163	0.206	-0.960	-2.988	127.738304	37.884785
1595324843942	1595324843939	-12.463	-3.647	2.667	0.404	-1.032	-3.619	127.738304	37.884785
1595324843963	1595324843961	-14.666	-3.836	2.487	0.968	-1.065	-4.133	127.738304	37.884785
1595324843981	1595324843979	-16.267	-3.513	2.324	1.536	-1.188	-4.465	127.738304	37.884785
1595324844000	1595324843999	-16.487	-3.024	2.128	1.827	-1.403	-4.578	127.738304	37.884785
1595324844021	1595324844022	-15.895	-2.727	2.082	1.821	-1.592	-4.576	127.738304	37.884785
1595324844043	1595324844043	-14.985	-2.413	2.183	1.574	-1.692	-4.537	127.738304	37.884785
1595324844064	1595324844063	-13.708	-2.076	2.192	1.167	-1.762	-4.478	127.738304	37.884785
1595324844079	1595324844077	-12.319	-1.920	1.800	0.656	-1.790	-4.393	127.738304	37.884785
1595324844103	1595324844098	-11.097	-1.994	1.081	0.102	-1.724	-4.256	127.738304	37.884785
1595324844117	1595324844115	-10.144	-2.119	0.453	-0.354	-1.549	-4.076	127.738304	37.884785
1595324844144	1595324844142	-9.442	-2.315	0.147	-0.550	-1.301	-3.851	127.738304	37.884785
1595324844156	1595324844156	-8.884	-2.560	-0.002	-0.434	-1.054	-3.589	127.738304	37.884785
1595324844177	1595324844177	-8.400	-2.806	-0.071	-0.060	-0.839	-3.312	127.738304	37.884785
1595324844196	1595324844196	-8.122	-2.948	-0.134	0.466	-0.639	-3.001	127.738304	37.884785
1595324844215	1595324844214	-8.100	-2.761	-0.093	0.988	-0.467	-2.656	127.738304	37.884785
1595324844236	1595324844235	-8.124	-2.212	-0.028	1.291	-0.374	-2.278	127.738304	37.884785
1595324844258	1595324844254	-8.199	-1.680	0.137	1.274	-0.293	-1.830	127.738304	37.884785
1595324844277	1595324844274	-8.357	-1.568	0.451	1.014	-0.169	-1.332	127.738304	37.884785
1595324844295	1595324844293	-8.405	-1.927	0.851	0.676	0.027	-0.840	127.738304	37.884785
1595324844314	1595324844314	-8.364	-2.356	1.332	0.433	0.287	-0.406	127.738304	37.884785
1595324844334	1595324844331	-8.438	-2.440	1.778	0.304	0.596	-0.053	127.738312	37.884792
1595324844353	1595324844351	-9.047	-2.433	2.202	0.319	0.960	0.259	127.738312	37.884792
1595324844372	1595324844371	-10.441	-2.550	2.343	0.473	1.305	0.597	127.738312	37.884792
1595324844393	1595324844391	-12.063	-2.330	2.140	0.621	1.574	1.001	127.738312	37.884792
1595324844412	1595324844410	-12.154	-1.530	2.245	0.539	1.695	1.484	127.738312	37.884792
1595324844432	1595324844430	-11.112	-1.733	2.933	0.273	1.765	2.066	127.738312	37.884792
1595324844455	1595324844454	-10.623	-2.711	3.922	0.116	1.882	2.595	127.738312	37.884792
1595324844475	1595324844470	-10.316	-2.960	4.626	0.139	1.855	2.904	127.738312	37.884792
1595324844496	1595324844492	-10.098	-2.164	4.265	0.050	1.701	3.093	127.738312	37.884792
1595324844511	1595324844509	-10.534	-0.856	3.484	-0.226	1.588	3.292	127.738312	37.884792
1595324844532	1595324844529	-11.358	0.025	2.959	-0.630	1.476	3.505	127.738312	37.884792
1595324844551	1595324844549	-12.376	-0.322	2.763	-1.240	1.342	3.674	127.738312	37.884792
1595324844570	1595324844570	-13.184	-1.606	2.782	-1.922	1.166	3.806	127.738312	37.884792
1595324844592	1595324844592	-13.244	-2.619	2.901	-2.449	0.933	3.938	127.738312	37.884792
1595324844610	1595324844610	-12.822	-3.180	3.040	-2.711	0.725	4.114	127.738312	37.884792
1595324844631	1595324844630	-12.307	-3.585	3.055	-2.792	0.534	4.264	127.738312	37.884792
1595324844650	1595324844649	-11.739	-3.705	2.736	-2.849	0.341	4.292	127.738312	37.884792
1595324844669	1595324844669	-11.418	-3.717	2.310	-2.892	0.234	4.203	127.738312	37.884792
1595324844689	1595324844687	-11.610	-4.126	2.044	-2.824	0.213	4.035	127.738312	37.884792
1595324844708	1595324844706	-11.821	-4.823	1.924	-2.535	0.185	3.781	127.738312	37.884792
1595324844728	1595324844726	-11.710	-5.372	1.891	-1.974	0.175	3.456	127.738312	37.884792
1595324844748	1595324844746	-11.399	-5.576	2.109	-1.250	0.245	3.074	127.738312	37.884792
1595324844767	1595324844767	-10.860	-5.549	2.482	-0.549	0.342	2.662	127.738312	37.884792
1595324844788	1595324844787	-10.546	-5.439	2.904	-0.013	0.469	2.236	127.738312	37.884792
1595324844807	1595324844807	-10.199	-5.262	3.280	0.361	0.564	1.791	127.738312	37.884792
1595324844826	1595324844826	-9.631	-5.075	3.596	0.642	0.601	1.366	127.738312	37.884792
1595324844846	1595324844846	-9.253	-4.938	3.872	0.848	0.637	0.962	127.738312	37.884792
1595324844866	1595324844866	-9.404	-4.854	4.166	0.962	0.662	0.569	127.738312	37.884792
1595324844886	1595324844883	-10.225	-4.778	4.581	0.962	0.653	0.166	127.738312	37.884792
1595324844904	1595324844904	-11.502	-4.840	5.108	0.863	0.571	-0.260	127.738312	37.884792
1595324844925	1595324844923	-13.287	-5.338	5.881	0.793	0.418	-0.719	127.738312	37.884792
1595324844945	1595324844943	-14.595	-5.631	6.377	0.888	0.133	-1.197	127.738312	37.884792
1595324844969	1595324844966	-13.632	-4.742	5.939	0.960	-0.319	-1.706	127.738312	37.884792
1595324844987	1595324844982	-11.904	-3.714	4.923	0.820	-0.747	-2.299	127.738312	37.884792
1595324845006	1595324845005	-11.586	-3.405	4.061	0.644	-1.013	-2.945	127.738312	37.884792
1595324845024	1595324845024	-12.829	-3.547	3.335	0.752	-1.180	-3.585	127.738312	37.884792
1595324845045	1595324845044	-14.971	-3.712	2.693	1.197	-1.288	-4.132	127.738312	37.884792
1595324845067	1595324845067	-17.024	-3.470	2.080	1.713	-1.402	-4.526	127.738312	37.884792
1595324845085	1595324845085	-17.920	-2.833	1.675	2.043	-1.583	-4.696	127.738312	37.884792
1595324845103	1595324845102	-17.119	-2.296	1.812	2.074	-1.814	-4.681	127.738312	37.884792
1595324845124	1595324845123	-15.579	-2.052	2.082	1.798	-1.995	-4.609	127.738312	37.884792
1595324845144	1595324845141	-14.163	-1.839	2.188	1.305	-2.101	-4.522	127.738312	37.884792
1595324845162	1595324845160	-12.987	-1.867	1.924	0.729	-2.136	-4.407	127.738312	37.884792
1595324845184	1595324845182	-11.931	-1.913	1.301	0.044	-2.096	-4.261	127.738312	37.884792
1595324845202	1595324845202	-10.898	-1.963	0.616	-0.624	-1.972	-4.080	127.738312	37.884792
1595324845222	1595324845222	-10.002	-2.169	0.096	-1.031	-1.739	-3.883	127.738312	37.884792
1595324845241	1595324845241	-9.451	-2.493	-0.126	-1.043	-1.429	-3.682	127.738312	37.884792
1595324845261	1595324845261	-9.193	-2.763	-0.237	-0.683	-1.115	-3.491	127.738312	37.884792
1595324845281	1595324845281	-8.989	-2.907	-0.217	-0.076	-0.857	-3.276	127.738312	37.884792
1595324845307	1595324845301	-8.788	-2.696	-0.124	0.550	-0.668	-3.026	127.738312	37.884792
1595324845322	1595324845322	-8.479	-2.042	0.080	0.998	-0.528	-2.692	127.738319	37.884800
1595324845340	1595324845336	-7.904	-1.280	0.240	1.170	-0.447	-2.270	127.738319	37.884800
1595324845358	1595324845356	-7.355	-0.773	0.384	1.100	-0.304	-1.768	127.738319	37.884800
1595324845379	1595324845376	-7.051	-0.693	0.614	0.941	-0.054	-1.180	127.738319	37.884800
1595324845399	1595324845396	-6.800	-1.000	1.016	0.826	0.256	-0.614	127.738319	37.884800
1595324845417	1595324845415	-6.967	-1.173	1.522	0.805	0.651	-0.081	127.738319	37.884800
1595324845437	1595324845435	-7.818	-1.185	2.032	0.831	1.096	0.458	127.738319	37.884800
1595324845456	1595324845456	-8.776	-1.153	2.176	0.832	1.465	0.980	127.738319	37.884800
1595324845479	1595324845479	-10.273	-1.041	1.876	0.738	1.828	1.551	127.738319	37.884800
1595324845498	1595324845498	-11.902	-1.010	1.756	0.476	2.153	2.161	127.738319	37.884800
1595324845522	1595324845516	-12.350	-1.331	2.039	-0.001	2.264	2.736	127.738319	37.884800
1595324845536	1595324845533	-12.091	-1.884	2.614	-0.526	2.275	3.301	127.738319	37.884800
1595324845560	1595324845555	-12.558	-2.528	3.215	-0.835	2.265	3.862	127.738319	37.884800
1595324845575	1595324845573	-13.442	-3.051	3.436	-0.911	2.073	4.297	127.738319	37.884800
1595324845602	1595324845597	-14.003	-3.058	3.266	-0.876	1.766	4.537	127.738319	37.884800
1595324845614	1595324845614	-14.271	-2.392	2.487	-0.895	1.477	4.639	127.738319	37.884800
1595324845636	1595324845636	-14.427	-1.628	1.483	-1.205	1.280	4.644	127.738319	37.884800
1595324845655	1595324845655	-14.544	-1.496	1.220	-1.803	1.156	4.552	127.738319	37.884800
1595324845674	1595324845674	-14.453	-2.112	1.881	-2.396	1.052	4.349	127.738319	37.884800
1595324845693	1595324845693	-13.708	-2.957	2.743	-2.790	0.951	4.084	127.738319	37.884800
1595324845713	1595324845711	-12.510	-3.765	3.244	-2.978	0.813	3.833	127.738319	37.884800
1595324845733	1595324845731	-11.574	-4.351	2.906	-2.996	0.660	3.573	127.738319	37.884800
1595324845752	1595324845750	-11.207	-4.387	2.355	-2.945	0.569	3.297	127.738319	37.884800
1595324845772	1595324845770	-11.248	-4.306	2.020	-2.736	0.527	2.988	127.738319	37.884800
1595324845792	1595324845791	-11.241	-4.531	1.907	-2.321	0.487	2.689	127.738319	37.884800
1595324845811	1595324845811	-11.179	-4.883	1.965	-1.731	0.484	2.416	127.738319	37.884800
1595324845831	1595324845831	-11.212	-5.185	2.315	-1.033	0.532	2.201	127.738319	37.884800
1595324845851	1595324845851	-11.025	-5.401	2.827	-0.376	0.553	2.031	127.738319	37.884800
1595324845872	1595324845870	-10.508	-5.473	3.352	0.150	0.568	1.884	127.738319	37.884800
1595324845892	1595324845889	-9.847	-5.298	3.903	0.525	0.584	1.713	127.738319	37.884800
1595324845910	1595324845908	-9.169	-5.044	4.310	0.811	0.574	1.513	127.738319	37.884800
1595324845930	1595324845928	-8.908	-4.869	4.734	1.003	0.566	1.259	127.738319	37.884800
1595324845948	1595324845947	-9.078	-4.648	4.983	1.022	0.504	0.936	127.738319	37.884800
1595324845970	1595324845968	-9.499	-4.282	4.911	0.846	0.375	0.547	127.738319	37.884800
1595324845989	1595324845988	-10.364	-4.215	4.679	0.588	0.227	0.093	127.738319	37.884800
1595324846008	1595324846008	-11.981	-4.502	4.679	0.420	0.113	-0.441	127.738319	37.884800
1595324846029	1595324846028	-14.053	-4.744	5.165	0.437	-0.018	-1.057	127.738319	37.884800
1595324846048	1595324846047	-14.975	-4.344	5.486	0.445	-0.301	-1.706	127.738319	37.884800
1595324846067	1595324846067	-13.385	-3.618	5.031	0.273	-0.737	-2.370	127.738319	37.884800
1595324846089	1595324846085	-11.610	-3.312	4.212	0.072	-1.034	-3.068	127.738319	37.884800
1595324846108	1595324846108	-11.883	-3.405	3.508	0.133	-1.090	-3.736	127.738319	37.884800
1595324846130	1595324846125	-13.440	-3.465	2.918	0.491	-1.113	-4.275	127.738319	37.884800
