1595324767372	1595324767372	-1.273	2.433	9.187	-0.018	-0.002	-0.009	127.737808	37.884075
1595324767393	1595324767390	-1.261	2.433	9.202	-0.021	0.008	-0.015	127.737808	37.884075
1595324767410	1595324767406	-1.288	2.461	9.240	-0.008	0.011	-0.023	127.737808	37.884075
1595324767428	1595324767426	-1.235	2.519	9.230	0.005	0.004	-0.023	127.737808	37.884075
1595324767449	1595324767446	-1.242	2.490	9.276	-0.006	-0.004	-0.007	127.737808	37.884075
1595324767468	1595324767465	-1.319	2.421	9.274	-0.021	-0.018	0.008	127.737808	37.884075
1595324767486	1595324767486	-1.312	2.294	9.216	-0.009	-0.024	0.017	127.737808	37.884075
1595324767509	1595324767507	-1.290	2.255	9.264	0.053	-0.021	0.014	127.737808	37.884075
1595324767527	1595324767527	-1.285	2.382	9.259	0.061	-0.024	0.013	127.737808	37.884075
1595324767547	1595324767546	-1.273	2.409	9.187	-0.005	-0.033	0.018	127.737808	37.884075
1595324767566	1595324767565	-1.276	2.296	9.190	-0.051	-0.028	0.020	127.737808	37.884075
1595324767591	1595324767588	-1.307	2.231	9.185	-0.022	-0.016	0.016	127.737808	37.884075
1595324767610	1595324767603	-1.295	2.239	9.182	0.033	-0.010	0.008	127.737808	37.884075
1595324767624	1595324767623	-1.316	2.380	9.266	0.038	-0.008	0.002	127.737808	37.884075
1595324767645	1595324767643	-1.316	2.447	9.262	-0.016	-0.022	0.005	127.737808	37.884075
1595324767664	1595324767662	-1.266	2.442	9.185	-0.057	-0.033	0.011	127.737808	37.884075
1595324767684	1595324767683	-1.271	2.366	9.166	-0.030	-0.031	0.018	127.737808	37.884075
1595324767704	1595324767704	-1.237	2.368	9.214	0.026	-0.019	0.015	127.737808	37.884075
1595324767723	1595324767723	-1.237	2.399	9.257	0.041	-0.013	0.015	127.737808	37.884075
1595324767744	1595324767743	-1.237	2.378	9.266	0.009	-0.017	0.020	127.737808	37.884075
1595324767763	1595324767763	-1.249	2.385	9.254	-0.024	-0.016	0.018	127.737808	37.884075
1595324767787	1595324767787	-1.242	2.325	9.166	-0.053	-0.019	0.015	127.737808	37.884075
1595324767803	1595324767801	-1.280	2.275	9.199	-0.011	-0.009	0.008	127.737808	37.884075
1595324767822	1595324767820	-1.223	2.387	9.283	0.040	-0.004	-0.004	127.737808	37.884075
1595324767842	1595324767840	-1.240	2.373	9.305	0.043	-0.008	0.002	127.737808	37.884075
1595324767862	1595324767859	-1.254	2.404	9.300	0.033	-0.017	0.005	127.737808	37.884075
1595324767882	1595324767879	-1.199	2.454	9.283	-0.012	-0.030	0.011	127.737808	37.884075
1595324767901	1595324767901	-1.225	2.308	9.233	-0.049	-0.035	0.015	127.737808	37.884075
1595324767921	1595324767919	-1.237	2.322	9.154	-0.017	-0.030	0.009	127.737808	37.884075
1595324767942	1595324767940	-1.225	2.452	9.185	-0.007	-0.024	0.011	127.737808	37.884075
1595324767960	1595324767960	-1.280	2.366	9.178	-0.043	-0.030	0.024	127.737808	37.884075
1595324767983	1595324767983	-1.285	2.243	9.199	-0.015	-0.026	0.017	127.737808	37.884075
1595324768000	1595324767999	-1.288	2.363	9.197	0.052	-0.018	0.010	127.737808	37.884075
1595324768019	1595324768017	-1.312	2.593	9.185	0.043	-0.028	0.021	127.737808	37.884075
1595324768042	1595324768042	-1.324	2.528	9.123	-0.031	-0.040	0.046	127.737808	37.884075
1595324768059	1595324768056	-1.333	2.445	9.091	-0.056	-0.041	0.050	127.737808	37.884075
1595324768078	1595324768076	-1.247	2.524	9.067	-0.039	-0.036	0.042	127.737808	37.884075
1595324768098	1595324768096	-1.211	2.629	9.048	-0.031	-0.028	0.040	127.737808	37.884075
1595324768117	1595324768117	-1.235	2.790	9.065	-0.058	-0.015	0.048	127.737808	37.884075
1595324768137	1595324768138	-1.216	2.780	9.051	-0.107	-0.001	0.058	127.737808	37.884075
1595324768161	1595324768160	-1.254	2.576	9.067	-0.100	0.018	0.049	127.737808	37.884075
1595324768177	1595324768177	-1.307	2.564	9.190	-0.011	0.041	0.022	127.737808	37.884075
1595324768199	1595324768199	-1.295	2.758	9.283	0.042	0.047	0.002	127.737808	37.884075
1595324768219	1595324768216	-1.271	2.792	9.285	-0.005	0.031	0.008	127.737808	37.884075
1595324768236	1595324768234	-1.228	2.687	9.278	-0.060	0.010	0.020	127.737808	37.884075
1595324768256	1595324768254	-1.194	2.658	9.247	-0.064	-0.001	0.022	127.737808	37.884075
1595324768274	1595324768273	-1.218	2.596	9.192	-0.028	-0.005	0.029	127.737808	37.884075
1595324768295	1595324768293	-1.221	2.617	9.182	0.023	-0.008	0.028	127.737808	37.884075
1595324768327	1595324768327	-1.187	2.658	9.235	-0.001	-0.015	0.030	127.737808	37.884075
1595324768334	1595324768332	-1.189	2.296	9.144	-0.058	-0.033	0.036	127.737808	37.884075
1595324768355	1595324768353	-1.170	2.375	9.118	0.016	-0.028	0.016	127.737808	37.884075
1595324768374	1595324768372	-1.151	2.713	9.099	0.037	-0.025	0.017	127.737808	37.884075
1595324768394	1595324768393	-1.175	2.610	9.051	-0.030	-0.043	0.032	127.737808	37.884075
1595324768414	1595324768414	-1.177	2.548	9.075	-0.062	-0.049	0.032	127.737808	37.884075
1595324768434	1595324768431	-1.151	2.423	9.034	-0.075	-0.056	0.032	127.737808	37.884075
1595324768458	1595324768450	-1.168	2.406	9.044	-0.010	-0.051	0.023	127.737808	37.884075
1595324768472	1595324768470	-1.146	2.732	9.103	0.037	-0.038	0.007	127.737808	37.884075
1595324768492	1595324768489	-1.106	2.782	9.053	-0.041	-0.046	0.013	127.737808	37.884075
1595324768511	1595324768510	-1.125	2.634	9.108	-0.077	-0.035	0.014	127.737808	37.884075
1595324768532	1595324768531	-1.129	2.516	9.194	-0.051	-0.021	-0.003	127.737808	37.884075
1595324768551	1595324768551	-1.096	2.536	9.254	-0.002	-0.006	-0.027	127.737808	37.884075
1595324768570	1595324768570	-1.117	2.701	9.285	0.004	0.006	-0.024	127.737808	37.884075
1595324768591	1595324768590	-1.132	2.619	9.300	-0.049	0.002	-0.004	127.737808	37.884075
1595324768611	1595324768611	-1.177	2.342	9.300	-0.095	-0.004	0.014	127.737808	37.884075
1595324768633	1595324768628	-1.146	2.116	9.331	-0.082	-0.013	0.018	127.737808	37.884075
1595324768650	1595324768647	-1.165	2.064	9.388	-0.027	-0.009	0.006	127.737808	37.884075
1595324768668	1595324768667	-1.149	2.191	9.338	-0.012	-0.015	-0.015	127.737808	37.884075
1595324768689	1595324768687	-1.053	2.277	9.250	-0.065	-0.024	-0.024	127.737808	37.884075
1595324768709	1595324768708	-1.029	2.076	9.247	-0.115	-0.021	-0.012	127.737808	37.884075
1595324768728	1595324768728	-1.089	1.855	9.250	-0.067	-0.004	-0.004	127.737808	37.884075
1595324768748	1595324768747	-1.137	2.023	9.329	0.006	0.013	-0.013	127.737808	37.884075
1595324768767	1595324768766	-1.089	2.121	9.405	-0.048	0.012	-0.020	127.737808	37.884075
1595324768787	1595324768787	-1.096	1.865	9.381	-0.121	0.006	-0.019	127.737808	37.884075
1595324768810	1595324768809	-1.117	1.884	9.369	-0.093	0.011	-0.024	127.737808	37.884075
1595324768827	1595324768825	-1.094	1.934	9.396	-0.072	0.013	-0.035	127.737808	37.884075
1595324768847	1595324768844	-1.141	1.946	9.424	-0.065	0.020	-0.048	127.737808	37.884075
1595324768866	1595324768864	-1.168	1.997	9.444	-0.074	0.027	-0.058	127.737808	37.884075
1595324768885	1595324768884	-1.173	1.860	9.415	-0.102	0.018	-0.065	127.737808	37.884075
1595324768906	1595324768903	-1.185	1.843	9.429	-0.069	0.020	-0.077	127.737808	37.884075
1595324768925	1595324768925	-1.153	1.963	9.436	-0.039	0.028	-0.086	127.737808	37.884075
1595324768946	1595324768945	-1.151	1.963	9.470	-0.045	0.026	-0.085	127.737808	37.884075
1595324768964	1595324768964	-1.139	1.865	9.511	-0.042	0.023	-0.077	127.737808	37.884075
1595324768984	1595324768984	-1.139	1.858	9.511	-0.018	0.020	-0.077	127.737808	37.884075
1595324769008	1595324769008	-1.158	1.922	9.477	0.009	0.017	-0.074	127.737808	37.884075
1595324769024	1595324769024	-1.149	1.827	9.424	0.027	0.006	-0.064	127.737808	37.884075
1595324769044	1595324769042	-1.161	1.896	9.365	0.059	-0.005	-0.047	127.737808	37.884075
1595324769063	1595324769061	-1.192	1.966	9.309	0.033	-0.019	-0.018	127.737808	37.884075
1595324769083	1595324769081	-1.185	1.783	9.257	-0.024	-0.032	0.004	127.737808	37.884075
1595324769103	1595324769100	-1.146	1.616	9.283	0.004	-0.032	0.008	127.737808	37.884075
1595324769122	1595324769120	-1.146	1.822	9.324	0.067	-0.026	0.000	127.737808	37.884075
1595324769143	1595324769142	-1.108	2.028	9.302	0.025	-0.034	-0.001	127.737808	37.884075
1595324769163	1595324769163	-1.151	1.989	9.238	-0.067	-0.035	0.000	127.737808	37.884075
1595324769181	1595324769181	-1.165	1.937	9.259	-0.080	-0.022	-0.011	127.737808	37.884075
1595324769205	1595324769204	-1.170	1.966	9.285	-0.034	-0.007	-0.029	127.737808	37.884075
1595324769222	1595324769221	-1.153	2.078	9.276	0.025	0.003	-0.045	127.737808	37.884075
1595324769241	1595324769238	-1.120	2.253	9.331	0.032	0.007	-0.047	127.737808	37.884075
1595324769260	1595324769258	-1.120	2.119	9.345	-0.026	-0.001	-0.022	127.737808	37.884075
1595324769279	1595324769278	-1.137	2.083	9.329	-0.000	0.001	0.004	127.737808	37.884075
1595324769330	1595324769321	-1.084	2.260	9.353	0.026	-0.002	0.030	127.737808	37.884083
1595324769360	1595324769353	-1.060	2.040	9.276	-0.042	-0.022	0.069	127.737808	37.884083
1595324769370	1595324769354	-1.072	1.788	9.242	-0.038	-0.037	0.094	127.737808	37.884083
1595324769373	1595324769371	-1.017	1.894	9.247	-0.002	-0.047	0.097	127.737808	37.884083
1595324769382	1595324769379	-0.892	2.061	9.156	-0.041	-0.046	0.092	127.737808	37.884083
1595324769398	1595324769396	-0.866	2.025	9.034	-0.143	-0.031	0.102	127.737808	37.884083
1595324769418	1595324769418	-0.928	1.963	9.000	-0.193	-0.009	0.115	127.737808	37.884083
1595324769438	1595324769437	-0.947	1.973	9.113	-0.176	0.013	0.108	127.737808	37.884083
1595324769457	1595324769455	-0.940	1.961	9.194	-0.144	0.028	0.090	127.737808	37.884083
1595324769476	1595324769474	-0.964	2.155	9.288	-0.107	0.044	0.088	127.737808	37.884083
1595324769496	1595324769494	-1.053	2.210	9.405	-0.159	0.043	0.124	127.737808	37.884083
1595324769516	1595324769514	-1.103	2.078	9.345	-0.241	0.028	0.160	127.737808	37.884083
1595324769535	1595324769535	-1.038	2.088	9.254	-0.231	0.026	0.174	127.737808	37.884083
1595324769555	1595324769555	-1.005	2.176	9.257	-0.203	0.031	0.190	127.737808	37.884083
1595324769575	1595324769573	-1.000	2.037	9.293	-0.201	0.032	0.215	127.737808	37.884083
1595324769595	1595324769593	-1.010	1.968	9.290	-0.181	0.042	0.217	127.737808	37.884083
1595324769615	1595324769614	-0.983	2.195	9.285	-0.181	0.057	0.212	127.737808	37.884083
1595324769638	1595324769632	-0.938	2.210	9.194	-0.246	0.052	0.224	127.737808	37.884083
1595324769655	1595324769655	-0.933	2.148	9.127	-0.259	0.056	0.233	127.737808	37.884083
1595324769673	1595324769671	-0.981	2.145	9.185	-0.217	0.077	0.235	127.737808	37.884083
1595324769696	1595324769692	-0.995	2.104	9.245	-0.162	0.095	0.230	127.737808	37.884083
1595324769713	1595324769711	-0.923	2.200	9.271	-0.136	0.102	0.222	127.737808	37.884083
1595324769734	1595324769733	-0.818	2.251	9.262	-0.182	0.102	0.226	127.737808	37.884083
1595324769753	1595324769752	-0.813	2.174	9.197	-0.253	0.105	0.239	127.737808	37.884083
1595324769772	1595324769770	-0.859	2.057	9.171	-0.241	0.116	0.242	127.737808	37.884083
1595324769792	1595324769791	-0.866	2.148	9.240	-0.141	0.137	0.226	127.737808	37.884083
1595324769811	1595324769811	-0.828	2.387	9.305	-0.109	0.144	0.227	127.737808	37.884083
1595324769831	1595324769829	-0.792	2.301	9.336	-0.169	0.132	0.255	127.737808	37.884083
1595324769854	1595324769854	-0.789	2.148	9.427	-0.171	0.134	0.274	127.737808	37.884083
1595324769870	1595324769868	-0.842	2.140	9.487	-0.129	0.145	0.285	127.737808	37.884083
1595324769890	1595324769888	-0.890	2.294	9.499	-0.103	0.144	0.289	127.737808	37.884083
1595324769910	1595324769908	-0.959	2.452	9.439	-0.137	0.128	0.302	127.737808	37.884083
1595324769929	1595324769927	-1.000	2.481	9.274	-0.182	0.107	0.311	127.737808	37.884083
1595324769950	1595324769948	-0.900	2.521	9.108	-0.198	0.101	0.315	127.737808	37.884083
1595324769969	1595324769969	-0.866	2.476	8.931	-0.179	0.117	0.321	127.737808	37.884083
1595324769988	1595324769987	-0.890	2.612	8.775	-0.133	0.149	0.324	127.737808	37.884083
1595324770009	1595324770008	-0.825	2.806	8.622	-0.170	0.176	0.342	127.737808	37.884083
1595324770028	1595324770028	-0.785	2.737	8.521	-0.239	0.216	0.373	127.737808	37.884083
1595324770048	1595324770047	-0.914	2.548	8.548	-0.249	0.275	0.419	127.737808	37.884083
1595324770067	1595324770066	-1.180	2.298	8.682	-0.221	0.327	0.482	127.737808	37.884083
1595324770087	1595324770085	-1.285	1.942	8.933	-0.236	0.354	0.573	127.737808	37.884083
1595324770107	1595324770105	-1.642	1.645	9.190	-0.361	0.341	0.722	127.737808	37.884083
1595324770125	1595324770125	-2.152	1.486	8.974	-0.646	0.243	0.878	127.737808	37.884083
1595324770147	1595324770145	-2.040	0.799	8.713	-1.080	0.152	0.952	127.737808	37.884083
1595324770166	1595324770166	-2.016	0.315	8.311	-1.354	0.156	0.992	127.737808	37.884083
1595324770185	1595324770185	-2.138	0.025	7.932	-1.415	0.256	1.054	127.737808	37.884083
1595324770206	1595324770205	-2.366	-0.080	7.587	-1.450	0.395	1.154	127.737808	37.884083
1595324770225	1595324770225	-2.643	-0.090	7.436	-1.425	0.548	1.253	127.737808	37.884083
1595324770246	1595324770245	-2.663	-0.188	7.268	-1.420	0.681	1.311	127.737808	37.884083
1595324770264	1595324770263	-2.905	-0.653	7.393	-1.431	0.830	1.406	127.737808	37.884083
1595324770285	1595324770282	-3.364	-1.062	7.194	-1.443	0.946	1.558	127.737808	37.884083
1595324770309	1595324770306	-3.590	-1.010	7.084	-1.509	1.040	1.767	127.737808	37.884083
1595324770325	1595324770322	-3.956	-0.679	6.859	-1.721	1.130	1.995	127.737808	37.884083
1595324770350	1595324770341	-4.318	-0.667	6.559	-2.047	1.205	2.207	127.737808	37.884075
1595324770367	1595324770365	-4.941	-1.350	6.605	-2.311	1.307	2.400	127.737808	37.884075
1595324770381	1595324770380	-5.791	-2.183	6.387	-2.343	1.381	2.577	127.737808	37.884075
1595324770402	1595324770401	-6.359	-2.138	6.315	-2.211	1.435	2.750	127.737808	37.884075
1595324770421	1595324770419	-6.843	-1.906	6.516	-2.222	1.508	2.885	127.737808	37.884075
1595324770444	1595324770443	-7.403	-2.172	6.375	-2.536	1.559	2.948	127.737808	37.884075
1595324770460	1595324770458	-7.808	-2.684	5.984	-2.867	1.535	3.012	127.737808	37.884075
1595324770480	1595324770478	-8.074	-2.885	5.304	-3.069	1.463	3.085	127.737808	37.884075
1595324770500	1595324770498	-8.103	-2.888	4.782	-3.200	1.416	3.184	127.737808	37.884075
1595324770519	1595324770517	-8.201	-3.118	4.478	-3.292	1.444	3.251	127.737808	37.884075
1595324770540	1595324770538	-8.579	-3.515	4.332	-3.304	1.549	3.283	127.737808	37.884075
1595324770559	1595324770557	-9.214	-4.330	4.564	-3.114	1.678	3.281	127.737808	37.884075
1595324770578	1595324770577	-9.974	-4.936	4.753	-2.786	1.798	3.221	127.737808	37.884075
1595324770599	1595324770596	-10.172	-4.862	5.041	-2.365	1.898	3.141	127.737808	37.884075
1595324770618	1595324770618	-10.086	-4.471	5.098	-2.009	2.039	3.016	127.737808	37.884075
1595324770638	1595324770638	-10.453	-4.275	5.175	-1.819	2.207	2.883	127.737808	37.884075
1595324770663	1595324770662	-10.932	-4.282	5.359	-1.648	2.281	2.730	127.737808	37.884075
1595324770678	1595324770676	-11.155	-4.383	5.841	-1.421	2.227	2.574	127.737808	37.884075
1595324770702	1595324770698	-11.241	-4.462	6.282	-1.189	2.071	2.421	127.737808	37.884075
1595324770717	1595324770715	-11.339	-4.373	6.087	-1.061	1.837	2.246	127.737808	37.884075
1595324770736	1595324770735	-11.653	-4.040	5.872	-1.128	1.580	2.032	127.737808	37.884075
1595324770757	1595324770756	-11.804	-3.697	5.877	-1.311	1.279	1.785	127.737808	37.884075
1595324770776	1595324770774	-12.168	-3.592	5.757	-1.530	1.041	1.573	127.737808	37.884075
1595324770797	1595324770796	-13.720	-4.114	5.946	-1.687	0.949	1.433	127.737808	37.884075
1595324770816	1595324770816	-14.805	-5.020	6.442	-1.730	0.763	1.252	127.737808	37.884075
1595324770836	1595324770836	-14.101	-5.631	6.677	-1.653	0.428	0.983	127.737808	37.884075
1595324770856	1595324770854	-12.331	-5.631	6.622	-1.444	0.116	0.669	127.737808	37.884075
1595324770878	1595324770878	-10.508	-5.183	6.231	-1.213	-0.139	0.238	127.737808	37.884075
1595324770896	1595324770893	-9.521	-4.804	5.817	-0.944	-0.308	-0.298	127.737808	37.884075
1595324770914	1595324770912	-9.219	-4.428	5.196	-0.557	-0.464	-0.829	127.737808	37.884075
1595324770933	1595324770932	-9.413	-4.035	4.265	-0.181	-0.626	-1.297	127.737808	37.884075
1595324770954	1595324770952	-9.840	-3.839	3.445	0.108	-0.786	-1.693	127.737808	37.884075
1595324770973	1595324770973	-9.885	-3.822	2.681	0.389	-0.977	-2.016	127.737808	37.884075
1595324770993	1595324770993	-10.079	-3.650	1.938	0.772	-1.061	-2.253	127.737808	37.884075
1595324771013	1595324771012	-10.654	-3.350	1.728	1.178	-1.044	-2.394	127.737808	37.884075
1595324771032	1595324771033	-10.922	-2.991	2.041	1.391	-1.101	-2.441	127.737808	37.884075
1595324771052	1595324771052	-10.764	-2.699	2.559	1.312	-1.233	-2.423	127.737808	37.884075
1595324771075	1595324771075	-10.424	-2.567	2.736	0.987	-1.375	-2.366	127.737808	37.884075
1595324771092	1595324771090	-9.964	-2.516	2.583	0.495	-1.491	-2.305	127.737808	37.884075
1595324771111	1595324771109	-9.492	-2.519	2.113	-0.057	-1.553	-2.256	127.737808	37.884075
1595324771131	1595324771129	-8.970	-2.531	1.824	-0.520	-1.513	-2.211	127.737808	37.884075
1595324771152	1595324771149	-8.474	-2.485	1.658	-0.765	-1.400	-2.171	127.737808	37.884075
1595324771170	1595324771169	-8.323	-2.610	1.210	-0.835	-1.237	-2.073	127.737808	37.884075
1595324771191	1595324771190	-8.591	-2.924	0.973	-0.810	-1.037	-1.892	127.737808	37.884075
1595324771209	1595324771209	-8.647	-3.130	1.182	-0.665	-0.901	-1.688	127.737808	37.884075
1595324771230	1595324771229	-8.108	-3.070	1.534	-0.394	-0.846	-1.512	127.737808	37.884075
1595324771249	1595324771249	-7.636	-2.792	1.522	-0.143	-0.740	-1.352	127.737808	37.884075
1595324771268	1595324771268	-7.760	-2.536	1.452	-0.074	-0.540	-1.153	127.737808	37.884075
1595324771292	1595324771287	-8.117	-2.483	1.598	-0.146	-0.346	-0.920	127.737808	37.884075
1595324771308	1595324771306	-8.481	-2.706	1.824	-0.182	-0.155	-0.657	127.737808	37.884075
1595324771326	1595324771326	-9.099	-3.027	2.097	-0.082	0.068	-0.334	127.737801	37.884075
1595324771349	1595324771347	-9.820	-3.271	2.626	0.115	0.259	0.009	127.737801	37.884075
1595324771371	1595324771367	-10.321	-3.053	2.954	0.286	0.343	0.284	127.737801	37.884075
1595324771388	1595324771386	-11.265	-2.548	2.679	0.268	0.473	0.584	127.737801	37.884075
1595324771407	1595324771404	-12.987	-2.198	2.487	-0.007	0.730	0.988	127.737801	37.884075
1595324771426	1595324771424	-13.483	-2.109	3.009	-0.452	0.853	1.386	127.737801	37.884075
1595324771446	1595324771444	-11.471	-2.660	3.658	-0.916	0.756	1.751	127.737801	37.884075
1595324771470	1595324771468	-9.466	-3.456	4.037	-1.069	0.777	2.062	127.737801	37.884075
1595324771485	1595324771483	-8.376	-3.781	4.085	-0.828	0.864	2.194	127.737801	37.884075
1595324771505	1595324771503	-7.894	-3.688	3.848	-0.418	0.877	2.150	127.737801	37.884075
1595324771524	1595324771523	-8.551	-3.281	3.608	0.069	0.948	2.089	127.737801	37.884075
1595324771545	1595324771542	-9.545	-2.612	3.258	0.473	0.937	2.021	127.737801	37.884075
1595324771564	1595324771562	-9.835	-1.901	2.607	0.563	0.798	1.945	127.737801	37.884075
1595324771583	1595324771583	-9.895	-1.419	2.228	0.324	0.697	1.964	127.737801	37.884075
1595324771603	1595324771603	-9.969	-1.436	2.470	-0.220	0.593	2.063	127.737801	37.884075
1595324771623	1595324771623	-9.602	-2.054	2.734	-0.921	0.392	2.177	127.737801	37.884075
1595324771643	1595324771643	-9.097	-2.962	2.664	-1.444	0.249	2.290	127.737801	37.884075
1595324771663	1595324771663	-8.865	-3.456	2.662	-1.724	0.208	2.328	127.737801	37.884075
1595324771683	1595324771683	-8.759	-3.611	2.583	-1.850	0.172	2.289	127.737801	37.884075
1595324771707	1595324771703	-8.711	-3.788	2.240	-1.835	0.166	2.234	127.737801	37.884075
1595324771722	1595324771722	-8.829	-4.136	1.903	-1.639	0.221	2.172	127.737801	37.884075
1595324771742	1595324771739	-9.039	-4.450	1.881	-1.267	0.332	2.073	127.737801	37.884075
1595324771761	1595324771759	-9.245	-4.567	2.312	-0.796	0.476	1.949	127.737801	37.884075
1595324771781	1595324771779	-9.463	-4.510	2.820	-0.384	0.583	1.810	127.737801	37.884075
1595324771800	1595324771800	-9.451	-4.390	3.191	-0.120	0.632	1.651	127.737801	37.884075
1595324771820	1595324771820	-9.171	-4.332	3.615	0.040	0.660	1.480	127.737801	37.884075
1595324771840	1595324771840	-8.965	-4.421	3.951	0.139	0.674	1.307	127.737801	37.884075
1595324771859	1595324771859	-9.279	-4.747	4.420	0.295	0.702	1.128	127.737801	37.884075
1595324771881	1595324771881	-9.655	-4.969	4.839	0.547	0.655	0.897	127.737801	37.884075
1595324771904	1595324771904	-9.792	-4.689	4.849	0.755	0.541	0.591	127.737801	37.884075
1595324771920	1595324771918	-10.146	-4.093	4.744	0.740	0.447	0.220	127.737801	37.884075
1595324771938	1595324771936	-10.630	-3.525	4.847	0.496	0.331	-0.193	127.737801	37.884075
1595324771958	1595324771956	-11.373	-3.326	5.096	0.179	0.205	-0.600	127.737801	37.884075
1595324771978	1595324771976	-12.360	-3.942	5.687	0.019	0.065	-0.957	127.737801	37.884075
1595324771998	1595324771996	-12.091	-4.704	5.764	0.133	-0.283	-1.268	127.737801	37.884075
1595324772017	1595324772017	-11.533	-5.099	4.792	0.512	-0.654	-1.535	127.737801	37.884075
1595324772037	1595324772037	-11.952	-4.917	3.555	0.953	-0.898	-1.843	127.737801	37.884075
1595324772057	1595324772057	-12.994	-4.268	2.784	1.287	-1.110	-2.191	127.737801	37.884075
1595324772076	1595324772076	-14.159	-3.731	2.367	1.591	-1.281	-2.511	127.737801	37.884075
1595324772108	1595324772100	-15.325	-3.209	2.262	1.838	-1.411	-2.754	127.737801	37.884075
1595324772115	1595324772113	-15.675	-2.473	2.389	1.817	-1.606	-2.882	127.737801	37.884075
1595324772135	1595324772133	-14.860	-1.872	2.501	1.344	-1.866	-2.927	127.737801	37.884075
1595324772157	1595324772155	-13.459	-1.767	2.489	0.516	-2.073	-2.976	127.737801	37.884075
1595324772175	1595324772174	-11.914	-1.977	2.348	-0.422	-2.188	-3.076	127.737801	37.884075
1595324772197	1595324772192	-10.486	-2.126	1.984	-1.245	-2.183	-3.226	127.737801	37.884075
1595324772214	1595324772214	-9.425	-2.210	1.529	-1.855	-2.029	-3.357	127.737801	37.884075
1595324772234	1595324772234	-8.826	-2.507	1.182	-2.155	-1.768	-3.429	127.737801	37.884075
1595324772255	1595324772254	-8.697	-3.012	1.050	-2.047	-1.438	-3.414	127.737801	37.884075
1595324772274	1595324772273	-8.766	-3.453	1.237	-1.520	-1.135	-3.318	127.737801	37.884075
1595324772300	1595324772298	-8.596	-3.681	1.526	-0.730	-0.963	-3.179	127.737801	37.884075
1595324772313	1595324772310	-8.105	-3.525	1.404	0.103	-0.882	-2.995	127.737801	37.884075
1595324772332	1595324772330	-7.858	-3.039	1.289	0.762	-0.755	-2.736	127.737808	37.884075
1595324772352	1595324772350	-7.808	-2.528	1.445	1.131	-0.651	-2.404	127.737808	37.884075
1595324772372	1595324772370	-7.437	-1.966	1.526	1.206	-0.636	-2.039	127.737808	37.884075
1595324772392	1595324772389	-7.097	-1.472	1.584	1.055	-0.555	-1.597	127.737808	37.884075
1595324772411	1595324772409	-6.910	-1.321	1.800	0.749	-0.386	-1.059	127.737808	37.884075
1595324772431	1595324772429	-6.855	-1.518	2.044	0.376	-0.183	-0.468	127.737808	37.884075
1595324772452	1595324772449	-7.046	-1.925	2.516	0.045	0.094	0.144	127.737808	37.884075
1595324772470	1595324772470	-7.456	-2.306	3.213	-0.173	0.361	0.733	127.737808	37.884075
1595324772490	1595324772489	-8.843	-2.586	2.930	-0.255	0.662	1.388	127.737808	37.884075
1595324772509	1595324772509	-10.898	-2.756	2.370	-0.256	1.033	2.136	127.737808	37.884075
1595324772529	1595324772527	-11.581	-2.591	2.161	-0.351	1.195	2.798	127.737808	37.884075
1595324772549	1595324772547	-10.628	-2.548	2.454	-0.590	1.222	3.357	127.737808	37.884075
1595324772569	1595324772566	-10.486	-3.242	3.012	-0.751	1.341	3.851	127.737808	37.884075
1595324772588	1595324772586	-11.418	-4.076	3.503	-0.608	1.407	4.155	127.737808	37.884075
1595324772608	1595324772606	-12.362	-4.165	3.524	-0.271	1.323	4.234	127.737808	37.884075
1595324772628	1595324772628	-12.930	-3.618	3.222	-0.005	1.203	4.157	127.737808	37.884075
1595324772647	1595324772647	-12.745	-3.158	2.588	0.031	1.052	3.964	127.737808	37.884075
1595324772667	1595324772666	-12.271	-2.854	1.972	-0.088	0.960	3.712	127.737808	37.884075
1595324772687	1595324772687	-11.768	-2.521	2.252	-0.205	0.946	3.424	127.737808	37.884075
1595324772707	1595324772706	-11.030	-1.865	3.060	-0.427	0.876	3.111	127.737808	37.884075
1595324772730	1595324772724	-10.429	-1.434	3.285	-1.009	0.745	2.916	127.737808	37.884075
1595324772746	1595324772744	-10.462	-1.783	3.266	-1.960	0.585	2.795	127.737808	37.884075
1595324772766	1595324772763	-10.561	-2.569	2.909	-2.999	0.321	2.689	127.737808	37.884075
1595324772785	1595324772783	-10.467	-3.283	2.446	-3.750	0.068	2.590	127.737808	37.884075
1595324772805	1595324772803	-10.381	-3.992	1.991	-4.034	-0.099	2.473	127.737808	37.884075
1595324772824	1595324772822	-10.146	-4.931	1.824	-3.819	-0.204	2.363	127.737808	37.884075
1595324772845	1595324772844	-10.029	-5.918	1.919	-3.139	-0.199	2.304	127.737808	37.884075
1595324772865	1595324772863	-10.041	-6.771	2.425	-2.099	-0.104	2.289	127.737808	37.884075
1595324772883	1595324772883	-9.693	-7.341	2.806	-0.873	-0.035	2.258	127.737808	37.884075
1595324772907	1595324772907	-9.320	-7.492	2.971	0.361	0.092	2.212	127.737808	37.884075
1595324772927	1595324772921	-9.514	-7.087	3.337	1.399	0.297	2.089	127.737808	37.884075
1595324772944	1595324772942	-10.019	-6.670	3.852	2.155	0.461	1.836	127.737808	37.884075
1595324772962	1595324772960	-10.477	-5.952	4.190	2.522	0.550	1.467	127.737808	37.884075
1595324772982	1595324772980	-11.088	-4.943	4.138	2.347	0.564	1.032	127.737808	37.884075
1595324773002	1595324773000	-11.981	-4.306	4.162	1.797	0.511	0.481	127.737808	37.884075
1595324773021	1595324773020	-13.325	-4.133	4.514	1.135	0.425	-0.197	127.737808	37.884075
1595324773042	1595324773041	-14.887	-4.428	5.204	0.645	0.287	-0.906	127.737808	37.884075
1595324773061	1595324773061	-14.125	-4.450	5.537	0.273	-0.052	-1.597	127.737808	37.884075
1595324773080	1595324773078	-11.291	-4.363	4.705	0.062	-0.492	-2.276	127.737808	37.884075
1595324773102	1595324773098	-9.978	-4.390	3.496	0.124	-0.665	-2.927	127.737808	37.884075
1595324773123	1595324773120	-10.812	-4.498	2.614	0.429	-0.681	-3.506	127.737808	37.884075
1595324773141	1595324773137	-12.606	-4.672	1.876	1.005	-0.710	-3.950	127.737808	37.884075
1595324773162	1595324773158	-14.439	-4.569	1.335	1.822	-0.750	-4.230	127.737808	37.884075
1595324773178	1595324773177	-15.725	-3.908	1.153	2.607	-0.843	-4.325	127.737808	37.884075
1595324773203	1595324773199	-15.862	-3.072	1.459	3.050	-1.054	-4.232	127.737808	37.884075
1595324773219	1595324773217	-14.868	-2.370	2.104	3.011	-1.352	-4.001	127.737808	37.884075
1595324773238	1595324773238	-13.691	-1.973	2.648	2.507	-1.654	-3.755	127.737808	37.884075
1595324773258	1595324773258	-12.800	-1.867	2.595	1.611	-1.897	-3.557	127.737808	37.884075
1595324773277	1595324773277	-11.885	-1.865	2.008	0.537	-2.060	-3.424	127.737808	37.884075
1595324773297	1595324773295	-10.829	-1.843	1.170	-0.443	-2.091	-3.345	127.737808	37.884075
1595324773320	1595324773320	-10.079	-1.915	0.508	-1.144	-1.950	-3.261	127.737808	37.884079
1595324773336	1595324773336	-9.602	-2.229	0.111	-1.518	-1.732	-3.180	127.737808	37.884079
1595324773357	1595324773355	-9.106	-2.610	-0.093	-1.519	-1.484	-3.112	127.737808	37.884079
1595324773376	1595324773374	-8.623	-2.861	-0.112	-1.168	-1.226	-3.027	127.737808	37.884079
1595324773396	1595324773394	-8.364	-2.955	-0.095	-0.652	-0.967	-2.900	127.737808	37.884079
1595324773415	1595324773413	-8.132	-2.754	0.015	-0.182	-0.737	-2.697	127.737808	37.884079
1595324773435	1595324773433	-7.636	-2.504	0.214	0.155	-0.564	-2.407	127.737808	37.884079
1595324773455	1595324773453	-7.097	-2.327	0.408	0.342	-0.362	-2.036	127.737808	37.884079
1595324773474	1595324773474	-6.809	-2.308	0.623	0.439	-0.105	-1.549	127.737808	37.884079
1595324773495	1595324773495	-6.395	-2.298	0.966	0.485	0.128	-1.006	127.737808	37.884079
1595324773513	1595324773513	-5.959	-2.253	1.313	0.460	0.372	-0.442	127.737808	37.884079
1595324773533	1595324773532	-6.071	-2.416	1.946	0.402	0.688	0.154	127.737808	37.884079
1595324773553	1595324773552	-6.903	-2.622	2.566	0.405	1.010	0.742	127.737808	37.884079
1595324773572	1595324773570	-8.805	-2.823	2.777	0.557	1.334	1.409	127.737808	37.884079
1595324773593	1595324773591	-10.683	-2.768	2.688	0.706	1.564	2.130	127.737808	37.884079
1595324773612	1595324773610	-10.208	-2.157	2.549	0.564	1.511	2.682	127.737808	37.884079
1595324773632	1595324773630	-8.951	-1.793	2.473	0.057	1.504	3.180	127.737808	37.884079
1595324773652	1595324773650	-10.000	-2.368	2.995	-0.441	1.676	3.783	127.737808	37.884079
1595324773671	1595324773671	-12.264	-3.137	3.476	-0.605	1.665	4.247	127.737808	37.884079
1595324773692	1595324773692	-13.715	-3.166	3.596	-0.579	1.478	4.447	127.737808	37.884079
1595324773711	1595324773711	-14.048	-2.883	3.553	-0.673	1.293	4.470	127.737808	37.884079
1595324773733	1595324773733	-14.034	-3.000	3.426	-0.965	1.159	4.400	127.737808	37.884079
1595324773751	1595324773751	-13.852	-3.484	3.428	-1.187	1.066	4.216	127.737808	37.884079
1595324773770	1595324773768	-13.016	-3.626	3.644	-1.056	1.003	3.922	127.737808	37.884079
1595324773790	1595324773787	-12.019	-3.307	3.817	-0.788	0.971	3.645	127.737808	37.884079
1595324773809	1595324773807	-11.401	-3.317	3.567	-0.786	0.880	3.406	127.737808	37.884079
1595324773829	1595324773827	-11.135	-3.674	3.086	-1.017	0.738	3.133	127.737808	37.884079
1595324773848	1595324773848	-10.886	-3.777	2.619	-1.207	0.608	2.814	127.737808	37.884079
1595324773868	1595324773868	-11.009	-3.707	2.209	-1.223	0.575	2.509	127.737808	37.884079
1595324773888	1595324773888	-11.330	-3.827	2.271	-1.148	0.606	2.257	127.737808	37.884079
1595324773908	1595324773908	-10.999	-4.167	2.401	-1.057	0.574	2.071	127.737808	37.884079
1595324773927	1595324773927	-10.489	-4.562	2.578	-0.915	0.569	1.976	127.737808	37.884079
1595324773949	1595324773945	-10.122	-4.948	2.983	-0.692	0.589	1.902	127.737808	37.884079
1595324773967	1595324773966	-9.519	-5.118	3.419	-0.423	0.554	1.841	127.737808	37.884079
1595324773985	1595324773984	-8.841	-5.259	3.673	-0.165	0.508	1.800	127.737808	37.884079
1595324774007	1595324774004	-8.364	-5.437	3.886	0.119	0.468	1.744	127.737808	37.884079
1595324774026	1595324774024	-8.232	-5.571	4.133	0.482	0.435	1.618	127.737808	37.884079
1595324774046	1595324774045	-8.654	-5.377	4.099	0.803	0.388	1.388	127.737808	37.884079
1595324774065	1595324774065	-9.523	-4.941	3.884	0.927	0.313	1.060	127.737808	37.884079
1595324774085	1595324774085	-10.410	-4.471	3.843	0.756	0.196	0.615	127.737808	37.884079
1595324774105	1595324774105	-11.152	-4.342	4.257	0.352	0.049	0.024	127.737808	37.884079
1595324774124	1595324774124	-12.362	-4.529	5.239	0.017	-0.084	-0.681	127.737808	37.884079
1595324774147	1595324774144	-12.875	-4.320	5.762	-0.170	-0.354	-1.399	127.737808	37.884079
1595324774166	1595324774166	-12.573	-4.064	4.856	-0.387	-0.753	-2.077	127.737808	37.884079
1595324774186	1595324774181	-12.843	-4.387	3.230	-0.562	-1.044	-2.733	127.737808	37.884079
1595324774205	1595324774203	-13.912	-4.744	2.216	-0.430	-1.147	-3.380	127.737808	37.884079
1595324774222	1595324774221	-15.330	-4.644	1.847	0.082	-1.126	-3.987	127.737808	37.884079
1595324774243	1595324774240	-16.389	-4.112	1.788	0.750	-1.114	-4.475	127.737808	37.884079
1595324774261	1595324774261	-16.839	-3.508	1.986	1.251	-1.163	-4.769	127.737808	37.884079
1595324774282	1595324774282	-16.461	-3.063	2.219	1.415	-1.290	-4.873	127.737808	37.884079
1595324774302	1595324774299	-15.347	-2.833	2.303	1.253	-1.422	-4.878	127.737808	37.884079
1595324774322	1595324774321	-14.099	-2.770	2.360	0.924	-1.485	-4.820	127.737808	37.884079
1595324774341	1595324774339	-12.918	-2.948	2.041	0.593	-1.507	-4.727	127.737808	37.884079
1595324774364	1595324774359	-11.799	-3.137	1.378	0.452	-1.471	-4.615	127.737808	37.884079
1595324774380	1595324774378	-10.958	-2.998	0.829	0.525	-1.323	-4.437	127.737808	37.884079
1595324774400	1595324774398	-10.424	-2.722	0.573	0.687	-1.132	-4.207	127.737808	37.884079
1595324774420	1595324774418	-9.976	-2.538	0.563	0.876	-0.995	-3.923	127.737808	37.884079
1595324774440	1595324774437	-9.358	-2.342	0.705	1.031	-0.925	-3.615	127.737808	37.884079
1595324774459	1595324774459	-8.527	-2.057	0.820	1.082	-0.899	-3.316	127.737808	37.884079
1595324774479	1595324774479	-7.906	-1.776	0.777	1.023	-0.833	-2.983	127.737808	37.884079
1595324774499	1595324774499	-7.684	-1.585	0.734	0.842	-0.713	-2.581	127.737808	37.884079
1595324774518	1595324774518	-7.499	-1.520	0.849	0.590	-0.597	-2.128	127.737808	37.884079
1595324774538	1595324774538	-7.051	-1.498	0.940	0.328	-0.499	-1.643	127.737808	37.884079
1595324774558	1595324774556	-6.656	-1.642	1.098	0.107	-0.319	-1.100	127.737808	37.884079
1595324774576	1595324774576	-6.670	-2.009	1.464	-0.054	-0.051	-0.514	127.737808	37.884079
1595324774597	1595324774595	-7.063	-2.464	2.006	-0.103	0.234	0.050	127.737808	37.884079
1595324774617	1595324774615	-8.088	-2.617	2.535	-0.012	0.547	0.611	127.737808	37.884079
1595324774636	1595324774634	-9.722	-2.643	2.621	0.155	0.871	1.253	127.737808	37.884079
1595324774661	1595324774658	-10.517	-2.409	2.465	0.220	1.080	1.882	127.737808	37.884079
1595324774676	1595324774676	-9.861	-2.128	2.403	0.040	1.221	2.435	127.737808	37.884079
1595324774697	1595324774697	-9.358	-2.346	2.791	-0.255	1.443	2.973	127.737808	37.884079
1595324774715	1595324774715	-10.177	-2.859	3.440	-0.378	1.651	3.445	127.737808	37.884079
1595324774735	1595324774735	-11.375	-3.108	3.814	-0.333	1.695	3.766	127.737808	37.884079
1595324774759	1595324774754	-12.029	-3.027	3.879	-0.321	1.585	3.936	127.737808	37.884079
1595324774774	1595324774772	-12.005	-2.687	3.589	-0.456	1.401	3.970	127.737808	37.884079
1595324774795	1595324774792	-11.777	-2.241	2.940	-0.753	1.227	3.926	127.737808	37.884079
1595324774813	1595324774811	-11.679	-2.076	2.485	-1.081	1.110	3.846	127.737808	37.884079
1595324774833	1595324774831	-11.488	-2.059	2.420	-1.315	1.015	3.734	127.737808	37.884079
1595324774854	1595324774851	-11.248	-2.272	2.456	-1.485	0.926	3.647	127.737808	37.884079
1595324774872	1595324774870	-11.270	-2.871	2.437	-1.685	0.845	3.594	127.737808	37.884079
1595324774893	1595324774890	-11.492	-3.499	2.331	-1.928	0.765	3.541	127.737808	37.884079
1595324774913	1595324774910	-11.765	-3.932	2.398	-2.154	0.675	3.471	127.737808	37.884079
1595324774931	1595324774929	-11.912	-4.256	2.384	-2.283	0.570	3.358	127.737808	37.884079
1595324774951	1595324774949	-12.113	-4.627	2.377	-2.214	0.521	3.243	127.737808	37.884079
1595324774971	1595324774969	-12.075	-4.957	2.549	-1.955	0.509	3.143	127.737808	37.884079
1595324774992	1595324774988	-11.811	-5.458	2.978	-1.575	0.512	3.071	127.737808	37.884079
1595324775010	1595324775010	-11.286	-6.100	3.417	-1.072	0.501	2.972	127.737808	37.884079
1595324775030	1595324775028	-10.688	-6.412	3.649	-0.449	0.509	2.836	127.737808	37.884079
1595324775050	1595324775048	-10.637	-6.354	4.056	0.172	0.572	2.623	127.737808	37.884079
1595324775069	1595324775067	-10.891	-6.057	4.375	0.642	0.586	2.307	127.737808	37.884079
1595324775091	1595324775089	-11.066	-5.547	4.518	0.794	0.536	1.899	127.737808	37.884079
1595324775108	1595324775109	-11.133	-4.991	4.633	0.536	0.440	1.386	127.737808	37.884079
1595324775129	1595324775128	-11.435	-4.874	4.866	0.003	0.323	0.739	127.737808	37.884079
1595324775149	1595324775148	-12.558	-5.398	5.558	-0.434	0.229	-0.022	127.737808	37.884079
1595324775169	1595324775169	-12.934	-5.774	6.097	-0.542	0.029	-0.797	127.737808	37.884079
1595324775192	1595324775192	-11.732	-5.489	5.477	-0.450	-0.296	-1.550	127.737808	37.884079
1595324775209	1595324775206	-10.716	-5.140	4.130	-0.276	-0.545	-2.292	127.737808	37.884079
1595324775227	1595324775225	-11.001	-5.037	3.019	0.013	-0.652	-2.981	127.737808	37.884079
1595324775247	1595324775245	-12.659	-5.161	2.497	0.573	-0.651	-3.576	127.737808	37.884079
1595324775266	1595324775264	-14.484	-5.017	2.252	1.383	-0.677	-4.046	127.737808	37.884079
1595324775287	1595324775287	-15.732	-4.260	2.044	2.148	-0.777	-4.347	127.737808	37.884079
1595324775308	1595324775308	-15.931	-3.290	2.039	2.562	-0.969	-4.451	127.737808	37.884079
1595324775334	1595324775334	-14.932	-2.639	2.238	2.559	-1.234	-4.437	127.737808	37.884083
1595324775347	1595324775345	-13.485	-2.229	2.341	2.219	-1.464	-4.403	127.737808	37.884083
1595324775367	1595324775364	-12.391	-2.011	2.283	1.713	-1.593	-4.346	127.737808	37.884083
1595324775388	1595324775387	-11.727	-1.927	1.967	1.055	-1.662	-4.249	127.737808	37.884083
1595324775406	1595324775403	-11.080	-2.090	1.402	0.388	-1.680	-4.127	127.737808	37.884083
1595324775425	1595324775422	-10.434	-2.296	0.887	-0.141	-1.614	-3.984	127.737808	37.884083
1595324775444	1595324775442	-10.046	-2.497	0.590	-0.390	-1.462	-3.800	127.737808	37.884083
1595324775463	1595324775461	-9.835	-2.665	0.437	-0.384	-1.296	-3.583	127.737808	37.884083
1595324775483	1595324775483	-9.516	-2.866	0.525	-0.151	-1.156	-3.361	127.737808	37.884083
1595324775503	1595324775503	-9.123	-2.835	0.511	0.224	-1.049	-3.112	127.737808	37.884083
1595324775524	1595324775522	-8.836	-2.452	0.530	0.567	-0.937	-2.786	127.737808	37.884083
1595324775542	1595324775542	-8.601	-1.889	0.595	0.703	-0.841	-2.361	127.737808	37.884083
1595324775562	1595324775562	-8.438	-1.491	0.561	0.603	-0.737	-1.844	127.737808	37.884083
1595324775582	1595324775582	-8.397	-1.424	0.722	0.343	-0.553	-1.251	127.737808	37.884083
1595324775602	1595324775599	-8.553	-1.848	1.239	0.035	-0.299	-0.642	127.737808	37.884083
1595324775621	1595324775619	-8.673	-2.437	1.931	-0.146	-0.038	-0.104	127.737808	37.884083
1595324775641	1595324775639	-8.809	-2.476	2.535	-0.162	0.224	0.339	127.737808	37.884083
1595324775663	1595324775661	-9.353	-2.157	2.743	-0.111	0.523	0.771	127.737808	37.884083
1595324775680	1595324775679	-10.060	-2.229	2.595	-0.043	0.862	1.274	127.737808	37.884083
1595324775705	1595324775699	-9.849	-2.320	2.437	0.011	1.093	1.793	127.737808	37.884083
1595324775720	1595324775719	-9.284	-2.404	2.554	0.020	1.323	2.332	127.737808	37.884083
1595324775739	1595324775739	-9.001	-2.619	2.959	0.005	1.498	2.824	127.737808	37.884083
1595324775759	1595324775759	-9.629	-2.967	3.268	0.005	1.574	3.249	127.737808	37.884083
1595324775782	1595324775782	-10.853	-3.175	3.337	0.035	1.570	3.586	127.737808	37.884083
1595324775799	1595324775796	-11.497	-2.960	3.285	0.017	1.442	3.754	127.737808	37.884083
1595324775818	1595324775816	-11.519	-2.643	2.923	-0.120	1.280	3.809	127.737808	37.884083
1595324775837	1595324775835	-11.548	-2.545	2.549	-0.346	1.170	3.806	127.737808	37.884083
1595324775858	1595324775855	-11.468	-2.655	2.370	-0.551	1.091	3.719	127.737808	37.884083
1595324775876	1595324775874	-11.169	-2.794	2.509	-0.631	1.042	3.564	127.737808	37.884083
1595324775899	1595324775895	-10.867	-2.873	2.801	-0.641	1.027	3.401	127.737808	37.884083
1595324775917	1595324775917	-10.762	-3.101	2.945	-0.766	1.002	3.251	127.737808	37.884083
1595324775936	1595324775934	-10.826	-3.482	2.897	-1.000	0.962	3.073	127.737808	37.884083
1595324775956	1595324775956	-10.855	-3.566	3.043	-1.198	0.911	2.887	127.737808	37.884083
1595324775975	1595324775975	-10.946	-3.578	3.292	-1.387	0.878	2.709	127.737808	37.884083
1595324775996	1595324775995	-11.025	-3.765	3.366	-1.502	0.811	2.579	127.737808	37.884083
1595324776017	1595324776015	-10.944	-4.117	3.694	-1.574	0.749	2.486	127.737808	37.884083
1595324776035	1595324776033	-10.479	-4.663	4.265	-1.539	0.646	2.433	127.737808	37.884083
1595324776054	1595324776052	-9.919	-5.353	4.645	-1.304	0.541	2.404	127.737808	37.884083
1595324776074	1595324776072	-9.286	-5.782	4.804	-0.862	0.455	2.312	127.737808	37.884083
1595324776094	1595324776091	-8.872	-5.897	4.789	-0.353	0.379	2.160	127.737808	37.884083
1595324776114	1595324776113	-9.346	-5.887	4.710	0.082	0.338	1.940	127.737808	37.884083
1595324776132	1595324776132	-10.541	-5.710	4.461	0.385	0.285	1.605	127.737808	37.884083
1595324776154	1595324776153	-11.677	-5.300	4.238	0.508	0.205	1.139	127.737808	37.884083
1595324776173	1595324776172	-12.127	-4.847	4.298	0.399	0.097	0.540	127.737808	37.884083
1595324776197	1595324776195	-12.570	-4.323	4.607	0.147	0.012	-0.153	127.737808	37.884083
1595324776219	1595324776217	-13.806	-3.899	5.560	-0.106	-0.017	-0.844	127.737808	37.884083
1595324776232	1595324776231	-13.560	-3.812	6.473	-0.403	-0.259	-1.462	127.737808	37.884083
1595324776252	1595324776249	-11.648	-3.990	5.996	-0.776	-0.668	-2.022	127.737808	37.884083
1595324776271	1595324776269	-10.755	-4.325	4.449	-1.025	-0.931	-2.574	127.737808	37.884083
1595324776294	1595324776294	-11.825	-4.696	3.055	-0.984	-0.999	-3.130	127.737808	37.884083
1595324776314	1595324776314	-13.862	-4.998	2.279	-0.532	-0.979	-3.664	127.737808	37.884083
1595324776329	1595324776327	-15.198	-4.795	1.694	0.265	-0.981	-4.142	127.737808	37.884083
1595324776350	1595324776348	-15.526	-4.016	1.471	1.131	-0.995	-4.468	127.737808	37.884083
1595324776370	1595324776368	-15.313	-3.214	1.699	1.665	-1.058	-4.623	127.737808	37.884083
1595324776389	1595324776387	-14.987	-2.802	2.133	1.745	-1.167	-4.645	127.737808	37.884083
1595324776415	1595324776410	-14.379	-2.617	2.475	1.497	-1.283	-4.607	127.737808	37.884083
1595324776429	1595324776427	-13.330	-2.469	2.504	1.077	-1.376	-4.534	127.737808	37.884083
1595324776448	1595324776446	-12.125	-2.416	2.133	0.548	-1.416	-4.434	127.737808	37.884083
1595324776468	1595324776466	-11.090	-2.461	1.433	0.011	-1.360	-4.319	127.737808	37.884083
1595324776488	1595324776486	-10.352	-2.466	0.758	-0.382	-1.181	-4.180	127.737808	37.884083
1595324776508	1595324776507	-9.741	-2.502	0.453	-0.504	-0.947	-4.005	127.737808	37.884083
1595324776527	1595324776527	-8.826	-2.560	0.456	-0.359	-0.733	-3.802	127.737808	37.884083
1595324776547	1595324776547	-7.569	-2.730	0.614	0.017	-0.531	-3.577	127.737808	37.884083
1595324776566	1595324776566	-6.828	-3.024	0.717	0.582	-0.263	-3.265	127.737808	37.884083
1595324776586	1595324776586	-6.831	-3.084	0.906	1.208	0.000	-2.871	127.737808	37.884083
1595324776612	1595324776605	-6.826	-2.524	0.997	1.625	0.103	-2.489	127.737808	37.884083
1595324776625	1595324776623	-6.694	-1.851	0.937	1.694	0.178	-2.056	127.737808	37.884083
1595324776646	1595324776643	-6.665	-1.582	1.249	1.509	0.340	-1.496	127.737808	37.884083
1595324776664	1595324776663	-6.543	-1.728	1.859	1.266	0.528	-0.890	127.737808	37.884083
1595324776685	1595324776683	-6.819	-1.989	2.739	1.074	0.761	-0.299	127.737808	37.884083
1595324776705	1595324776702	-7.880	-2.179	3.706	0.937	0.982	0.286	127.737808	37.884083
1595324776723	1595324776724	-8.939	-1.863	3.524	0.731	1.031	0.845	127.737808	37.884083
1595324776744	1595324776744	-9.638	-1.197	2.554	0.275	1.082	1.423	127.737808	37.884083
1595324776763	1595324776763	-10.149	-0.964	2.034	-0.446	1.262	2.106	127.737808	37.884083
1595324776783	1595324776783	-10.369	-1.807	2.521	-1.124	1.417	2.856	127.737808	37.884083
1595324776803	1595324776803	-10.196	-3.072	3.500	-1.336	1.433	3.527	127.737808	37.884083
1595324776822	1595324776823	-10.553	-3.887	4.296	-1.046	1.427	4.032	127.737808	37.884083
1595324776843	1595324776840	-11.310	-3.947	4.253	-0.603	1.337	4.323	127.737808	37.884083
1595324776862	1595324776860	-12.101	-3.293	3.841	-0.372	1.228	4.413	127.737808	37.884083
1595324776880	1595324776879	-12.379	-2.636	3.347	-0.446	1.108	4.351	127.737808	37.884083
1595324776902	1595324776899	-12.379	-2.382	2.779	-0.731	1.015	4.188	127.737808	37.884083
1595324776920	1595324776919	-12.587	-2.425	2.585	-0.967	1.016	3.982	127.737808	37.884083
1595324776941	1595324776940	-12.372	-2.540	2.875	-1.024	1.015	3.730	127.737808	37.884083
1595324776960	1595324776960	-11.492	-2.758	2.995	-1.020	0.960	3.512	127.737808	37.884083
1595324776980	1595324776980	-10.932	-3.192	2.839	-1.125	0.926	3.363	127.737808	37.884083
1595324777000	1595324777000	-11.085	-3.547	2.729	-1.406	0.898	3.222	127.737808	37.884083
1595324777019	1595324777019	-11.322	-3.626	2.772	-1.733	0.809	3.058	127.737808	37.884083
1595324777041	1595324777039	-11.282	-3.750	2.734	-1.939	0.695	2.912	127.737808	37.884083
1595324777059	1595324777057	-11.224	-4.212	2.557	-1.951	0.619	2.818	127.737808	37.884083
1595324777078	1595324777076	-11.303	-4.785	2.652	-1.808	0.582	2.766	127.737808	37.884083
1595324777098	1595324777096	-11.277	-5.362	3.148	-1.513	0.534	2.733	127.737808	37.884083
1595324777117	1595324777116	-10.604	-5.839	3.632	-1.059	0.436	2.659	127.737808	37.884083
1595324777137	1595324777135	-9.947	-5.942	3.817	-0.524	0.402	2.507	127.737808	37.884083
1595324777161	1595324777160	-9.804	-5.758	4.073	-0.063	0.447	2.298	127.737808	37.884083
1595324777177	1595324777177	-9.974	-5.123	4.080	0.271	0.455	2.027	127.737808	37.884083
1595324777201	1595324777200	-10.544	-4.569	3.955	0.594	0.436	1.737	127.737808	37.884083
