1595324806757	1595324806755	-7.820	-1.824	1.134	-0.095	0.107	-0.597	127.738083	37.884392
1595324806776	1595324806774	-7.973	-2.052	1.809	0.122	0.414	0.021	127.738083	37.884392
1595324806797	1595324806794	-9.217	-1.930	2.339	0.343	0.810	0.651	127.738083	37.884392
1595324806815	1595324806814	-11.571	-1.994	2.561	0.502	1.195	1.407	127.738083	37.884392
1595324806836	1595324806834	-12.201	-1.836	2.336	0.503	1.247	2.126	127.738083	37.884392
1595324806855	1595324806854	-10.513	-1.551	2.329	0.173	1.256	2.707	127.738083	37.884392
1595324806876	1595324806875	-9.880	-1.944	3.045	-0.311	1.479	3.320	127.738083	37.884392
1595324806897	1595324806893	-10.503	-2.646	3.658	-0.595	1.559	3.839	127.738083	37.884392
1595324806922	1595324806921	-11.040	-3.075	3.663	-0.559	1.454	4.126	127.738083	37.884392
1595324806935	1595324806932	-11.559	-2.996	3.417	-0.316	1.371	4.267	127.738083	37.884392
1595324806955	1595324806954	-12.041	-2.785	3.210	-0.017	1.320	4.307	127.738083	37.884392
1595324806973	1595324806971	-12.288	-2.775	3.098	0.156	1.276	4.243	127.738083	37.884392
1595324806995	1595324806991	-12.000	-2.627	3.079	0.198	1.233	4.100	127.738083	37.884392
1595324807012	1595324807011	-11.571	-2.191	3.115	0.101	1.203	3.923	127.738083	37.884392
1595324807032	1595324807030	-11.737	-2.097	3.172	-0.215	1.187	3.809	127.738083	37.884392
1595324807053	1595324807050	-12.216	-2.521	3.400	-0.718	1.110	3.700	127.738083	37.884392
1595324807071	1595324807070	-12.082	-2.866	3.335	-1.342	0.926	3.504	127.738083	37.884392
1595324807092	1595324807089	-11.904	-3.185	2.935	-1.905	0.778	3.285	127.738083	37.884392
1595324807111	1595324807109	-11.945	-3.664	2.595	-2.204	0.686	3.072	127.738083	37.884392
1595324807131	1595324807129	-12.003	-4.172	2.679	-2.161	0.623	2.898	127.738083	37.884392
1595324807152	1595324807149	-12.022	-4.763	3.115	-1.901	0.581	2.771	127.738083	37.884392
1595324807170	1595324807168	-11.509	-5.326	3.464	-1.565	0.463	2.661	127.738083	37.884392
1595324807192	1595324807188	-10.563	-5.607	3.443	-1.175	0.312	2.573	127.738083	37.884392
1595324807209	1595324807208	-10.110	-5.801	3.452	-0.774	0.276	2.487	127.738083	37.884392
1595324807229	1595324807227	-10.043	-6.117	3.766	-0.370	0.282	2.332	127.738083	37.884392
1595324807249	1595324807247	-10.206	-6.249	3.953	0.028	0.277	2.073	127.738083	37.884392
1595324807268	1595324807267	-10.882	-6.227	3.984	0.357	0.326	1.685	127.738083	37.884392
1595324807293	1595324807289	-11.703	-6.138	4.102	0.481	0.346	1.129	127.738083	37.884392
1595324807308	1595324807306	-12.738	-6.220	4.777	0.442	0.331	0.381	127.738083	37.884392
1595324807345	1595324807345	-13.938	-6.112	5.491	0.468	0.264	-0.480	127.738106	37.884396
1595324807355	1595324807348	-12.822	-4.826	5.481	0.508	-0.024	-1.356	127.738106	37.884396
1595324807369	1595324807367	-10.482	-3.501	4.432	0.375	-0.408	-2.174	127.738106	37.884396
1595324807388	1595324807386	-10.232	-3.185	3.220	0.114	-0.593	-2.957	127.738106	37.884396
1595324807408	1595324807404	-11.988	-3.467	2.396	-0.026	-0.672	-3.655	127.738106	37.884396
1595324807427	1595324807424	-13.917	-3.860	2.015	0.179	-0.768	-4.239	127.738106	37.884396
1595324807447	1595324807445	-15.105	-3.990	1.625	0.712	-0.903	-4.696	127.738106	37.884396
1595324807465	1595324807464	-15.903	-3.836	1.318	1.386	-0.979	-4.957	127.738106	37.884396
1595324807486	1595324807485	-16.250	-3.513	1.543	1.942	-1.045	-5.019	127.738106	37.884396
1595324807504	1595324807503	-15.601	-2.854	2.202	2.165	-1.188	-4.956	127.738106	37.884396
1595324807525	1595324807523	-14.089	-2.231	2.916	1.986	-1.382	-4.833	127.738106	37.884396
1595324807545	1595324807542	-12.348	-1.973	2.820	1.441	-1.587	-4.699	127.738106	37.884396
1595324807564	1595324807562	-10.961	-1.908	1.879	0.658	-1.664	-4.550	127.738106	37.884396
1595324807586	1595324807582	-10.014	-1.889	0.872	-0.092	-1.538	-4.370	127.738106	37.884396
1595324807605	1595324807603	-9.423	-1.870	0.238	-0.579	-1.293	-4.135	127.738106	37.884396
1595324807626	1595324807623	-9.111	-2.085	-0.153	-0.715	-1.020	-3.822	127.738106	37.884396
1595324807645	1595324807645	-8.915	-2.368	-0.352	-0.526	-0.768	-3.470	127.738106	37.884396
1595324807665	1595324807665	-8.491	-2.421	-0.308	-0.056	-0.598	-3.096	127.738106	37.884396
1595324807688	1595324807688	-7.973	-1.867	-0.165	0.537	-0.484	-2.692	127.738106	37.884396
1595324807708	1595324807703	-7.988	-1.029	0.051	0.960	-0.319	-2.154	127.738106	37.884396
1595324807724	1595324807722	-8.680	-0.914	0.518	1.076	-0.133	-1.484	127.738106	37.884396
1595324807744	1595324807742	-9.641	-1.410	1.038	0.961	0.009	-0.777	127.738106	37.884396
1595324807763	1595324807761	-10.295	-1.673	1.328	0.812	0.130	-0.054	127.738106	37.884396
1595324807783	1595324807781	-10.084	-1.438	1.392	0.628	0.215	0.594	127.738106	37.884396
1595324807803	1595324807802	-10.448	-1.230	1.354	0.370	0.460	1.157	127.738106	37.884396
1595324807823	1595324807823	-12.355	-1.448	1.337	0.092	0.865	1.709	127.738106	37.884396
1595324807842	1595324807841	-13.265	-1.618	1.440	-0.181	1.060	2.188	127.738106	37.884396
1595324807863	1595324807861	-11.892	-1.934	1.924	-0.466	1.073	2.601	127.738106	37.884396
1595324807882	1595324807880	-11.147	-2.677	2.736	-0.641	1.221	3.010	127.738106	37.884396
1595324807907	1595324807903	-11.567	-3.223	3.282	-0.604	1.313	3.315	127.738106	37.884396
1595324807922	1595324807919	-11.569	-3.161	2.959	-0.475	1.203	3.465	127.738106	37.884396
1595324807941	1595324807937	-11.186	-2.773	2.578	-0.397	1.148	3.535	127.738106	37.884396
1595324807960	1595324807957	-11.040	-2.667	2.559	-0.318	1.171	3.559	127.738106	37.884396
1595324807980	1595324807976	-11.107	-2.866	2.679	-0.165	1.210	3.505	127.738106	37.884396
1595324807999	1595324807997	-10.759	-2.778	2.904	0.054	1.225	3.371	127.738106	37.884396
1595324808019	1595324808017	-10.242	-2.310	3.103	0.142	1.197	3.235	127.738106	37.884396
1595324808038	1595324808038	-10.192	-2.181	3.117	-0.093	1.125	3.203	127.738106	37.884396
1595324808057	1595324808057	-10.434	-2.466	2.878	-0.558	0.985	3.217	127.738106	37.884396
1595324808078	1595324808077	-10.585	-2.555	2.727	-1.095	0.828	3.158	127.738106	37.884396
1595324808100	1595324808099	-10.752	-2.653	2.667	-1.604	0.702	3.051	127.738106	37.884396
1595324808120	1595324808120	-10.970	-3.132	2.621	-1.978	0.614	2.920	127.738106	37.884396
1595324808136	1595324808134	-10.949	-3.681	2.700	-2.120	0.523	2.794	127.738106	37.884396
1595324808155	1595324808154	-10.743	-4.181	2.866	-2.078	0.449	2.696	127.738106	37.884396
1595324808175	1595324808174	-10.635	-4.610	2.990	-1.965	0.388	2.600	127.738106	37.884396
1595324808195	1595324808193	-10.781	-5.070	3.139	-1.750	0.345	2.484	127.738106	37.884396
1595324808216	1595324808213	-11.231	-5.595	3.325	-1.348	0.337	2.335	127.738106	37.884396
1595324808235	1595324808235	-11.742	-5.949	3.642	-0.814	0.351	2.115	127.738106	37.884396
1595324808254	1595324808254	-12.043	-5.913	3.867	-0.335	0.346	1.813	127.738106	37.884396
1595324808274	1595324808274	-12.257	-5.707	4.003	-0.063	0.362	1.419	127.738106	37.884396
1595324808296	1595324808293	-12.161	-5.403	4.296	-0.046	0.372	0.907	127.738106	37.884396
1595324808314	1595324808312	-11.765	-4.984	5.021	-0.218	0.386	0.278	127.738106	37.884396
1595324808335	1595324808333	-10.903	-4.728	6.087	-0.398	0.334	-0.390	127.738121	37.884399
1595324808353	1595324808350	-10.180	-4.979	6.605	-0.385	0.187	-1.029	127.738121	37.884399
1595324808375	1595324808372	-10.326	-5.566	5.975	-0.103	-0.037	-1.629	127.738121	37.884399
1595324808393	1595324808390	-10.867	-5.856	4.447	0.426	-0.330	-2.192	127.738121	37.884399
1595324808416	1595324808413	-11.385	-5.410	2.758	1.003	-0.605	-2.763	127.738121	37.884399
1595324808431	1595324808430	-12.290	-4.708	1.720	1.539	-0.804	-3.314	127.738121	37.884399
1595324808452	1595324808452	-13.509	-3.973	1.241	2.187	-0.951	-3.797	127.738121	37.884399
1595324808471	1595324808471	-15.035	-2.996	1.435	2.912	-1.050	-4.139	127.738121	37.884399
1595324808492	1595324808491	-16.221	-1.604	2.145	3.281	-1.250	-4.297	127.738121	37.884399
1595324808513	1595324808512	-15.697	-0.638	2.806	2.946	-1.643	-4.235	127.738121	37.884399
1595324808530	1595324808528	-13.814	-0.686	3.004	1.961	-2.042	-4.113	127.738121	37.884399
1595324808550	1595324808548	-12.209	-1.280	2.739	0.676	-2.232	-4.052	127.738121	37.884399
1595324808569	1595324808567	-11.265	-1.841	2.166	-0.515	-2.227	-4.034	127.738121	37.884399
1595324808590	1595324808587	-10.503	-2.023	1.356	-1.450	-2.096	-4.014	127.738121	37.884399
1595324808609	1595324808606	-10.036	-2.148	0.657	-2.012	-1.828	-3.927	127.738121	37.884399
1595324808628	1595324808628	-9.828	-2.488	0.187	-2.114	-1.488	-3.765	127.738121	37.884399
1595324808649	1595324808648	-9.643	-2.936	-0.062	-1.760	-1.164	-3.558	127.738121	37.884399
1595324808668	1595324808667	-9.327	-3.168	-0.050	-1.054	-0.898	-3.341	127.738121	37.884399
1595324808688	1595324808688	-8.793	-2.802	-0.047	-0.223	-0.719	-3.085	127.738121	37.884399
1595324808707	1595324808706	-8.273	-1.841	-0.057	0.422	-0.574	-2.722	127.738121	37.884399
1595324808727	1595324808727	-7.973	-1.058	0.139	0.680	-0.419	-2.223	127.738121	37.884399
1595324808748	1595324808745	-7.928	-1.022	0.652	0.566	-0.251	-1.649	127.738121	37.884399
1595324808767	1595324808764	-8.163	-1.556	1.150	0.332	-0.056	-1.060	127.738121	37.884399
1595324808788	1595324808786	-8.381	-2.001	1.591	0.193	0.158	-0.473	127.738121	37.884399
1595324808805	1595324808804	-8.613	-1.985	1.917	0.193	0.383	0.096	127.738121	37.884399
1595324808828	1595324808824	-9.372	-1.800	2.097	0.273	0.678	0.673	127.738121	37.884399
1595324808846	1595324808845	-11.009	-1.927	1.886	0.348	1.013	1.317	127.738121	37.884399
1595324808867	1595324808866	-12.494	-2.083	1.720	0.317	1.271	1.984	127.738121	37.884399
1595324808886	1595324808885	-11.880	-2.164	1.711	0.131	1.334	2.581	127.738121	37.884399
1595324808907	1595324808906	-10.381	-2.411	2.252	-0.111	1.406	3.090	127.738121	37.884399
1595324808925	1595324808923	-10.692	-2.998	3.024	-0.188	1.598	3.539	127.738121	37.884399
1595324808952	1595324808945	-11.624	-3.472	3.335	-0.022	1.648	3.832	127.738121	37.884399
1595324808967	1595324808965	-11.619	-3.125	3.024	0.179	1.525	3.942	127.738121	37.884399
1595324808985	1595324808982	-11.837	-2.682	2.717	0.290	1.512	4.014	127.738121	37.884399
1595324809004	1595324809002	-12.604	-2.799	2.736	0.352	1.543	4.057	127.738121	37.884399
1595324809024	1595324809022	-12.693	-3.000	2.885	0.443	1.489	3.974	127.738121	37.884399
1595324809044	1595324809042	-12.079	-2.821	3.189	0.548	1.427	3.828	127.738121	37.884399
1595324809063	1595324809063	-11.382	-2.423	3.390	0.446	1.355	3.704	127.738121	37.884399
1595324809083	1595324809083	-10.886	-2.394	3.314	0.017	1.216	3.609	127.738121	37.884399
1595324809103	1595324809102	-10.774	-2.495	3.246	-0.556	1.067	3.474	127.738121	37.884399
1595324809125	1595324809125	-11.004	-2.253	3.328	-1.186	0.931	3.267	127.738121	37.884399
1595324809144	1595324809144	-11.186	-2.320	3.081	-1.908	0.752	3.014	127.738121	37.884399
1595324809162	1595324809160	-11.248	-2.991	2.743	-2.478	0.583	2.769	127.738121	37.884399
1595324809181	1595324809179	-11.248	-3.786	2.760	-2.651	0.476	2.561	127.738121	37.884399
1595324809201	1595324809198	-11.028	-4.560	2.969	-2.529	0.383	2.376	127.738121	37.884399
1595324809220	1595324809217	-10.496	-5.161	2.985	-2.232	0.258	2.210	127.738121	37.884399
1595324809242	1595324809237	-9.641	-5.540	2.775	-1.777	0.135	2.060	127.738121	37.884399
1595324809260	1595324809258	-9.071	-5.853	2.621	-1.206	0.103	1.880	127.738121	37.884399
1595324809280	1595324809278	-9.439	-6.143	2.753	-0.510	0.211	1.633	127.738121	37.884399
1595324809299	1595324809295	-10.266	-6.038	3.208	0.197	0.336	1.317	127.738121	37.884399
1595324809318	1595324809315	-10.728	-5.597	3.539	0.673	0.373	0.928	127.738136	37.884403
1595324809346	1595324809335	-11.433	-5.238	3.972	0.811	0.425	0.479	127.738136	37.884403
1595324809357	1595324809355	-12.515	-5.209	5.127	0.724	0.426	-0.071	127.738136	37.884403
1595324809376	1595324809375	-13.356	-5.393	6.202	0.545	0.263	-0.712	127.738136	37.884403
1595324809397	1595324809394	-13.097	-5.211	6.250	0.355	-0.065	-1.355	127.738136	37.884403
1595324809421	1595324809417	-11.567	-4.601	4.964	0.215	-0.527	-2.041	127.738136	37.884403
1595324809436	1595324809435	-10.965	-4.109	3.448	0.185	-0.797	-2.780	127.738136	37.884403
1595324809456	1595324809454	-12.240	-4.090	2.564	0.323	-0.884	-3.533	127.738136	37.884403
1595324809475	1595324809475	-14.551	-4.124	2.259	0.775	-0.914	-4.197	127.738136	37.884403
1595324809498	1595324809493	-17.213	-3.721	2.379	1.441	-0.965	-4.723	127.738136	37.884403
1595324809514	1595324809514	-18.815	-2.878	2.636	1.842	-1.172	-5.009	127.738136	37.884403
1595324809537	1595324809535	-17.373	-2.140	2.513	1.686	-1.550	-5.019	127.738136	37.884403
1595324809554	1595324809552	-14.767	-2.126	2.300	1.215	-1.794	-4.944	127.738136	37.884403
1595324809574	1595324809572	-13.114	-2.351	2.231	0.771	-1.801	-4.838	127.738136	37.884403
1595324809594	1595324809591	-11.938	-2.279	1.907	0.322	-1.786	-4.677	127.738136	37.884403
1595324809613	1595324809611	-10.922	-2.248	1.160	-0.144	-1.732	-4.457	127.738136	37.884403
1595324809633	1595324809631	-10.175	-2.416	0.487	-0.493	-1.570	-4.182	127.738136	37.884403
1595324809653	1595324809653	-9.696	-2.627	0.099	-0.524	-1.340	-3.865	127.738136	37.884403
1595324809672	1595324809672	-9.566	-2.785	-0.172	-0.303	-1.124	-3.512	127.738136	37.884403
1595324809693	1595324809692	-9.607	-2.928	-0.273	0.064	-0.942	-3.163	127.738136	37.884403
1595324809711	1595324809712	-9.310	-2.761	-0.205	0.495	-0.859	-2.850	127.738136	37.884403
1595324809731	1595324809731	-8.754	-2.114	-0.110	0.847	-0.805	-2.566	127.738136	37.884403
1595324809752	1595324809752	-8.520	-1.324	-0.074	0.933	-0.680	-2.225	127.738136	37.884403
1595324809775	1595324809769	-8.512	-0.895	-0.028	0.762	-0.534	-1.798	127.738136	37.884403
1595324809794	1595324809790	-8.740	-0.583	0.197	0.495	-0.334	-1.310	127.738136	37.884403
1595324809810	1595324809808	-9.171	-0.483	0.724	0.278	-0.061	-0.728	127.738136	37.884403
1595324809834	1595324809831	-9.190	-0.552	1.150	0.158	0.167	-0.104	127.738136	37.884403
1595324809850	1595324809847	-9.435	-0.571	1.385	0.135	0.465	0.505	127.738136	37.884403
1595324809874	1595324809872	-10.987	-0.456	1.407	0.103	0.928	1.171	127.738136	37.884403
1595324809889	1595324809889	-12.158	-0.590	1.560	-0.004	1.278	1.865	127.738136	37.884403
1595324809910	1595324809908	-11.559	-1.369	2.281	-0.105	1.415	2.432	127.738136	37.884403
1595324809928	1595324809928	-11.068	-2.608	3.220	0.035	1.639	2.905	127.738136	37.884403
1595324809949	1595324809947	-11.634	-2.840	3.702	0.317	1.828	3.272	127.738136	37.884403
1595324809971	1595324809968	-12.043	-1.937	3.297	0.390	1.820	3.521	127.738136	37.884403
1595324809988	1595324809985	-12.585	-1.438	2.937	0.095	1.812	3.797	127.738136	37.884403
1595324810006	1595324810005	-13.593	-1.958	3.052	-0.239	1.763	4.090	127.738136	37.884403
1595324810026	1595324810025	-14.060	-2.548	3.151	-0.402	1.577	4.247	127.738136	37.884403
1595324810047	1595324810044	-13.533	-2.617	3.040	-0.537	1.355	4.265	127.738136	37.884403
1595324810066	1595324810064	-12.659	-2.473	3.064	-0.766	1.188	4.219	127.738136	37.884403
1595324810086	1595324810086	-12.070	-2.629	3.151	-1.112	1.061	4.163	127.738136	37.884403
1595324810105	1595324810105	-11.952	-3.254	3.146	-1.438	0.976	4.094	127.738136	37.884403
1595324810125	1595324810125	-12.089	-3.683	3.232	-1.601	0.901	3.943	127.738136	37.884403
1595324810146	1595324810146	-12.060	-3.614	3.268	-1.702	0.800	3.720	127.738136	37.884403
1595324810166	1595324810166	-12.022	-3.664	2.993	-1.839	0.700	3.496	127.738136	37.884403
1595324810186	1595324810183	-12.108	-4.157	2.660	-1.901	0.618	3.287	127.738136	37.884403
1595324810204	1595324810203	-12.000	-4.821	2.717	-1.693	0.564	3.077	127.738136	37.884403
1595324810224	1595324810222	-11.231	-5.159	3.088	-1.255	0.512	2.845	127.738136	37.884403
1595324810245	1595324810243	-10.486	-5.334	3.546	-0.762	0.507	2.605	127.738136	37.884403
1595324810264	1595324810264	-10.328	-5.528	4.094	-0.319	0.558	2.364	127.738136	37.884403
1595324810289	1595324810285	-10.522	-5.724	4.492	0.038	0.561	2.118	127.738136	37.884403
1595324810308	1595324810301	-10.695	-5.829	4.643	0.307	0.499	1.815	127.738136	37.884403
1595324810326	1595324810324	-11.056	-5.688	4.550	0.486	0.438	1.429	127.738152	37.884415
1595324810347	1595324810347	-11.854	-5.271	4.509	0.497	0.420	0.940	127.738152	37.884415
1595324810371	1595324810368	-12.489	-4.845	4.918	0.247	0.356	0.320	127.738152	37.884415
1595324810382	1595324810381	-12.563	-4.747	5.963	-0.124	0.192	-0.402	127.738152	37.884415
1595324810403	1595324810401	-12.096	-4.981	6.588	-0.292	-0.065	-1.133	127.738152	37.884415
1595324810422	1595324810420	-11.456	-4.919	5.862	-0.285	-0.371	-1.834	127.738152	37.884415
1595324810443	1595324810441	-11.514	-4.790	4.451	-0.207	-0.661	-2.552	127.738152	37.884415
1595324810462	1595324810461	-11.672	-4.454	3.273	-0.084	-0.904	-3.286	127.738152	37.884415
1595324810482	1595324810480	-12.657	-4.299	2.497	0.212	-1.040	-4.022	127.738152	37.884415
1595324810501	1595324810499	-14.992	-4.347	1.991	0.901	-1.038	-4.662	127.738152	37.884415
1595324810520	1595324810519	-17.464	-3.779	1.764	1.799	-1.071	-5.116	127.738152	37.884415
1595324810540	1595324810538	-18.516	-2.806	1.752	2.381	-1.261	-5.291	127.738152	37.884415
1595324810561	1595324810561	-17.388	-2.224	2.085	2.396	-1.589	-5.221	127.738152	37.884415
1595324810579	1595324810578	-15.536	-2.066	2.564	1.986	-1.842	-5.101	127.738152	37.884415
1595324810598	1595324810596	-14.120	-1.989	2.657	1.384	-1.945	-4.975	127.738152	37.884415
1595324810618	1595324810616	-12.827	-1.975	2.214	0.706	-1.991	-4.805	127.738152	37.884415
1595324810638	1595324810635	-11.490	-1.884	1.280	-0.091	-1.971	-4.611	127.738152	37.884415
1595324810657	1595324810655	-10.414	-1.934	0.516	-0.781	-1.788	-4.400	127.738152	37.884415
1595324810677	1595324810675	-9.629	-2.172	0.118	-1.112	-1.498	-4.158	127.738152	37.884415
1595324810696	1595324810696	-9.051	-2.421	-0.079	-1.003	-1.195	-3.868	127.738152	37.884415
1595324810716	1595324810716	-8.635	-2.507	-0.076	-0.549	-0.925	-3.542	127.738152	37.884415
1595324810736	1595324810736	-8.117	-2.179	-0.064	0.101	-0.754	-3.161	127.738152	37.884415
1595324810755	1595324810756	-7.303	-1.333	-0.141	0.687	-0.678	-2.748	127.738152	37.884415
1595324810775	1595324810775	-6.661	-0.449	-0.079	0.954	-0.569	-2.279	127.738152	37.884415
1595324810797	1595324810797	-6.615	0.054	0.048	0.880	-0.347	-1.719	127.738152	37.884415
1595324810814	1595324810813	-7.092	-0.061	0.365	0.594	-0.069	-1.068	127.738152	37.884415
1595324810836	1595324810834	-7.875	-0.598	0.846	0.290	0.211	-0.378	127.738152	37.884415
1595324810853	1595324810852	-8.886	-1.276	1.320	0.173	0.540	0.337	127.738152	37.884415
1595324810878	1595324810876	-10.058	-1.791	1.670	0.240	0.894	1.024	127.738152	37.884415
1595324810894	1595324810894	-11.413	-1.889	1.603	0.368	1.215	1.623	127.738152	37.884415
1595324810917	1595324810914	-13.349	-1.913	1.627	0.376	1.606	2.221	127.738152	37.884415
1595324810933	1595324810933	-14.954	-2.392	2.178	0.241	1.925	2.843	127.738152	37.884415
1595324810956	1595324810956	-13.917	-2.871	3.074	0.149	1.909	3.292	127.738152	37.884415
1595324810972	1595324810972	-12.036	-2.785	3.620	0.144	1.843	3.571	127.738152	37.884415
1595324810994	1595324810993	-11.789	-2.275	3.395	0.041	1.889	3.765	127.738152	37.884415
1595324811012	1595324811010	-12.415	-1.759	2.798	-0.312	1.826	3.851	127.738152	37.884415
1595324811031	1595324811029	-12.937	-1.659	2.489	-0.744	1.657	3.878	127.738152	37.884415
1595324811052	1595324811048	-13.026	-1.834	2.513	-1.059	1.465	3.871	127.738152	37.884415
1595324811071	1595324811068	-12.915	-2.243	2.755	-1.254	1.315	3.834	127.738152	37.884415
1595324811091	1595324811089	-12.563	-2.694	3.069	-1.386	1.172	3.741	127.738152	37.884415
1595324811110	1595324811110	-12.077	-3.113	3.373	-1.499	1.056	3.670	127.738152	37.884415
1595324811129	1595324811129	-11.926	-3.448	3.896	-1.730	0.962	3.648	127.738152	37.884415
1595324811150	1595324811150	-12.005	-3.635	3.476	-2.019	0.787	3.635	127.738152	37.884415
1595324811169	1595324811169	-11.897	-3.932	3.505	-1.904	0.631	3.552	127.738152	37.884415
1595324811190	1595324811188	-11.603	-3.681	3.409	-1.870	0.479	3.445	127.738152	37.884415
1595324811211	1595324811207	-11.171	-3.724	2.959	-1.906	0.299	3.381	127.738152	37.884415
1595324811228	1595324811226	-11.193	-4.086	2.681	-1.893	0.197	3.327	127.738152	37.884415
1595324811248	1595324811246	-11.387	-4.668	2.923	-1.750	0.132	3.235	127.738152	37.884415
1595324811268	1595324811265	-11.159	-5.250	3.256	-1.466	0.047	3.063	127.738152	37.884415
1595324811292	1595324811289	-10.994	-5.750	3.436	-1.023	0.044	2.842	127.738152	37.884415
1595324811306	1595324811304	-11.064	-5.947	3.625	-0.495	0.099	2.581	127.738152	37.884415
1595324811330	1595324811324	-10.982	-5.741	3.639	-0.070	0.112	2.253	127.738159	37.884426
1595324811349	1595324811349	-11.090	-5.722	3.333	0.159	0.128	1.843	127.738159	37.884426
1595324811367	1595324811365	-11.500	-5.597	3.163	0.199	0.200	1.274	127.738159	37.884426
1595324811389	1595324811389	-11.854	-5.247	3.555	0.094	0.271	0.556	127.738159	37.884426
1595324811407	1595324811404	-12.705	-5.238	4.432	-0.030	0.324	-0.244	127.738159	37.884426
1595324811424	1595324811423	-13.303	-5.180	5.060	-0.043	0.274	-1.022	127.738159	37.884426
1595324811448	1595324811445	-11.698	-4.572	4.837	-0.124	-0.029	-1.742	127.738159	37.884426
1595324811465	1595324811463	-10.072	-4.296	3.886	-0.261	-0.307	-2.468	127.738159	37.884426
1595324811485	1595324811485	-10.105	-4.490	2.882	-0.188	-0.395	-3.172	127.738159	37.884426
1595324811504	1595324811504	-11.694	-4.670	2.195	0.221	-0.376	-3.814	127.738159	37.884426
1595324811525	1595324811525	-14.080	-4.658	1.907	0.944	-0.360	-4.342	127.738159	37.884426
1595324811545	1595324811545	-16.001	-4.143	1.658	1.697	-0.463	-4.737	127.738159	37.884426
1595324811565	1595324811564	-16.873	-3.283	1.491	2.187	-0.652	-4.950	127.738159	37.884426
1595324811586	1595324811586	-16.221	-2.495	1.637	2.333	-0.891	-4.977	127.738159	37.884426
1595324811608	1595324811603	-14.578	-2.018	1.955	2.191	-1.119	-4.914	127.738159	37.884426
1595324811623	1595324811621	-13.150	-1.843	2.176	1.843	-1.262	-4.794	127.738159	37.884426
1595324811643	1595324811641	-12.103	-1.886	1.979	1.303	-1.362	-4.619	127.738159	37.884426
1595324811663	1595324811661	-11.219	-2.083	1.373	0.654	-1.418	-4.409	127.738159	37.884426
1595324811683	1595324811680	-10.508	-2.260	0.822	0.127	-1.360	-4.178	127.738159	37.884426
1595324811703	1595324811702	-10.012	-2.339	0.456	-0.107	-1.225	-3.933	127.738159	37.884426
1595324811722	1595324811721	-9.792	-2.433	0.286	-0.078	-1.071	-3.683	127.738159	37.884426
1595324811742	1595324811740	-9.590	-2.490	0.060	0.153	-0.938	-3.432	127.738159	37.884426
1595324811761	1595324811760	-9.358	-2.128	-0.074	0.493	-0.831	-3.145	127.738159	37.884426
1595324811781	1595324811779	-9.303	-1.446	0.022	0.766	-0.717	-2.724	127.738159	37.884426
1595324811801	1595324811797	-9.214	-0.888	0.238	0.848	-0.626	-2.173	127.738159	37.884426
1595324811820	1595324811817	-9.231	-0.650	0.571	0.749	-0.521	-1.535	127.738159	37.884426
1595324811840	1595324811836	-9.636	-0.933	1.009	0.518	-0.350	-0.860	127.738159	37.884426
1595324811859	1595324811856	-10.125	-0.957	1.364	0.286	-0.149	-0.213	127.738159	37.884426
1595324811877	1595324811876	-10.211	-0.128	1.455	0.138	0.067	0.414	127.738159	37.884426
1595324811898	1595324811897	-10.180	0.502	1.280	-0.045	0.368	0.987	127.738159	37.884426
1595324811918	1595324811918	-11.025	0.078	1.263	-0.308	0.804	1.506	127.738159	37.884426
1595324811937	1595324811937	-12.338	-1.230	1.701	-0.409	1.187	2.037	127.738159	37.884426
1595324811957	1595324811956	-12.781	-2.406	2.317	-0.201	1.324	2.546	127.738159	37.884426
1595324811976	1595324811976	-12.276	-2.758	2.954	0.163	1.305	2.974	127.738159	37.884426
1595324811998	1595324811998	-11.883	-2.337	2.921	0.279	1.254	3.303	127.738159	37.884426
1595324812017	1595324812015	-11.962	-1.836	2.382	-0.000	1.199	3.548	127.738159	37.884426
1595324812036	1595324812034	-11.972	-1.601	1.960	-0.498	1.107	3.737	127.738159	37.884426
1595324812055	1595324812053	-12.024	-1.774	1.974	-0.926	1.043	3.874	127.738159	37.884426
1595324812074	1595324812073	-12.151	-2.234	2.245	-1.153	0.975	3.949	127.738159	37.884426
1595324812096	1595324812092	-11.962	-2.670	2.343	-1.255	0.842	3.967	127.738159	37.884426
1595324812114	1595324812112	-11.581	-2.948	2.324	-1.361	0.703	3.959	127.738159	37.884426
1595324812135	1595324812134	-11.325	-3.259	2.216	-1.537	0.576	3.970	127.738159	37.884426
1595324812154	1595324812154	-11.205	-3.614	2.056	-1.686	0.465	3.962	127.738159	37.884426
1595324812174	1595324812174	-11.076	-3.760	1.974	-1.703	0.385	3.862	127.738159	37.884426
1595324812193	1595324812193	-10.973	-3.633	2.075	-1.655	0.365	3.685	127.738159	37.884426
1595324812217	1595324812211	-11.344	-3.700	2.410	-1.664	0.413	3.505	127.738159	37.884426
1595324812235	1595324812233	-12.228	-4.277	2.997	-1.665	0.462	3.338	127.738159	37.884426
1595324812254	1595324812251	-12.522	-5.152	3.584	-1.505	0.418	3.155	127.738159	37.884426
1595324812272	1595324812270	-11.861	-5.789	3.836	-1.119	0.320	2.969	127.738159	37.884426
1595324812295	1595324812293	-11.373	-6.213	3.857	-0.542	0.307	2.784	127.738159	37.884426
1595324812315	1595324812312	-11.236	-6.400	3.879	0.097	0.346	2.528	127.738174	37.884438
1595324812334	1595324812333	-11.097	-6.002	3.915	0.617	0.378	2.151	127.738174	37.884438
1595324812352	1595324812348	-11.119	-5.379	3.917	0.868	0.412	1.663	127.738174	37.884438
1595324812375	1595324812371	-11.344	-4.857	3.917	0.730	0.436	1.054	127.738174	37.884438
1595324812390	1595324812388	-11.516	-4.517	4.466	0.326	0.423	0.343	127.738174	37.884438
1595324812411	1595324812410	-11.809	-4.591	5.601	-0.038	0.343	-0.419	127.738174	37.884438
1595324812433	1595324812431	-11.883	-5.034	5.999	-0.190	0.160	-1.132	127.738174	37.884438
1595324812450	1595324812447	-11.375	-5.439	5.235	-0.198	-0.134	-1.791	127.738174	37.884438
1595324812469	1595324812467	-10.728	-5.413	3.994	-0.004	-0.417	-2.478	127.738174	37.884438
1595324812489	1595324812487	-10.767	-4.807	2.897	0.349	-0.574	-3.188	127.738174	37.884438
1595324812508	1595324812506	-12.412	-4.459	2.269	0.836	-0.613	-3.873	127.738174	37.884438
1595324812528	1595324812527	-14.769	-4.153	1.905	1.534	-0.652	-4.458	127.738174	37.884438
1595324812548	1595324812547	-16.832	-3.350	1.840	2.190	-0.752	-4.895	127.738174	37.884438
1595324812567	1595324812567	-17.282	-2.421	1.953	2.434	-0.993	-5.105	127.738174	37.884438
1595324812590	1595324812588	-15.785	-1.949	2.044	2.259	-1.317	-5.131	127.738174	37.884438
1595324812606	1595324812606	-14.161	-1.827	2.276	1.853	-1.499	-5.102	127.738174	37.884438
1595324812626	1595324812626	-13.004	-1.745	2.331	1.322	-1.582	-5.018	127.738174	37.884438
1595324812646	1595324812644	-11.912	-1.846	1.907	0.708	-1.628	-4.869	127.738174	37.884438
1595324812665	1595324812664	-10.882	-2.045	1.112	0.061	-1.591	-4.680	127.738174	37.884438
1595324812686	1595324812683	-10.182	-2.289	0.437	-0.393	-1.412	-4.456	127.738174	37.884438
1595324812705	1595324812703	-9.811	-2.464	0.130	-0.498	-1.150	-4.187	127.738174	37.884438
1595324812725	1595324812723	-9.722	-2.493	0.082	-0.247	-0.888	-3.861	127.738174	37.884438
1595324812746	1595324812745	-9.598	-2.203	0.130	0.244	-0.701	-3.447	127.738174	37.884438
1595324812765	1595324812765	-9.274	-1.362	0.257	0.792	-0.613	-2.918	127.738174	37.884438
1595324812787	1595324812785	-9.047	-0.411	0.439	1.125	-0.559	-2.261	127.738174	37.884438
1595324812805	1595324812805	-8.630	-0.042	0.664	1.094	-0.544	-1.530	127.738174	37.884438
1595324812831	1595324812825	-8.124	-0.253	0.856	0.815	-0.490	-0.819	127.738174	37.884438
1595324812845	1595324812843	-8.855	-0.902	1.330	0.502	-0.178	-0.093	127.738174	37.884438
1595324812866	1595324812863	-10.127	-1.288	1.915	0.398	0.166	0.566	127.738174	37.884438
1595324812884	1595324812882	-10.594	-1.031	2.145	0.487	0.332	1.056	127.738174	37.884438
1595324812905	1595324812902	-11.488	-0.878	2.010	0.429	0.599	1.466	127.738174	37.884438
1595324812924	1595324812921	-13.301	-1.106	1.673	0.154	0.957	1.898	127.738174	37.884438
1595324812944	1595324812944	-13.720	-1.479	1.869	-0.152	1.097	2.309	127.738174	37.884438
1595324812963	1595324812962	-12.319	-2.088	2.638	-0.370	1.104	2.667	127.738174	37.884438
1595324812983	1595324812983	-11.212	-2.533	3.239	-0.435	1.156	2.973	127.738174	37.884438
1595324813003	1595324813002	-10.858	-2.504	3.074	-0.462	1.171	3.161	127.738174	37.884438
1595324813024	1595324813024	-10.635	-2.255	2.513	-0.622	1.145	3.274	127.738174	37.884438
1595324813044	1595324813042	-10.321	-2.148	2.183	-0.832	1.125	3.350	127.738174	37.884438
1595324813061	1595324813058	-10.402	-2.356	2.082	-0.876	1.156	3.402	127.738174	37.884438
1595324813080	1595324813077	-10.982	-2.909	2.221	-0.685	1.213	3.452	127.738174	37.884438
1595324813100	1595324813097	-10.968	-3.309	2.609	-0.408	1.172	3.444	127.738174	37.884438
1595324813120	1595324813117	-10.333	-3.295	2.839	-0.247	1.062	3.433	127.738174	37.884438
1595324813140	1595324813138	-9.981	-3.235	2.868	-0.270	0.978	3.487	127.738174	37.884438
1595324813159	1595324813158	-10.005	-3.182	2.849	-0.420	0.903	3.508	127.738174	37.884438
1595324813178	1595324813178	-10.065	-3.027	2.861	-0.666	0.828	3.445	127.738174	37.884438
1595324813198	1595324813198	-10.462	-3.082	3.165	-0.989	0.800	3.334	127.738174	37.884438
1595324813217	1595324813217	-11.109	-3.501	3.548	-1.306	0.746	3.187	127.738174	37.884438
1595324813237	1595324813237	-11.385	-4.107	3.869	-1.495	0.635	2.991	127.738174	37.884438
1595324813263	1595324813255	-11.195	-4.577	4.070	-1.523	0.527	2.747	127.738174	37.884438
1595324813277	1595324813274	-10.723	-4.974	4.233	-1.384	0.445	2.456	127.738174	37.884438
1595324813296	1595324813294	-10.048	-5.247	4.368	-1.061	0.393	2.104	127.738174	37.884438
1595324813325	1595324813320	-9.526	-5.338	4.437	-0.640	0.374	1.702	127.738182	37.884449
1595324813336	1595324813333	-9.684	-5.365	4.449	-0.220	0.390	1.263	127.738182	37.884449
1595324813355	1595324813353	-10.386	-5.329	4.485	0.160	0.396	0.810	127.738182	37.884449
1595324813377	1595324813375	-11.437	-5.144	4.645	0.425	0.388	0.335	127.738182	37.884449
1595324813395	1595324813393	-12.163	-4.689	4.988	0.490	0.322	-0.184	127.738182	37.884449
1595324813417	1595324813417	-12.316	-4.078	5.280	0.304	0.195	-0.719	127.738182	37.884449
1595324813435	1595324813435	-13.102	-4.038	5.604	-0.027	0.097	-1.231	127.738182	37.884449
1595324813459	1595324813454	-13.663	-4.493	5.819	-0.247	-0.096	-1.702	127.738182	37.884449
1595324813474	1595324813471	-12.237	-4.627	5.050	-0.220	-0.468	-2.130	127.738182	37.884449
1595324813497	1595324813495	-10.527	-4.165	3.723	-0.021	-0.743	-2.605	127.738182	37.884449
1595324813512	1595324813510	-10.395	-3.681	2.655	0.249	-0.827	-3.111	127.738182	37.884449
1595324813532	1595324813530	-11.787	-3.592	1.994	0.659	-0.807	-3.589	127.738182	37.884449
1595324813552	1595324813551	-13.660	-3.458	1.680	1.211	-0.777	-3.984	127.738182	37.884449
1595324813571	1595324813571	-15.316	-2.917	1.555	1.705	-0.809	-4.250	127.738182	37.884449
1595324813592	1595324813590	-15.522	-2.267	1.601	1.847	-0.975	-4.322	127.738182	37.884449
1595324813610	1595324813609	-14.115	-1.908	1.869	1.614	-1.217	-4.246	127.738182	37.884449
1595324813631	1595324813631	-12.628	-1.977	2.058	1.216	-1.354	-4.101	127.738182	37.884449
1595324813658	1595324813658	-11.552	-2.114	1.974	0.696	-1.421	-3.921	127.738182	37.884449
1595324813671	1595324813668	-10.386	-2.021	1.486	0.081	-1.480	-3.750	127.738182	37.884449
1595324813690	1595324813688	-9.186	-1.920	0.968	-0.471	-1.435	-3.576	127.738182	37.884449
1595324813709	1595324813707	-8.258	-1.932	0.575	-0.814	-1.260	-3.382	127.738182	37.884449
1595324813729	1595324813727	-7.753	-2.126	0.396	-0.874	-1.038	-3.177	127.738182	37.884449
1595324813750	1595324813748	-7.595	-2.378	0.422	-0.659	-0.799	-2.966	127.738182	37.884449
1595324813768	1595324813769	-7.571	-2.574	0.494	-0.207	-0.590	-2.710	127.738182	37.884449
1595324813793	1595324813791	-7.461	-2.425	0.690	0.350	-0.440	-2.399	127.738182	37.884449
1595324813808	1595324813808	-7.346	-1.831	1.035	0.815	-0.329	-2.014	127.738182	37.884449
1595324813830	1595324813830	-7.303	-1.280	1.299	1.023	-0.238	-1.523	127.738182	37.884449
1595324813849	1595324813846	-7.466	-1.118	1.366	0.957	-0.134	-0.950	127.738182	37.884449
1595324813869	1595324813865	-7.921	-1.331	1.687	0.703	0.043	-0.331	127.738182	37.884449
1595324813887	1595324813885	-8.381	-1.671	2.293	0.421	0.238	0.290	127.738182	37.884449
1595324813906	1595324813904	-8.879	-1.891	2.748	0.184	0.454	0.876	127.738182	37.884449
1595324813926	1595324813924	-10.050	-2.164	3.251	0.002	0.730	1.441	127.738182	37.884449
1595324813949	1595324813948	-12.417	-2.663	3.292	-0.037	1.014	2.035	127.738182	37.884449
1595324813966	1595324813966	-14.381	-2.730	2.782	0.028	1.224	2.613	127.738182	37.884449
1595324813987	1595324813986	-13.311	-2.368	2.892	-0.064	1.229	3.060	127.738182	37.884449
1595324814005	1595324814005	-11.710	-2.706	3.445	-0.274	1.219	3.437	127.738182	37.884449
1595324814025	1595324814025	-11.507	-3.082	3.888	-0.333	1.253	3.684	127.738182	37.884449
1595324814050	1595324814045	-11.658	-2.689	3.611	-0.358	1.155	3.737	127.738182	37.884449
1595324814065	1595324814065	-12.151	-2.145	3.038	-0.583	1.057	3.720	127.738182	37.884449
1595324814086	1595324814083	-12.436	-2.277	2.942	-0.926	0.928	3.622	127.738182	37.884449
1595324814104	1595324814103	-11.979	-2.847	3.290	-1.185	0.745	3.431	127.738182	37.884449
1595324814125	1595324814123	-10.992	-3.032	3.572	-1.242	0.588	3.178	127.738182	37.884449
1595324814145	1595324814142	-9.679	-2.425	3.349	-1.317	0.440	2.884	127.738182	37.884449
1595324814164	1595324814162	-8.735	-2.128	2.911	-1.640	0.310	2.681	127.738182	37.884449
1595324814184	1595324814184	-8.359	-2.550	2.695	-2.076	0.187	2.551	127.738182	37.884449
1595324814204	1595324814203	-8.345	-2.996	2.482	-2.405	0.074	2.409	127.738182	37.884449
1595324814223	1595324814223	-8.771	-3.384	2.276	-2.511	0.011	2.252	127.738182	37.884449
1595324814243	1595324814243	-9.207	-3.899	2.135	-2.371	-0.055	2.095	127.738182	37.884449
1595324814263	1595324814263	-9.456	-4.557	2.152	-1.972	-0.088	1.951	127.738182	37.884449
1595324814286	1595324814282	-9.842	-5.113	2.250	-1.316	-0.015	1.832	127.738182	37.884449
1595324814302	1595324814301	-10.240	-5.393	2.578	-0.469	0.109	1.746	127.738182	37.884449
1595324814325	1595324814323	-9.966	-5.247	2.885	0.376	0.196	1.694	127.738197	37.884460
1595324814341	1595324814340	-9.277	-4.874	3.076	0.981	0.278	1.668	127.738197	37.884460
1595324814362	1595324814358	-9.566	-4.728	3.321	1.289	0.442	1.639	127.738197	37.884460
1595324814380	1595324814377	-10.848	-4.787	3.812	1.458	0.584	1.535	127.738197	37.884460
1595324814401	1595324814397	-11.689	-4.409	4.035	1.470	0.560	1.271	127.738197	37.884460
1595324814420	1595324814416	-12.508	-3.793	3.886	1.130	0.505	0.899	127.738197	37.884460
1595324814441	1595324814438	-13.838	-3.695	3.929	0.490	0.442	0.441	127.738197	37.884460
1595324814463	1595324814463	-14.729	-4.078	4.317	-0.074	0.296	-0.118	127.738197	37.884460
1595324814482	1595324814476	-14.120	-4.354	4.784	-0.302	0.101	-0.715	127.738197	37.884460
1595324814498	1595324814495	-11.974	-4.119	4.578	-0.355	-0.149	-1.323	127.738197	37.884460
1595324814517	1595324814514	-10.237	-4.086	3.800	-0.366	-0.340	-1.951	127.738197	37.884460
1595324814537	1595324814535	-10.110	-4.311	2.969	-0.164	-0.405	-2.578	127.738197	37.884460
1595324814556	1595324814554	-11.610	-4.354	2.334	0.347	-0.378	-3.118	127.738197	37.884460
1595324814576	1595324814575	-13.198	-4.112	1.929	0.956	-0.412	-3.563	127.738197	37.884460
1595324814596	1595324814594	-13.723	-3.590	1.603	1.469	-0.534	-3.903	127.738197	37.884460
1595324814616	1595324814615	-13.473	-2.902	1.483	1.848	-0.623	-4.104	127.738197	37.884460
1595324814636	1595324814635	-12.843	-2.356	1.632	1.998	-0.697	-4.176	127.738197	37.884460
1595324814655	1595324814654	-11.799	-2.009	1.816	1.852	-0.820	-4.152	127.738197	37.884460
1595324814676	1595324814676	-10.719	-1.906	1.852	1.494	-0.924	-4.054	127.738197	37.884460
1595324814695	1595324814692	-9.782	-2.030	1.596	1.042	-0.989	-3.910	127.738197	37.884460
1595324814714	1595324814712	-8.932	-2.148	1.241	0.629	-1.005	-3.745	127.738197	37.884460
1595324814734	1595324814732	-8.237	-2.198	0.841	0.357	-0.953	-3.550	127.738197	37.884460
1595324814753	1595324814751	-7.851	-2.138	0.551	0.263	-0.836	-3.338	127.738197	37.884460
1595324814773	1595324814773	-7.782	-2.136	0.446	0.353	-0.674	-3.099	127.738197	37.884460
1595324814795	1595324814795	-7.863	-2.064	0.362	0.577	-0.536	-2.800	127.738197	37.884460
1595324814813	1595324814812	-7.928	-1.812	0.314	0.856	-0.428	-2.385	127.738197	37.884460
1595324814836	1595324814836	-8.275	-1.532	0.410	1.041	-0.298	-1.838	127.738197	37.884460
1595324814852	1595324814852	-9.047	-1.824	0.726	1.089	-0.150	-1.180	127.738197	37.884460
1595324814876	1595324814874	-9.713	-2.306	1.160	1.054	-0.069	-0.495	127.738197	37.884460
1595324814892	1595324814891	-9.974	-2.375	1.443	0.983	-0.002	0.145	127.738197	37.884460
1595324814916	1595324814912	-10.287	-2.138	1.730	0.836	0.152	0.701	127.738197	37.884460
1595324814931	1595324814931	-11.109	-1.951	2.015	0.614	0.367	1.153	127.738197	37.884460
1595324814952	1595324814950	-11.926	-1.874	2.171	0.351	0.535	1.484	127.738197	37.884460
1595324814969	1595324814968	-12.709	-1.575	1.809	0.013	0.707	1.765	127.738197	37.884460
1595324814990	1595324814988	-13.076	-1.465	1.857	-0.428	0.900	2.076	127.738197	37.884460
1595324815010	1595324815009	-12.137	-2.071	2.497	-0.818	0.920	2.365	127.738197	37.884460
1595324815029	1595324815029	-11.088	-2.917	3.024	-0.889	0.881	2.601	127.738197	37.884460
1595324815050	1595324815048	-10.879	-3.055	2.993	-0.739	0.858	2.773	127.738197	37.884460
1595324815068	1595324815068	-10.759	-2.435	2.470	-0.802	0.760	2.838	127.738197	37.884460
1595324815089	1595324815088	-10.424	-2.016	2.149	-1.099	0.654	2.847	127.738197	37.884460
1595324815108	1595324815106	-10.077	-2.284	2.264	-1.304	0.596	2.793	127.738197	37.884460
1595324815127	1595324815126	-9.957	-2.833	2.487	-1.217	0.590	2.665	127.738197	37.884460
1595324815148	1595324815145	-9.677	-3.041	2.705	-0.922	0.602	2.509	127.738197	37.884460
1595324815167	1595324815165	-9.042	-2.847	2.839	-0.711	0.552	2.368	127.738197	37.884460
1595324815188	1595324815186	-8.369	-2.828	2.707	-0.715	0.465	2.308	127.738197	37.884460
1595324815206	1595324815206	-8.088	-3.053	2.501	-0.771	0.408	2.301	127.738197	37.884460
1595324815226	1595324815226	-8.163	-3.024	2.434	-0.790	0.390	2.235	127.738197	37.884460
1595324815246	1595324815246	-8.517	-2.809	2.564	-0.824	0.407	2.125	127.738197	37.884460
1595324815265	1595324815265	-9.102	-2.955	2.712	-0.903	0.430	2.032	127.738197	37.884460
1595324815287	1595324815284	-9.705	-3.496	2.839	-0.968	0.443	1.973	127.738197	37.884460
1595324815305	1595324815303	-10.194	-3.968	3.098	-0.913	0.454	1.954	127.738197	37.884460
1595324815327	1595324815327	-10.434	-4.423	3.352	-0.688	0.455	1.959	127.738197	37.884460
1595324815346	1595324815346	-10.295	-4.799	3.692	-0.310	0.465	1.942	127.738205	37.884468
1595324815367	1595324815364	-9.954	-4.941	4.126	0.138	0.484	1.893	127.738205	37.884468
1595324815385	1595324815382	-9.995	-4.953	4.530	0.533	0.509	1.799	127.738205	37.884468
1595324815407	1595324815404	-10.491	-4.912	4.799	0.810	0.491	1.632	127.738205	37.884468
1595324815424	1595324815423	-11.356	-4.720	4.928	0.907	0.435	1.367	127.738205	37.884468
1595324815448	1595324815446	-12.221	-4.457	5.153	0.819	0.340	0.961	127.738205	37.884468
1595324815464	1595324815464	-12.853	-4.045	5.582	0.513	0.206	0.403	127.738205	37.884468
1595324815484	1595324815484	-13.857	-3.805	6.253	0.094	0.067	-0.256	127.738205	37.884468
1595324815506	1595324815506	-14.616	-3.899	6.713	-0.311	-0.157	-0.919	127.738205	37.884468
1595324815523	1595324815521	-12.769	-4.009	5.812	-0.603	-0.599	-1.546	127.738205	37.884468
1595324815543	1595324815540	-10.520	-4.083	4.260	-0.612	-0.937	-2.163	127.738205	37.884468
1595324815563	1595324815560	-10.062	-3.944	3.170	-0.378	-1.024	-2.768	127.738205	37.884468
1595324815582	1595324815580	-11.176	-4.026	2.475	0.064	-1.013	-3.311	127.738205	37.884468
1595324815602	1595324815601	-12.798	-4.112	1.953	0.763	-0.979	-3.712	127.738205	37.884468
1595324815620	1595324815620	-14.036	-3.633	1.488	1.514	-0.981	-3.925	127.738205	37.884468
1595324815641	1595324815639	-14.377	-2.895	1.421	1.979	-1.044	-3.939	127.738205	37.884468
1595324815660	1595324815658	-13.426	-2.330	1.627	2.043	-1.205	-3.796	127.738205	37.884468
1595324815679	1595324815679	-11.983	-2.107	1.991	1.790	-1.341	-3.593	127.738205	37.884468
1595324815702	1595324815697	-10.738	-2.071	2.104	1.330	-1.416	-3.403	127.738205	37.884468
1595324815723	1595324815721	-9.514	-1.992	1.697	0.728	-1.479	-3.236	127.738205	37.884468
1595324815739	1595324815736	-8.421	-1.860	1.165	0.088	-1.434	-3.112	127.738205	37.884468
1595324815757	1595324815756	-7.712	-1.824	0.590	-0.436	-1.260	-2.989	127.738205	37.884468
1595324815777	1595324815775	-7.264	-1.966	0.381	-0.706	-1.038	-2.863	127.738205	37.884468
1595324815798	1595324815795	-6.984	-2.222	0.369	-0.686	-0.824	-2.758	127.738205	37.884468
1595324815817	1595324815815	-6.970	-2.555	0.310	-0.415	-0.595	-2.638	127.738205	37.884468
1595324815838	1595324815836	-7.169	-2.610	0.223	0.012	-0.379	-2.480	127.738205	37.884468
1595324815856	1595324815856	-7.533	-2.291	0.197	0.431	-0.201	-2.234	127.738205	37.884468
1595324815877	1595324815877	-7.868	-1.870	0.470	0.728	-0.046	-1.838	127.738205	37.884468
1595324815900	1595324815899	-7.825	-1.539	0.738	0.901	0.036	-1.345	127.738205	37.884468
1595324815921	1595324815921	-7.815	-1.436	1.040	0.914	0.166	-0.790	127.738205	37.884468
1595324815936	1595324815933	-8.678	-1.791	1.723	0.782	0.446	-0.166	127.738205	37.884468
1595324815955	1595324815955	-10.113	-2.380	2.583	0.627	0.713	0.450	127.738205	37.884468
1595324815974	1595324815972	-10.956	-2.346	2.940	0.592	0.810	1.007	127.738205	37.884468
1595324815995	1595324815993	-11.238	-1.812	3.028	0.545	0.895	1.512	127.738205	37.884468
1595324816013	1595324816012	-12.475	-1.652	3.057	0.289	1.139	2.048	127.738205	37.884468
1595324816034	1595324816034	-13.572	-1.824	2.916	-0.090	1.304	2.578	127.738205	37.884468
1595324816053	1595324816054	-12.786	-1.915	3.345	-0.477	1.284	2.949	127.738205	37.884468
1595324816073	1595324816073	-11.662	-2.124	4.042	-0.800	1.204	3.219	127.738205	37.884468
1595324816093	1595324816092	-11.337	-2.409	3.989	-1.039	1.125	3.358	127.738205	37.884468
1595324816112	1595324816112	-10.992	-2.399	3.424	-1.269	1.007	3.294	127.738205	37.884468
1595324816132	1595324816130	-10.613	-2.560	3.210	-1.380	0.910	3.112	127.738205	37.884468
1595324816152	1595324816150	-10.501	-3.261	3.383	-1.095	0.887	2.853	127.738205	37.884468
1595324816171	1595324816169	-10.355	-3.456	3.591	-0.472	0.902	2.499	127.738205	37.884468
1595324816192	1595324816189	-9.619	-2.615	3.522	0.042	0.852	2.122	127.738205	37.884468
1595324816210	1595324816209	-8.826	-1.635	3.163	-0.020	0.727	1.872	127.738205	37.884468
1595324816230	1595324816230	-8.395	-1.350	2.767	-0.595	0.556	1.774	127.738205	37.884468
1595324816251	1595324816250	-8.373	-1.714	2.374	-1.250	0.416	1.741	127.738205	37.884468
1595324816270	1595324816270	-8.706	-2.150	2.118	-1.744	0.377	1.696	127.738205	37.884468
1595324816293	1595324816291	-9.322	-2.567	2.065	-2.038	0.418	1.679	127.738205	37.884468
1595324816313	1595324816312	-10.060	-3.278	2.267	-2.129	0.437	1.748	127.738205	37.884468
1595324816334	1595324816330	-10.798	-4.248	2.660	-1.976	0.407	1.923	127.738213	37.884480
1595324816349	1595324816347	-10.949	-5.075	3.057	-1.557	0.311	2.151	127.738213	37.884480
1595324816370	1595324816368	-10.105	-5.434	3.208	-0.988	0.187	2.374	127.738213	37.884480
1595324816389	1595324816386	-9.447	-5.346	3.148	-0.434	0.197	2.543	127.738213	37.884480
1595324816409	1595324816406	-9.954	-5.290	3.452	0.094	0.340	2.644	127.738213	37.884480
1595324816427	1595324816427	-11.358	-5.638	4.090	0.699	0.460	2.604	127.738213	37.884480
1595324816451	1595324816445	-12.458	-5.798	4.588	1.253	0.459	2.337	127.738213	37.884480
1595324816466	1595324816467	-12.470	-5.092	4.801	1.377	0.391	1.850	127.738213	37.884480
1595324816487	1595324816486	-11.974	-4.241	4.887	0.930	0.299	1.220	127.738213	37.884480
1595324816506	1595324816506	-11.833	-4.014	5.273	0.265	0.213	0.426	127.738213	37.884480
1595324816529	1595324816528	-12.405	-4.186	6.167	-0.126	0.130	-0.429	127.738213	37.884480
1595324816545	1595324816545	-12.005	-4.117	6.155	-0.286	-0.156	-1.182	127.738213	37.884480
1595324816565	1595324816563	-10.961	-4.344	4.569	-0.368	-0.548	-1.852	127.738213	37.884480
1595324816585	1595324816583	-10.913	-4.739	2.794	-0.211	-0.761	-2.454	127.738213	37.884480
