1595324846147	1595324846146	-15.280	-3.489	2.188	0.952	-1.181	-4.627	127.738319	37.884800
1595324846165	1595324846163	-16.854	-3.420	1.536	1.370	-1.268	-4.767	127.738319	37.884800
1595324846185	1595324846183	-17.285	-3.127	1.402	1.689	-1.415	-4.712	127.738319	37.884800
1595324846203	1595324846202	-16.525	-2.699	1.809	1.840	-1.583	-4.507	127.738319	37.884800
1595324846224	1595324846222	-15.296	-2.452	2.094	1.625	-1.766	-4.233	127.738319	37.884800
1595324846244	1595324846241	-14.044	-2.318	2.087	1.122	-1.911	-4.010	127.738319	37.884800
1595324846263	1595324846261	-12.827	-2.152	1.601	0.471	-1.973	-3.810	127.738319	37.884800
1595324846285	1595324846281	-11.545	-1.853	0.892	-0.197	-1.959	-3.638	127.738319	37.884800
1595324846302	1595324846301	-10.414	-1.680	0.252	-0.769	-1.822	-3.502	127.738319	37.884800
1595324846329	1595324846328	-9.499	-1.788	-0.083	-1.149	-1.612	-3.406	127.738319	37.884800
1595324846348	1595324846346	-8.704	-2.016	-0.308	-1.259	-1.372	-3.337	127.738319	37.884808
1595324846368	1595324846367	-8.201	-2.229	-0.447	-1.080	-1.069	-3.281	127.738319	37.884808
1595324846386	1595324846382	-8.050	-2.310	-0.380	-0.709	-0.751	-3.185	127.738319	37.884808
1595324846402	1595324846401	-7.892	-2.040	-0.323	-0.285	-0.514	-2.999	127.738319	37.884808
1595324846423	1595324846420	-7.593	-1.575	-0.411	0.042	-0.340	-2.653	127.738319	37.884808
1595324846442	1595324846440	-7.202	-1.460	-0.256	0.196	-0.192	-2.181	127.738319	37.884808
1595324846466	1595324846463	-6.735	-1.522	-0.004	0.332	-0.028	-1.623	127.738319	37.884808
1595324846482	1595324846480	-6.495	-1.225	0.425	0.605	0.263	-0.946	127.738319	37.884808
1595324846505	1595324846505	-6.764	-1.158	1.038	0.876	0.645	-0.204	127.738319	37.884808
1595324846525	1595324846521	-7.279	-1.640	1.663	1.041	1.007	0.499	127.738319	37.884808
1595324846544	1595324846542	-8.055	-1.987	2.178	1.138	1.384	1.148	127.738319	37.884808
1595324846562	1595324846559	-9.681	-1.815	2.595	1.104	1.848	1.775	127.738319	37.884808
1595324846582	1595324846576	-12.194	-1.731	2.789	0.816	2.253	2.425	127.738319	37.884808
1595324846599	1595324846596	-14.094	-2.109	3.079	0.390	2.428	3.091	127.738319	37.884808
1595324846620	1595324846616	-14.075	-2.842	3.699	0.097	2.351	3.695	127.738319	37.884808
1595324846639	1595324846636	-13.145	-3.149	4.195	0.019	2.178	4.150	127.738319	37.884808
1595324846658	1595324846655	-13.145	-2.814	4.274	-0.037	2.009	4.456	127.738319	37.884808
1595324846677	1595324846675	-13.823	-2.052	3.785	-0.304	1.754	4.600	127.738319	37.884808
1595324846697	1595324846695	-14.568	-1.376	3.163	-0.813	1.473	4.602	127.738319	37.884808
1595324846720	1595324846714	-14.793	-1.455	2.638	-1.398	1.150	4.467	127.738319	37.884808
1595324846736	1595324846734	-14.446	-2.179	2.446	-1.840	0.845	4.213	127.738319	37.884808
1595324846756	1595324846754	-13.687	-3.060	2.557	-2.000	0.620	3.857	127.738319	37.884808
1595324846775	1595324846773	-12.700	-3.477	2.911	-1.991	0.500	3.437	127.738319	37.884808
1595324846795	1595324846793	-11.569	-3.707	3.287	-1.993	0.393	3.092	127.738319	37.884808
1595324846815	1595324846813	-10.625	-4.033	3.143	-2.060	0.249	2.808	127.738319	37.884808
1595324846835	1595324846833	-10.098	-4.248	2.681	-2.058	0.151	2.514	127.738319	37.884808
1595324846854	1595324846853	-9.701	-4.179	2.226	-1.865	0.114	2.211	127.738319	37.884808
1595324846874	1595324846872	-9.279	-4.040	1.771	-1.506	0.122	1.966	127.738319	37.884808
1595324846894	1595324846892	-9.327	-4.045	1.498	-1.102	0.210	1.784	127.738319	37.884808
1595324846914	1595324846912	-9.835	-4.174	1.790	-0.690	0.336	1.673	127.738319	37.884808
1595324846934	1595324846932	-10.122	-4.380	2.351	-0.311	0.389	1.632	127.738319	37.884808
1595324846953	1595324846952	-9.837	-4.560	2.839	-0.010	0.383	1.622	127.738319	37.884808
1595324846973	1595324846971	-9.150	-4.675	3.067	0.182	0.365	1.639	127.738319	37.884808
1595324846993	1595324846991	-9.032	-4.922	3.249	0.329	0.416	1.663	127.738319	37.884808
1595324847017	1595324847015	-9.660	-5.300	3.850	0.595	0.484	1.648	127.738319	37.884808
1595324847033	1595324847031	-10.048	-5.499	4.406	0.966	0.423	1.524	127.738319	37.884808
1595324847054	1595324847054	-10.091	-5.113	4.365	1.150	0.297	1.247	127.738319	37.884808
1595324847072	1595324847072	-10.470	-4.553	4.114	1.017	0.196	0.851	127.738319	37.884808
1595324847097	1595324847097	-11.524	-4.383	4.123	0.696	0.119	0.302	127.738319	37.884808
1595324847120	1595324847114	-13.289	-4.440	4.657	0.441	0.074	-0.392	127.738319	37.884808
1595324847133	1595324847130	-14.496	-4.165	5.580	0.336	-0.081	-1.126	127.738319	37.884808
1595324847150	1595324847149	-13.277	-3.537	5.594	0.138	-0.498	-1.817	127.738319	37.884808
1595324847171	1595324847169	-11.399	-3.314	4.308	-0.218	-0.904	-2.493	127.738319	37.884808
1595324847190	1595324847188	-11.548	-3.815	2.993	-0.371	-1.059	-3.177	127.738319	37.884808
1595324847210	1595324847207	-13.313	-4.220	2.415	-0.045	-1.068	-3.801	127.738319	37.884808
1595324847230	1595324847230	-15.191	-4.315	1.974	0.714	-1.094	-4.311	127.738319	37.884808
1595324847249	1595324847249	-16.537	-3.877	1.510	1.564	-1.155	-4.632	127.738319	37.884808
1595324847269	1595324847269	-16.969	-3.216	1.491	2.170	-1.282	-4.714	127.738319	37.884808
1595324847294	1595324847294	-16.276	-2.593	1.996	2.352	-1.488	-4.645	127.738319	37.884808
1595324847312	1595324847306	-14.841	-2.061	2.482	2.071	-1.707	-4.517	127.738319	37.884808
1595324847327	1595324847327	-13.282	-1.831	2.580	1.463	-1.880	-4.396	127.738312	37.884811
1595324847355	1595324847355	-11.866	-1.726	2.068	0.680	-1.969	-4.299	127.738312	37.884811
1595324847376	1595324847376	-10.620	-1.618	1.237	-0.137	-1.936	-4.186	127.738312	37.884811
1595324847389	1595324847385	-9.612	-1.673	0.554	-0.776	-1.741	-4.047	127.738312	37.884811
1595324847407	1595324847404	-8.872	-1.946	0.295	-1.087	-1.456	-3.873	127.738312	37.884811
1595324847426	1595324847424	-8.357	-2.397	0.108	-0.993	-1.159	-3.670	127.738312	37.884811
1595324847446	1595324847444	-8.273	-2.917	-0.007	-0.518	-0.834	-3.416	127.738312	37.884811
1595324847468	1595324847467	-8.321	-3.113	-0.009	0.203	-0.598	-3.130	127.738312	37.884811
1595324847486	1595324847485	-8.270	-2.701	-0.011	0.917	-0.488	-2.787	127.738312	37.884811
1595324847509	1595324847507	-8.282	-2.013	0.089	1.336	-0.397	-2.325	127.738312	37.884811
1595324847524	1595324847525	-8.261	-1.534	0.305	1.367	-0.335	-1.759	127.738312	37.884811
1595324847552	1595324847552	-8.261	-1.477	0.508	1.108	-0.260	-1.137	127.738312	37.884811
1595324847568	1595324847565	-8.553	-1.570	0.851	0.707	-0.089	-0.496	127.738312	37.884811
1595324847590	1595324847587	-9.248	-1.673	1.270	0.266	0.166	0.146	127.738312	37.884811
1595324847604	1595324847602	-9.808	-1.901	1.809	-0.166	0.441	0.717	127.738312	37.884811
1595324847630	1595324847628	-10.060	-2.116	2.362	-0.441	0.711	1.163	127.738312	37.884811
1595324847645	1595324847643	-10.374	-2.080	2.149	-0.474	0.994	1.556	127.738312	37.884811
1595324847664	1595324847664	-10.182	-1.676	1.800	-0.485	1.227	1.959	127.738312	37.884811
1595324847684	1595324847683	-9.828	-1.829	1.919	-0.548	1.438	2.443	127.738312	37.884811
1595324847703	1595324847703	-10.453	-2.564	2.636	-0.431	1.683	2.997	127.738312	37.884811
1595324847723	1595324847723	-11.586	-2.847	3.364	-0.149	1.788	3.516	127.738312	37.884811
1595324847743	1595324847742	-11.804	-2.653	3.400	-0.055	1.647	3.908	127.738312	37.884811
1595324847765	1595324847765	-11.751	-2.411	3.000	-0.223	1.504	4.208	127.738312	37.884811
1595324847782	1595324847780	-12.372	-2.385	2.674	-0.368	1.449	4.474	127.738312	37.884811
1595324847802	1595324847800	-13.457	-2.380	2.592	-0.442	1.403	4.622	127.738312	37.884811
1595324847822	1595324847819	-14.173	-2.440	2.698	-0.555	1.338	4.622	127.738312	37.884811
1595324847841	1595324847837	-14.147	-2.622	3.045	-0.743	1.240	4.533	127.738312	37.884811
1595324847861	1595324847859	-13.533	-3.020	3.354	-0.954	1.102	4.414	127.738312	37.884811
1595324847882	1595324847877	-12.642	-3.511	3.215	-1.123	0.952	4.275	127.738312	37.884811
1595324847900	1595324847898	-11.890	-3.582	3.033	-1.261	0.839	4.081	127.738312	37.884811
1595324847919	1595324847918	-11.385	-3.350	2.983	-1.498	0.750	3.799	127.738312	37.884811
1595324847942	1595324847942	-11.112	-3.472	2.870	-1.807	0.656	3.468	127.738312	37.884811
1595324847962	1595324847955	-10.946	-4.054	2.616	-1.902	0.576	3.119	127.738312	37.884811
1595324847976	1595324847975	-10.906	-4.490	2.530	-1.633	0.577	2.746	127.738312	37.884811
1595324847997	1595324847995	-10.862	-4.560	2.719	-1.205	0.626	2.358	127.738312	37.884811
1595324848021	1595324848019	-10.750	-4.660	3.100	-0.872	0.648	1.978	127.738312	37.884811
1595324848037	1595324848034	-10.393	-4.843	3.589	-0.627	0.633	1.609	127.738312	37.884811
1595324848062	1595324848057	-9.701	-4.900	4.032	-0.370	0.598	1.274	127.738312	37.884811
1595324848076	1595324848075	-9.114	-4.854	4.380	-0.122	0.572	0.955	127.738312	37.884811
1595324848102	1595324848097	-8.838	-4.816	4.545	0.078	0.523	0.622	127.738312	37.884811
1595324848115	1595324848115	-9.044	-4.728	4.473	0.228	0.455	0.272	127.738312	37.884811
1595324848144	1595324848139	-9.945	-4.586	4.394	0.319	0.398	-0.103	127.738312	37.884811
1595324848155	1595324848155	-11.210	-4.481	4.566	0.381	0.322	-0.503	127.738312	37.884811
1595324848175	1595324848175	-12.319	-4.308	5.136	0.386	0.190	-0.943	127.738312	37.884811
1595324848196	1595324848196	-13.076	-4.241	5.941	0.315	-0.025	-1.420	127.738312	37.884811
1595324848214	1595324848212	-12.973	-4.212	6.111	0.195	-0.340	-1.912	127.738312	37.884811
1595324848234	1595324848232	-12.204	-4.047	5.491	0.147	-0.700	-2.457	127.738312	37.884811
1595324848253	1595324848252	-12.225	-3.875	4.341	0.275	-0.965	-3.064	127.738312	37.884811
1595324848272	1595324848271	-13.596	-3.815	3.242	0.597	-1.113	-3.666	127.738312	37.884811
1595324848293	1595324848290	-15.251	-3.760	2.434	1.146	-1.232	-4.211	127.738312	37.884811
1595324848319	1595324848319	-16.777	-3.393	1.962	1.866	-1.316	-4.589	127.738312	37.884819
1595324848332	1595324848332	-17.682	-2.639	2.037	2.448	-1.455	-4.738	127.738312	37.884819
1595324848351	1595324848351	-17.579	-1.882	3.079	2.577	-1.703	-4.677	127.738312	37.884819
1595324848371	1595324848370	-16.648	-1.244	4.502	2.162	-2.099	-4.500	127.738312	37.884819
1595324848392	1595324848392	-14.968	-0.782	4.298	1.160	-2.507	-4.272	127.738312	37.884819
1595324848412	1595324848409	-12.903	-0.911	2.954	-0.325	-2.716	-4.058	127.738312	37.884819
1595324848431	1595324848428	-11.143	-1.539	1.869	-1.738	-2.637	-3.906	127.738312	37.884819
1595324848449	1595324848449	-10.005	-2.143	1.440	-2.486	-2.273	-3.780	127.738312	37.884819
1595324848469	1595324848468	-9.418	-2.732	1.421	-2.380	-1.816	-3.662	127.738312	37.884819
1595324848492	1595324848491	-9.181	-3.300	1.344	-1.644	-1.442	-3.513	127.738312	37.884819
1595324848511	1595324848511	-9.116	-3.513	1.055	-0.620	-1.192	-3.322	127.738312	37.884819
1595324848529	1595324848529	-8.862	-3.269	0.956	0.334	-1.051	-3.079	127.738312	37.884819
1595324848551	1595324848551	-8.304	-2.591	1.038	0.962	-1.014	-2.805	127.738312	37.884819
1595324848568	1595324848568	-7.837	-1.690	1.155	1.165	-0.986	-2.479	127.738312	37.884819
1595324848594	1595324848590	-7.494	-0.768	1.361	0.983	-0.970	-2.099	127.738312	37.884819
1595324848610	1595324848606	-7.087	0.037	1.270	0.486	-0.951	-1.666	127.738312	37.884819
1595324848630	1595324848628	-6.543	0.387	1.081	-0.224	-0.843	-1.204	127.738312	37.884819
1595324848648	1595324848645	-6.093	0.071	1.253	-0.943	-0.620	-0.734	127.738312	37.884819
1595324848666	1595324848665	-6.162	-0.971	1.586	-1.401	-0.312	-0.256	127.738312	37.884819
1595324848686	1595324848686	-6.895	-2.011	1.800	-1.427	0.042	0.229	127.738312	37.884819
1595324848706	1595324848706	-8.019	-2.569	1.974	-1.041	0.418	0.762	127.738312	37.884819
1595324848726	1595324848726	-9.514	-2.691	1.622	-0.482	0.796	1.417	127.738312	37.884819
1595324848747	1595324848745	-11.143	-2.660	1.177	0.006	1.208	2.268	127.738312	37.884819
1595324848765	1595324848765	-12.348	-2.799	1.390	0.353	1.591	3.301	127.738312	37.884819
1595324848788	1595324848787	-12.288	-3.305	2.109	0.624	1.876	4.286	127.738312	37.884819
1595324848805	1595324848803	-11.869	-3.525	2.801	0.815	2.123	5.042	127.738312	37.884819
1595324848826	1595324848825	-12.891	-3.745	3.577	0.936	2.383	5.608	127.738312	37.884819
1595324848845	1595324848842	-14.966	-4.409	4.212	1.147	2.449	5.917	127.738312	37.884819
1595324848864	1595324848863	-16.324	-4.495	4.118	1.577	2.296	5.903	127.738312	37.884819
1595324848884	1595324848884	-16.188	-3.362	3.225	1.943	2.158	5.653	127.738312	37.884819
1595324848904	1595324848904	-15.845	-1.860	2.367	1.712	2.180	5.340	127.738312	37.884819
1595324848925	1595324848925	-15.534	-1.096	2.449	0.858	2.127	4.992	127.738312	37.884819
1595324848944	1595324848944	-14.544	-1.295	3.203	-0.123	1.881	4.564	127.738312	37.884819
1595324848968	1595324848967	-12.994	-1.886	3.749	-0.841	1.631	4.091	127.738312	37.884819
1595324848985	1595324848985	-11.780	-2.004	4.013	-1.437	1.484	3.611	127.738312	37.884819
1595324849019	1595324849010	-11.059	-2.045	4.061	-2.294	1.278	3.130	127.738312	37.884819
1595324849023	1595324849021	-10.831	-2.722	3.714	-3.242	1.013	2.670	127.738312	37.884819
1595324849045	1595324849043	-11.104	-3.805	3.199	-3.733	0.776	2.270	127.738312	37.884819
1595324849061	1595324849061	-11.210	-4.557	2.751	-3.657	0.559	1.945	127.738312	37.884819
1595324849084	1595324849082	-11.030	-5.173	2.355	-3.222	0.380	1.703	127.738312	37.884819
1595324849103	1595324849101	-10.692	-5.834	2.044	-2.553	0.274	1.506	127.738312	37.884819
1595324849123	1595324849122	-10.002	-6.380	2.049	-1.680	0.222	1.341	127.738312	37.884819
1595324849141	1595324849140	-9.097	-6.591	2.391	-0.654	0.246	1.179	127.738312	37.884819
1595324849161	1595324849157	-8.496	-6.426	3.084	0.372	0.363	0.980	127.738312	37.884819
1595324849180	1595324849178	-8.302	-5.889	3.979	1.169	0.483	0.745	127.738312	37.884819
1595324849199	1595324849198	-8.678	-5.370	4.356	1.651	0.538	0.469	127.738312	37.884819
1595324849219	1595324849216	-10.189	-5.015	4.569	1.847	0.596	0.122	127.738312	37.884819
1595324849239	1595324849236	-11.698	-4.409	4.768	1.728	0.500	-0.300	127.738312	37.884819
1595324849259	1595324849255	-12.800	-3.786	4.729	1.344	0.290	-0.761	127.738312	37.884819
1595324849279	1595324849276	-14.494	-3.769	5.127	0.939	0.114	-1.295	127.738312	37.884819
1595324849297	1595324849295	-14.949	-3.690	5.388	0.668	-0.203	-1.855	127.738312	37.884819
1595324849325	1595324849315	-13.342	-3.539	4.794	0.495	-0.616	-2.414	127.738312	37.884830
1595324849336	1595324849334	-12.240	-3.678	3.850	0.468	-0.880	-2.995	127.738312	37.884830
1595324849355	1595324849353	-12.271	-3.729	3.266	0.664	-1.040	-3.540	127.738312	37.884830
1595324849376	1595324849374	-13.205	-3.856	2.767	1.154	-1.152	-3.992	127.738312	37.884830
1595324849396	1595324849396	-14.858	-3.860	2.236	1.900	-1.222	-4.313	127.738312	37.884830
1595324849416	1595324849413	-16.317	-3.470	1.728	2.667	-1.344	-4.451	127.738312	37.884830
1595324849436	1595324849434	-16.889	-2.866	1.474	3.148	-1.566	-4.377	127.738312	37.884830
1595324849455	1595324849453	-16.588	-2.447	1.653	3.244	-1.827	-4.120	127.738312	37.884830
1595324849474	1595324849472	-15.675	-2.183	2.137	2.995	-2.066	-3.796	127.738312	37.884830
1595324849496	1595324849492	-14.391	-1.915	2.334	2.392	-2.291	-3.502	127.738312	37.884830
1595324849514	1595324849511	-13.023	-1.771	1.958	1.511	-2.455	-3.263	127.738312	37.884830
1595324849534	1595324849533	-11.722	-1.642	1.052	0.453	-2.526	-3.093	127.738312	37.884830
1595324849553	1595324849553	-10.573	-1.577	0.278	-0.471	-2.445	-2.988	127.738312	37.884830
1595324849574	1595324849573	-9.624	-1.613	-0.090	-1.074	-2.252	-2.917	127.738312	37.884830
1595324849594	1595324849592	-8.833	-1.819	-0.249	-1.327	-2.011	-2.860	127.738312	37.884830
1595324849616	1595324849612	-8.306	-2.219	-0.328	-1.301	-1.722	-2.808	127.738312	37.884830
1595324849634	1595324849631	-8.160	-2.715	-0.311	-0.993	-1.393	-2.714	127.738312	37.884830
1595324849651	1595324849649	-8.187	-2.933	-0.143	-0.508	-1.082	-2.587	127.738312	37.884830
1595324849671	1595324849669	-8.012	-2.842	0.094	0.037	-0.831	-2.420	127.738312	37.884830
1595324849692	1595324849689	-7.854	-2.531	0.319	0.550	-0.599	-2.173	127.738312	37.884830
1595324849711	1595324849710	-7.887	-2.025	0.427	1.018	-0.356	-1.769	127.738312	37.884830
1595324849731	1595324849730	-7.672	-1.441	0.597	1.348	-0.138	-1.296	127.738312	37.884830
1595324849750	1595324849750	-7.334	-0.902	0.995	1.437	0.137	-0.818	127.738312	37.884830
1595324849770	1595324849769	-7.291	-0.605	1.570	1.356	0.505	-0.327	127.738312	37.884830
1595324849790	1595324849789	-7.911	-0.545	1.972	1.187	0.944	0.175	127.738312	37.884830
1595324849809	1595324849807	-9.217	-0.646	2.185	0.962	1.412	0.693	127.738312	37.884830
1595324849833	1595324849833	-10.750	-0.653	1.838	0.681	1.793	1.265	127.738312	37.884830
1595324849849	1595324849847	-11.847	-0.602	1.467	0.241	2.087	1.893	127.738312	37.884830
1595324849868	1595324849866	-12.527	-1.407	1.893	-0.333	2.364	2.541	127.738312	37.884830
1595324849888	1595324849886	-12.860	-2.684	3.009	-0.712	2.509	3.138	127.738312	37.884830
1595324849907	1595324849905	-12.566	-3.374	4.085	-0.695	2.415	3.580	127.738312	37.884830
1595324849927	1595324849925	-11.921	-3.465	4.231	-0.419	2.199	3.815	127.738312	37.884830
1595324849947	1595324849946	-11.828	-2.960	3.433	-0.208	2.069	3.871	127.738312	37.884830
1595324849970	1595324849970	-12.278	-2.018	2.271	-0.201	2.001	3.851	127.738312	37.884830
1595324849987	1595324849987	-12.987	-1.431	1.409	-0.398	1.983	3.793	127.738312	37.884830
1595324850010	1595324850010	-13.912	-1.506	1.431	-0.698	2.001	3.704	127.738312	37.884830
1595324850026	1595324850026	-14.360	-2.100	2.286	-0.961	1.976	3.577	127.738312	37.884830
1595324850046	1595324850044	-13.792	-2.926	3.172	-1.159	1.886	3.412	127.738312	37.884830
1595324850065	1595324850063	-12.659	-3.678	3.912	-1.259	1.812	3.277	127.738312	37.884830
1595324850085	1595324850083	-11.696	-4.241	4.334	-1.271	1.721	3.156	127.738312	37.884830
1595324850105	1595324850103	-11.241	-4.332	4.332	-1.263	1.639	2.959	127.738312	37.884830
1595324850125	1595324850125	-11.018	-4.143	4.171	-1.149	1.553	2.700	127.738312	37.884830
1595324850145	1595324850144	-10.690	-4.215	4.176	-0.864	1.449	2.431	127.738312	37.884830
1595324850164	1595324850163	-10.268	-4.256	4.212	-0.452	1.364	2.164	127.738312	37.884830
1595324850184	1595324850184	-10.024	-4.076	4.154	-0.054	1.295	1.907	127.738312	37.884830
1595324850204	1595324850204	-9.978	-3.856	4.224	0.192	1.204	1.673	127.738312	37.884830
1595324850224	1595324850224	-9.887	-3.884	4.641	0.250	1.068	1.456	127.738312	37.884830
1595324850244	1595324850243	-9.634	-4.167	5.232	0.280	0.880	1.233	127.738312	37.884830
1595324850264	1595324850262	-9.408	-4.339	5.678	0.375	0.659	0.996	127.738312	37.884830
1595324850284	1595324850281	-9.511	-4.292	5.848	0.451	0.430	0.719	127.738312	37.884830
1595324850310	1595324850301	-10.108	-4.177	5.870	0.420	0.182	0.381	127.738312	37.884830
1595324850323	1595324850321	-11.241	-3.918	5.750	0.283	-0.080	-0.020	127.738312	37.884846
1595324850351	1595324850351	-12.958	-3.654	5.716	0.058	-0.337	-0.480	127.738312	37.884846
1595324850370	1595324850366	-15.026	-3.638	5.829	-0.229	-0.612	-0.993	127.738312	37.884846
1595324850382	1595324850380	-15.440	-3.788	5.673	-0.520	-1.029	-1.549	127.738312	37.884846
1595324850400	1595324850400	-13.553	-3.947	4.703	-0.672	-1.480	-2.150	127.738312	37.884846
1595324850421	1595324850421	-12.223	-3.882	3.666	-0.528	-1.674	-2.779	127.738312	37.884846
1595324850441	1595324850438	-12.554	-3.671	3.009	-0.170	-1.711	-3.376	127.738312	37.884846
1595324850462	1595324850458	-13.895	-3.666	2.432	0.342	-1.739	-3.863	127.738312	37.884846
1595324850480	1595324850477	-15.589	-3.626	1.749	0.954	-1.751	-4.196	127.738312	37.884846
1595324850500	1595324850496	-16.945	-3.312	1.416	1.496	-1.782	-4.343	127.738312	37.884846
1595324850521	1595324850521	-17.246	-2.897	1.517	1.792	-1.905	-4.282	127.738312	37.884846
1595324850539	1595324850538	-16.307	-2.584	1.821	1.732	-2.062	-4.086	127.738312	37.884846
1595324850562	1595324850561	-14.688	-2.351	2.140	1.399	-2.195	-3.895	127.738312	37.884846
1595324850578	1595324850578	-13.152	-2.150	2.094	0.878	-2.284	-3.740	127.738312	37.884846
1595324850603	1595324850599	-11.849	-2.016	1.457	0.232	-2.306	-3.592	127.738312	37.884846
1595324850616	1595324850616	-10.685	-1.807	0.643	-0.425	-2.222	-3.472	127.738312	37.884846
1595324850642	1595324850639	-9.684	-1.841	0.166	-0.878	-2.005	-3.372	127.738312	37.884846
1595324850658	1595324850655	-8.874	-2.102	-0.035	-1.017	-1.743	-3.270	127.738312	37.884846
1595324850675	1595324850674	-8.258	-2.481	-0.124	-0.810	-1.463	-3.172	127.738312	37.884846
1595324850696	1595324850693	-8.043	-2.818	-0.081	-0.304	-1.141	-3.056	127.738312	37.884846
1595324850715	1595324850713	-8.227	-2.775	0.077	0.343	-0.870	-2.879	127.738312	37.884846
1595324850735	1595324850734	-8.155	-2.009	0.118	0.933	-0.757	-2.606	127.738312	37.884846
1595324850755	1595324850754	-7.681	-0.567	-0.122	1.266	-0.712	-2.142	127.738312	37.884846
1595324850774	1595324850774	-7.087	0.761	-0.138	1.230	-0.582	-1.515	127.738312	37.884846
1595324850794	1595324850794	-6.778	0.995	0.226	0.875	-0.308	-0.816	127.738312	37.884846
1595324850813	1595324850813	-7.245	-0.135	1.069	0.376	0.077	-0.104	127.738312	37.884846
1595324850834	1595324850833	-8.170	-1.405	1.833	0.053	0.444	0.544	127.738312	37.884846
1595324850855	1595324850855	-8.905	-1.822	2.077	0.092	0.740	1.098	127.738312	37.884846
1595324850874	1595324850871	-9.634	-1.649	2.015	0.409	1.080	1.579	127.738312	37.884846
1595324850893	1595324850890	-11.140	-1.307	1.986	0.725	1.537	1.992	127.738312	37.884846
1595324850912	1595324850910	-12.693	-0.959	1.864	0.766	1.894	2.350	127.738312	37.884846
1595324850932	1595324850930	-13.090	-1.086	1.871	0.490	2.027	2.664	127.738312	37.884846
1595324850952	1595324850950	-12.848	-1.812	2.485	0.105	2.108	2.964	127.738312	37.884846
1595324850971	1595324850971	-12.961	-2.655	3.294	-0.086	2.122	3.282	127.738312	37.884846
1595324850991	1595324850991	-13.021	-3.063	3.436	-0.050	1.994	3.485	127.738312	37.884846
1595324851011	1595324851011	-12.709	-2.629	2.887	-0.103	1.851	3.518	127.738312	37.884846
1595324851035	1595324851033	-12.333	-1.915	2.178	-0.348	1.741	3.498	127.738312	37.884846
1595324851054	1595324851054	-12.396	-1.549	1.692	-0.720	1.696	3.433	127.738312	37.884846
1595324851069	1595324851068	-12.889	-1.635	1.888	-1.111	1.701	3.335	127.738312	37.884846
1595324851092	1595324851089	-12.903	-2.109	2.664	-1.451	1.646	3.204	127.738312	37.884846
1595324851109	1595324851107	-12.302	-2.754	3.175	-1.721	1.532	3.090	127.738312	37.884846
1595324851130	1595324851128	-11.682	-3.441	3.249	-1.898	1.433	3.038	127.738312	37.884846
1595324851148	1595324851147	-11.116	-3.872	3.057	-1.982	1.303	2.997	127.738312	37.884846
1595324851168	1595324851166	-10.944	-3.954	2.842	-1.973	1.212	2.933	127.738312	37.884846
1595324851188	1595324851187	-11.102	-3.968	2.794	-1.836	1.156	2.839	127.738312	37.884846
1595324851207	1595324851207	-11.174	-4.268	2.808	-1.560	1.076	2.721	127.738312	37.884846
1595324851227	1595324851228	-11.016	-4.696	2.897	-1.124	1.023	2.584	127.738312	37.884846
1595324851248	1595324851247	-10.870	-4.905	3.096	-0.590	1.019	2.438	127.738312	37.884846
1595324851266	1595324851265	-10.822	-4.919	3.426	-0.107	1.028	2.289	127.738312	37.884846
1595324851291	1595324851284	-10.800	-4.910	3.915	0.250	1.014	2.113	127.738312	37.884846
1595324851305	1595324851303	-10.628	-4.835	4.391	0.495	0.973	1.886	127.738312	37.884846
1595324851325	1595324851323	-10.379	-4.826	4.832	0.704	0.907	1.616	127.738312	37.884853
1595324851347	1595324851347	-10.266	-4.874	5.422	0.899	0.811	1.289	127.738312	37.884853
1595324851366	1595324851364	-10.029	-4.658	5.663	1.004	0.615	0.891	127.738312	37.884853
1595324851385	1595324851383	-10.168	-4.282	5.503	0.910	0.393	0.405	127.738312	37.884853
1595324851404	1595324851402	-11.020	-4.028	5.527	0.662	0.175	-0.177	127.738312	37.884853
1595324851424	1595324851422	-12.477	-3.884	5.879	0.401	-0.067	-0.828	127.738312	37.884853
1595324851445	1595324851444	-14.587	-3.858	6.408	0.198	-0.327	-1.510	127.738312	37.884853
1595324851468	1595324851465	-15.177	-3.896	6.303	0.006	-0.774	-2.174	127.738312	37.884853
1595324851484	1595324851482	-13.184	-4.050	5.096	-0.071	-1.320	-2.802	127.738312	37.884853
1595324851509	1595324851505	-11.926	-3.987	3.984	0.181	-1.580	-3.426	127.738312	37.884853
1595324851524	1595324851522	-12.882	-3.860	3.292	0.716	-1.624	-3.984	127.738312	37.884853
1595324851549	1595324851547	-14.978	-3.959	2.729	1.458	-1.671	-4.379	127.738312	37.884853
1595324851564	1595324851562	-17.076	-3.793	2.331	2.251	-1.759	-4.558	127.738312	37.884853
1595324851588	1595324851586	-17.932	-3.067	1.998	2.773	-1.972	-4.456	127.738312	37.884853
1595324851603	1595324851603	-17.416	-2.392	2.003	2.840	-2.247	-4.113	127.738312	37.884853
1595324851626	1595324851626	-16.384	-1.992	2.248	2.431	-2.492	-3.720	127.738312	37.884853
1595324851646	1595324851642	-14.925	-1.690	2.269	1.677	-2.717	-3.378	127.738312	37.884853
1595324851663	1595324851660	-13.399	-1.506	1.773	0.682	-2.880	-3.120	127.738312	37.884853
1595324851682	1595324851679	-12.077	-1.513	0.913	-0.359	-2.891	-2.940	127.738312	37.884853
1595324851701	1595324851699	-10.817	-1.565	0.183	-1.201	-2.787	-2.844	127.738312	37.884853
1595324851720	1595324851718	-9.665	-1.707	-0.129	-1.687	-2.584	-2.812	127.738312	37.884853
1595324851741	1595324851737	-8.838	-2.083	-0.246	-1.807	-2.284	-2.816	127.738312	37.884853
1595324851760	1595324851758	-8.345	-2.548	-0.316	-1.577	-1.930	-2.827	127.738312	37.884853
1595324851780	1595324851778	-8.235	-2.952	-0.239	-1.079	-1.532	-2.810	127.738312	37.884853
1595324851799	1595324851798	-8.165	-3.024	-0.088	-0.439	-1.183	-2.736	127.738312	37.884853
1595324851818	1595324851818	-7.820	-2.516	-0.026	0.166	-0.942	-2.582	127.738312	37.884853
1595324851839	1595324851837	-7.370	-1.695	-0.064	0.551	-0.727	-2.319	127.738312	37.884853
1595324851857	1595324851857	-7.058	-0.959	-0.107	0.624	-0.475	-1.942	127.738312	37.884853
1595324851878	1595324851877	-6.951	-0.662	0.116	0.443	-0.160	-1.436	127.738312	37.884853
1595324851899	1595324851896	-6.984	-1.242	0.748	0.251	0.230	-0.854	127.738312	37.884853
1595324851917	1595324851914	-7.260	-2.186	1.658	0.248	0.642	-0.293	127.738312	37.884853
1595324851936	1595324851934	-8.069	-2.701	2.434	0.481	1.030	0.241	127.738312	37.884853
1595324851956	1595324851954	-8.903	-2.562	2.993	0.824	1.334	0.729	127.738312	37.884853
1595324851975	1595324851975	-9.825	-2.260	3.134	1.235	1.525	1.179	127.738312	37.884853
1595324851996	1595324851996	-11.315	-1.757	2.619	1.566	1.784	1.669	127.738312	37.884853
1595324852015	1595324852015	-12.343	-1.417	2.722	1.606	2.031	2.193	127.738312	37.884853
1595324852035	1595324852035	-11.928	-1.546	3.333	1.237	2.081	2.670	127.738312	37.884853
1595324852057	1595324852057	-11.636	-1.678	3.999	0.670	2.140	3.151	127.738312	37.884853
1595324852077	1595324852077	-11.972	-1.470	4.413	0.028	2.107	3.549	127.738312	37.884853
1595324852094	1595324852092	-12.156	-1.345	4.035	-0.814	1.885	3.822	127.738312	37.884853
1595324852113	1595324852111	-12.403	-1.503	3.251	-1.668	1.648	4.015	127.738312	37.884853
1595324852134	1595324852131	-13.021	-1.791	2.513	-2.263	1.445	4.157	127.738312	37.884853
1595324852152	1595324852151	-13.730	-2.212	2.245	-2.607	1.292	4.217	127.738312	37.884853
1595324852172	1595324852172	-13.907	-2.979	2.487	-2.741	1.135	4.185	127.738312	37.884853
1595324852193	1595324852193	-13.131	-3.839	3.155	-2.587	0.957	4.060	127.738312	37.884853
1595324852212	1595324852212	-11.737	-4.121	3.417	-2.222	0.789	3.909	127.738312	37.884853
1595324852233	1595324852232	-10.690	-3.920	3.098	-1.928	0.721	3.742	127.738312	37.884853
1595324852251	1595324852251	-10.549	-3.535	3.031	-1.878	0.728	3.534	127.738312	37.884853
1595324852271	1595324852271	-10.860	-3.415	3.177	-2.038	0.680	3.324	127.738312	37.884853
1595324852291	1595324852291	-10.944	-3.827	3.134	-2.191	0.548	3.107	127.738312	37.884853
1595324852309	1595324852308	-10.721	-4.438	2.978	-2.062	0.433	2.875	127.738312	37.884853
1595324852330	1595324852328	-10.843	-4.919	3.045	-1.636	0.426	2.666	127.738319	37.884869
1595324852349	1595324852347	-11.047	-5.317	3.337	-1.099	0.430	2.465	127.738319	37.884869
1595324852369	1595324852368	-10.551	-5.645	3.579	-0.569	0.384	2.252	127.738319	37.884869
1595324852390	1595324852387	-10.000	-5.810	3.941	-0.053	0.393	2.013	127.738319	37.884869
1595324852408	1595324852407	-9.734	-5.767	4.499	0.429	0.438	1.735	127.738319	37.884869
1595324852429	1595324852427	-9.612	-5.444	4.947	0.811	0.447	1.403	127.738319	37.884869
1595324852448	1595324852446	-9.509	-4.828	5.086	0.936	0.387	1.021	127.738319	37.884869
1595324852469	1595324852469	-9.828	-4.416	4.851	0.716	0.280	0.572	127.738319	37.884869
1595324852489	1595324852486	-10.776	-4.423	4.619	0.385	0.209	0.045	127.738319	37.884869
1595324852507	1595324852505	-11.737	-4.294	4.784	0.160	0.148	-0.532	127.738319	37.884869
1595324852526	1595324852525	-13.002	-4.349	5.177	0.004	0.089	-1.131	127.738319	37.884869
1595324852547	1595324852544	-14.345	-5.015	5.628	-0.027	-0.037	-1.717	127.738319	37.884869
1595324852566	1595324852565	-13.572	-5.250	5.402	0.141	-0.353	-2.270	127.738319	37.884869
1595324852586	1595324852585	-11.610	-4.608	4.502	0.452	-0.651	-2.830	127.738319	37.884869
1595324852605	1595324852605	-11.162	-3.827	3.714	0.773	-0.766	-3.409	127.738319	37.884869
1595324852626	1595324852626	-12.283	-3.618	3.093	1.110	-0.843	-3.920	127.738319	37.884869
1595324852646	1595324852644	-14.259	-3.654	2.604	1.606	-0.911	-4.289	127.738319	37.884869
1595324852665	1595324852664	-16.121	-3.278	2.202	2.135	-1.019	-4.513	127.738319	37.884869
1595324852685	1595324852685	-16.671	-2.564	1.864	2.369	-1.243	-4.542	127.738319	37.884869
1595324852707	1595324852707	-15.977	-2.162	1.771	2.266	-1.487	-4.396	127.738319	37.884869
1595324852724	1595324852722	-15.155	-2.066	1.972	1.909	-1.606	-4.177	127.738319	37.884869
1595324852745	1595324852742	-13.902	-2.011	2.209	1.368	-1.727	-3.966	127.738319	37.884869
1595324852764	1595324852762	-12.336	-1.982	2.001	0.717	-1.832	-3.796	127.738319	37.884869
1595324852787	1595324852782	-11.104	-1.982	1.445	0.029	-1.791	-3.638	127.738319	37.884869
1595324852804	1595324852804	-10.108	-1.997	0.803	-0.521	-1.648	-3.484	127.738319	37.884869
1595324852824	1595324852824	-9.207	-2.155	0.535	-0.795	-1.427	-3.331	127.738319	37.884869
1595324852844	1595324852844	-8.438	-2.406	0.523	-0.741	-1.189	-3.195	127.738319	37.884869
1595324852863	1595324852863	-7.997	-2.608	0.482	-0.424	-0.943	-3.080	127.738319	37.884869
1595324852883	1595324852883	-7.870	-2.708	0.475	0.056	-0.703	-2.943	127.738319	37.884869
1595324852906	1595324852905	-7.894	-2.495	0.470	0.549	-0.516	-2.752	127.738319	37.884869
1595324852923	1595324852922	-7.607	-1.930	0.592	0.896	-0.411	-2.483	127.738319	37.884869
1595324852942	1595324852940	-6.936	-1.072	0.573	1.035	-0.359	-2.131	127.738319	37.884869
1595324852963	1595324852961	-6.337	-0.183	0.468	0.955	-0.217	-1.653	127.738319	37.884869
1595324852981	1595324852979	-6.172	0.061	0.746	0.681	0.052	-1.080	127.738319	37.884869
1595324853003	1595324853003	-6.517	-0.677	1.292	0.324	0.372	-0.480	127.738319	37.884869
1595324853021	1595324853019	-7.281	-1.692	1.910	0.105	0.694	0.121	127.738319	37.884869
1595324853044	1595324853038	-8.314	-2.272	2.401	0.119	0.992	0.705	127.738319	37.884869
1595324853059	1595324853059	-9.233	-2.179	2.525	0.280	1.225	1.258	127.738319	37.884869
1595324853083	1595324853082	-10.304	-1.968	2.353	0.445	1.453	1.781	127.738319	37.884869
1595324853105	1595324853098	-12.419	-1.906	2.094	0.449	1.788	2.323	127.738319	37.884869
1595324853121	1595324853116	-14.209	-1.932	2.252	0.271	1.986	2.893	127.738319	37.884869
1595324853138	1595324853135	-13.864	-2.150	2.763	-0.022	1.916	3.365	127.738319	37.884869
1595324853156	1595324853155	-13.174	-2.653	3.452	-0.250	1.895	3.790	127.738319	37.884869
1595324853177	1595324853175	-13.505	-2.950	3.857	-0.351	1.875	4.090	127.738319	37.884869
1595324853198	1595324853197	-13.874	-2.684	3.591	-0.532	1.721	4.210	127.738319	37.884869
1595324853216	1595324853216	-13.804	-2.375	3.110	-0.825	1.536	4.222	127.738319	37.884869
1595324853237	1595324853235	-13.452	-2.255	2.664	-1.134	1.373	4.103	127.738319	37.884869
1595324853255	1595324853255	-13.220	-2.294	2.648	-1.391	1.277	3.877	127.738319	37.884869
1595324853275	1595324853276	-13.035	-2.500	3.225	-1.516	1.215	3.586	127.738319	37.884869
1595324853301	1595324853301	-12.436	-2.761	3.678	-1.527	1.112	3.288	127.738319	37.884869
1595324853315	1595324853313	-11.416	-3.151	3.448	-1.537	0.949	3.061	127.738319	37.884869
1595324853335	1595324853332	-10.491	-3.511	2.861	-1.593	0.772	2.890	127.738319	37.884884
1595324853354	1595324853352	-9.952	-3.364	2.537	-1.717	0.647	2.713	127.738319	37.884884
1595324853374	1595324853372	-9.768	-3.067	2.509	-1.894	0.557	2.517	127.738319	37.884884
1595324853394	1595324853392	-9.823	-3.300	2.518	-2.028	0.473	2.341	127.738319	37.884884
1595324853414	1595324853411	-9.945	-3.899	2.449	-2.019	0.398	2.193	127.738319	37.884884
1595324853434	1595324853432	-10.096	-4.457	2.667	-1.826	0.369	2.068	127.738319	37.884884
1595324853453	1595324853453	-10.187	-4.864	3.009	-1.490	0.351	1.938	127.738319	37.884884
1595324853472	1595324853472	-10.108	-5.130	3.263	-1.052	0.350	1.801	127.738319	37.884884
1595324853498	1595324853498	-9.849	-5.132	3.637	-0.569	0.373	1.649	127.738319	37.884884
1595324853512	1595324853510	-9.418	-4.962	4.128	-0.159	0.374	1.468	127.738319	37.884884
1595324853532	1595324853530	-9.169	-4.912	4.463	0.123	0.354	1.239	127.738319	37.884884
1595324853551	1595324853549	-8.934	-4.754	4.566	0.308	0.298	0.916	127.738319	37.884884
1595324853571	1595324853569	-8.884	-4.366	4.322	0.386	0.233	0.513	127.738319	37.884884
1595324853592	1595324853589	-9.904	-4.045	3.999	0.379	0.241	0.063	127.738319	37.884884
1595324853610	1595324853610	-11.605	-3.856	3.929	0.342	0.244	-0.428	127.738319	37.884884
1595324853631	1595324853630	-13.696	-3.834	4.444	0.318	0.214	-0.945	127.738319	37.884884
1595324853650	1595324853650	-15.744	-4.145	5.515	0.333	0.086	-1.466	127.738319	37.884884
1595324853669	1595324853669	-15.280	-4.028	6.037	0.268	-0.279	-1.949	127.738319	37.884884
1595324853689	1595324853689	-12.618	-3.642	5.436	0.084	-0.703	-2.458	127.738319	37.884884
1595324853709	1595324853707	-11.291	-3.508	4.372	0.012	-0.899	-3.053	127.738319	37.884884
1595324853730	1595324853730	-11.624	-3.503	3.508	0.297	-0.951	-3.608	127.738319	37.884884
1595324853748	1595324853747	-12.812	-3.420	2.672	0.862	-0.981	-4.031	127.738319	37.884884
1595324853768	1595324853766	-14.137	-3.223	1.888	1.499	-1.023	-4.256	127.738319	37.884884
1595324853788	1595324853785	-14.992	-2.933	1.505	2.065	-1.121	-4.279	127.738319	37.884884
1595324853808	1595324853805	-15.225	-2.639	1.797	2.386	-1.295	-4.147	127.738319	37.884884
1595324853827	1595324853827	-14.904	-2.447	2.600	2.402	-1.528	-3.899	127.738319	37.884884
1595324853847	1595324853846	-13.797	-2.107	2.959	1.983	-1.808	-3.650	127.738319	37.884884
1595324853866	1595324853866	-12.372	-1.922	2.437	1.233	-2.028	-3.452	127.738319	37.884884
1595324853886	1595324853886	-11.121	-1.836	1.421	0.351	-2.077	-3.289	127.738319	37.884884
1595324853908	1595324853905	-10.031	-1.577	0.583	-0.435	-1.960	-3.163	127.738319	37.884884
1595324853928	1595324853927	-9.209	-1.575	0.242	-0.983	-1.735	-3.070	127.738319	37.884884
1595324853945	1595324853942	-8.572	-1.989	0.108	-1.207	-1.461	-3.006	127.738319	37.884884
1595324853969	1595324853965	-8.112	-2.519	0.087	-1.044	-1.156	-2.936	127.738319	37.884884
1595324853985	1595324853983	-7.779	-2.845	0.204	-0.592	-0.867	-2.830	127.738319	37.884884
1595324854009	1595324854005	-7.521	-2.782	0.319	-0.059	-0.638	-2.673	127.738319	37.884884
1595324854024	1595324854023	-7.116	-2.562	0.492	0.393	-0.448	-2.443	127.738319	37.884884
1595324854050	1595324854048	-6.608	-2.289	0.607	0.689	-0.269	-2.155	127.738319	37.884884
1595324854064	1595324854064	-6.500	-2.092	0.750	0.847	0.002	-1.770	127.738319	37.884884
1595324854089	1595324854088	-6.888	-2.140	0.992	0.941	0.327	-1.287	127.738319	37.884884
1595324854104	1595324854104	-7.238	-2.282	1.419	1.023	0.620	-0.762	127.738319	37.884884
1595324854130	1595324854130	-7.609	-2.567	1.986	1.122	0.944	-0.212	127.738319	37.884884
1595324854145	1595324854144	-8.340	-3.072	2.743	1.296	1.318	0.324	127.738319	37.884884
1595324854164	1595324854162	-9.140	-3.242	3.361	1.605	1.596	0.770	127.738319	37.884884
1595324854183	1595324854181	-9.820	-2.804	3.498	1.972	1.788	1.122	127.738319	37.884884
1595324854202	1595324854200	-11.061	-1.956	2.959	2.085	2.024	1.449	127.738319	37.884884
1595324854221	1595324854222	-12.417	-0.919	2.339	1.668	2.237	1.827	127.738319	37.884884
1595324854242	1595324854242	-12.367	-0.222	2.295	0.717	2.238	2.206	127.738319	37.884884
1595324854262	1595324854262	-11.655	-0.739	2.983	-0.387	2.151	2.632	127.738319	37.884884
1595324854281	1595324854281	-11.885	-2.069	3.898	-1.070	2.054	3.070	127.738319	37.884884
1595324854301	1595324854299	-12.489	-2.766	4.078	-1.285	1.820	3.356	127.738319	37.884884
1595324854325	1595324854319	-12.740	-2.373	3.405	-1.452	1.494	3.514	127.738319	37.884903
1595324854343	1595324854336	-12.705	-1.793	2.494	-1.840	1.200	3.615	127.738319	37.884903
1595324854360	1595324854357	-12.640	-1.865	1.881	-2.353	0.980	3.615	127.738319	37.884903
1595324854380	1595324854376	-12.695	-2.380	2.034	-2.717	0.853	3.483	127.738319	37.884903
1595324854399	1595324854396	-12.288	-2.761	3.021	-2.829	0.793	3.256	127.738319	37.884903
1595324854418	1595324854416	-11.303	-3.048	3.852	-2.859	0.708	3.028	127.738319	37.884903
1595324854438	1595324854437	-10.283	-3.839	3.546	-2.775	0.599	2.863	127.738319	37.884903
1595324854457	1595324854457	-9.655	-4.510	2.746	-2.400	0.518	2.715	127.738319	37.884903
1595324854477	1595324854477	-9.487	-4.385	2.331	-1.828	0.529	2.546	127.738319	37.884903
1595324854497	1595324854496	-9.538	-4.078	2.274	-1.294	0.573	2.339	127.738319	37.884903
1595324854522	1595324854521	-9.487	-4.136	2.188	-0.831	0.575	2.160	127.738319	37.884903
1595324854536	1595324854535	-9.468	-4.411	2.271	-0.296	0.632	2.024	127.738319	37.884903
1595324854560	1595324854555	-9.610	-4.347	2.803	0.224	0.730	1.901	127.738319	37.884903
1595324854574	1595324854573	-9.907	-4.062	3.491	0.512	0.802	1.802	127.738319	37.884903
1595324854601	1595324854596	-10.347	-3.935	4.006	0.537	0.831	1.697	127.738319	37.884903
1595324854614	1595324854612	-10.256	-3.932	4.396	0.439	0.772	1.565	127.738319	37.884903
1595324854637	1595324854635	-9.540	-3.808	4.583	0.282	0.650	1.394	127.738319	37.884903
1595324854654	1595324854654	-9.013	-3.757	4.684	0.044	0.534	1.184	127.738319	37.884903
1595324854673	1595324854673	-9.075	-3.872	4.679	-0.162	0.421	0.918	127.738319	37.884903
1595324854693	1595324854693	-9.710	-3.985	4.595	-0.237	0.316	0.599	127.738319	37.884903
1595324854713	1595324854713	-10.699	-4.042	4.538	-0.219	0.205	0.230	127.738319	37.884903
1595324854733	1595324854733	-11.674	-3.947	4.401	-0.195	0.069	-0.182	127.738319	37.884903
1595324854753	1595324854753	-13.162	-3.791	4.660	-0.171	-0.035	-0.622	127.738319	37.884903
1595324854772	1595324854770	-14.664	-3.714	5.448	-0.131	-0.225	-1.087	127.738319	37.884903
1595324854793	1595324854790	-13.917	-3.659	5.692	-0.239	-0.661	-1.588	127.738319	37.884903
1595324854811	1595324854810	-11.801	-3.513	4.815	-0.467	-1.082	-2.148	127.738319	37.884903
1595324854831	1595324854829	-11.068	-3.479	3.862	-0.535	-1.257	-2.747	127.738319	37.884903
1595324854851	1595324854851	-11.873	-3.551	3.397	-0.322	-1.292	-3.329	127.738319	37.884903
1595324854871	1595324854870	-13.370	-3.733	2.988	0.168	-1.280	-3.804	127.738319	37.884903
1595324854892	1595324854890	-14.849	-3.808	2.612	0.777	-1.262	-4.133	127.738319	37.884903
1595324854910	1595324854910	-15.694	-3.508	2.355	1.273	-1.293	-4.227	127.738319	37.884903
1595324854932	1595324854932	-15.421	-2.984	2.236	1.503	-1.406	-4.089	127.738319	37.884903
1595324854953	1595324854952	-14.271	-2.528	2.168	1.450	-1.540	-3.842	127.738319	37.884903
1595324854970	1595324854968	-12.843	-2.294	2.037	1.143	-1.654	-3.575	127.738319	37.884903
1595324854990	1595324854987	-11.552	-2.179	1.682	0.643	-1.717	-3.325	127.738319	37.884903
1595324855011	1595324855009	-10.362	-2.100	1.141	0.103	-1.694	-3.107	127.738319	37.884903
1595324855029	1595324855026	-9.317	-2.064	0.626	-0.307	-1.579	-2.926	127.738319	37.884903
1595324855051	1595324855050	-8.666	-2.191	0.360	-0.495	-1.365	-2.776	127.738319	37.884903
1595324855067	1595324855067	-8.251	-2.445	0.341	-0.444	-1.145	-2.658	127.738319	37.884903
1595324855093	1595324855089	-7.928	-2.600	0.386	-0.187	-0.948	-2.564	127.738319	37.884903
1595324855107	1595324855107	-7.796	-2.629	0.468	0.182	-0.745	-2.454	127.738319	37.884903
1595324855131	1595324855131	-7.652	-2.497	0.652	0.529	-0.576	-2.314	127.738319	37.884903
1595324855149	1595324855145	-7.339	-2.243	0.791	0.753	-0.459	-2.135	127.738319	37.884903
1595324855167	1595324855164	-7.212	-2.057	0.793	0.835	-0.314	-1.893	127.738319	37.884903
1595324855186	1595324855183	-7.348	-1.874	0.861	0.792	-0.123	-1.595	127.738319	37.884903
1595324855205	1595324855203	-7.607	-1.757	1.019	0.671	0.095	-1.223	127.738319	37.884903
1595324855224	1595324855223	-7.753	-1.980	1.368	0.548	0.332	-0.763	127.738319	37.884903
1595324855245	1595324855244	-7.621	-2.279	1.780	0.494	0.563	-0.296	127.738319	37.884903
1595324855264	1595324855264	-7.818	-2.454	2.192	0.515	0.853	0.170	127.738319	37.884903
1595324855285	1595324855285	-8.623	-2.581	2.540	0.598	1.189	0.663	127.738319	37.884903
1595324855303	1595324855301	-9.971	-2.471	2.451	0.722	1.505	1.187	127.738319	37.884903
1595324855323	1595324855323	-11.845	-2.080	2.341	0.730	1.821	1.771	127.738327	37.884918
1595324855353	1595324855352	-13.138	-1.853	2.434	0.443	1.986	2.396	127.738327	37.884918
1595324855371	1595324855371	-12.738	-2.195	2.899	-0.059	1.944	2.945	127.738327	37.884918
1595324855387	1595324855382	-11.586	-2.739	3.498	-0.468	1.823	3.358	127.738327	37.884918
1595324855404	1595324855402	-11.076	-3.020	3.661	-0.654	1.696	3.603	127.738327	37.884918
1595324855423	1595324855421	-11.483	-2.722	3.206	-0.774	1.565	3.678	127.738327	37.884918
1595324855443	1595324855441	-12.463	-2.148	2.545	-0.945	1.430	3.662	127.738327	37.884918
1595324855467	1595324855465	-12.743	-1.851	1.977	-1.212	1.222	3.539	127.738327	37.884918
1595324855483	1595324855482	-12.216	-2.006	1.601	-1.483	1.031	3.354	127.738327	37.884918
1595324855508	1595324855506	-12.137	-2.380	1.792	-1.611	1.004	3.157	127.738327	37.884918
1595324855522	1595324855521	-12.142	-2.794	2.480	-1.642	1.018	2.902	127.738327	37.884918
1595324855543	1595324855543	-11.533	-3.108	3.064	-1.703	0.955	2.691	127.738327	37.884918
1595324855564	1595324855564	-10.759	-3.491	3.210	-1.842	0.853	2.586	127.738327	37.884918
1595324855584	1595324855580	-10.225	-3.820	2.839	-1.984	0.735	2.517	127.738327	37.884918
1595324855600	1595324855597	-9.859	-3.865	2.509	-2.009	0.662	2.421	127.738327	37.884918
1595324855621	1595324855617	-9.530	-3.839	2.267	-1.853	0.609	2.317	127.738327	37.884918
1595324855640	1595324855637	-9.454	-4.119	2.202	-1.538	0.613	2.212	127.738327	37.884918
1595324855660	1595324855658	-9.581	-4.471	2.372	-1.123	0.641	2.089	127.738327	37.884918
1595324855680	1595324855677	-9.782	-4.725	2.885	-0.643	0.664	1.967	127.738327	37.884918
1595324855698	1595324855697	-9.828	-4.555	3.467	-0.240	0.664	1.812	127.738327	37.884918
1595324855717	1595324855717	-9.830	-4.248	3.874	-0.053	0.641	1.640	127.738327	37.884918
1595324855738	1595324855738	-9.986	-4.107	4.152	-0.045	0.592	1.448	127.738327	37.884918
1595324855761	1595324855761	-10.055	-4.004	4.329	-0.110	0.501	1.224	127.738327	37.884918
1595324855776	1595324855775	-10.050	-3.985	4.382	-0.211	0.392	0.976	127.738327	37.884918
1595324855797	1595324855794	-10.108	-3.975	4.317	-0.316	0.281	0.682	127.738327	37.884918
1595324855815	1595324855814	-10.223	-4.071	4.219	-0.371	0.167	0.337	127.738327	37.884918
1595324855836	1595324855834	-10.791	-4.284	4.094	-0.343	0.093	-0.034	127.738327	37.884918
1595324855855	1595324855853	-12.034	-4.526	4.217	-0.205	0.061	-0.425	127.738327	37.884918
1595324855875	1595324855873	-13.768	-4.771	4.657	-0.006	-0.003	-0.837	127.738327	37.884918
1595324855896	1595324855893	-16.041	-5.017	5.295	0.220	-0.102	-1.261	127.738327	37.884918
1595324855915	1595324855914	-16.101	-4.730	5.577	0.369	-0.402	-1.676	127.738327	37.884918
1595324855934	1595324855934	-13.009	-3.959	4.904	0.381	-0.840	-2.106	127.738327	37.884918
1595324855954	1595324855954	-10.910	-3.453	3.917	0.433	-1.024	-2.626	127.738327	37.884918
1595324855974	1595324855974	-10.783	-3.297	3.076	0.661	-1.067	-3.149	127.738327	37.884918
