1595324915076	1595324915074	-13.466	-1.925	1.732	-4.848	-0.167	3.467	127.738327	37.885567
1595324915094	1595324915093	-13.176	-4.687	1.697	-5.725	-0.644	3.415	127.738327	37.885567
1595324915115	1595324915113	-11.674	-6.596	1.459	-5.610	-1.000	3.260	127.738327	37.885567
1595324915135	1595324915133	-10.783	-7.861	1.119	-4.636	-1.055	2.972	127.738327	37.885567
1595324915154	1595324915152	-10.177	-8.738	0.949	-3.029	-0.950	2.595	127.738327	37.885567
1595324915175	1595324915172	-9.993	-9.231	0.952	-1.146	-0.615	2.121	127.738327	37.885567
1595324915195	1595324915193	-10.616	-8.999	1.177	0.606	-0.081	1.471	127.738327	37.885567
1595324915216	1595324915216	-10.901	-7.681	1.574	1.904	0.364	0.715	127.738327	37.885567
1595324915233	1595324915231	-11.260	-5.954	2.365	2.588	0.730	-0.047	127.738327	37.885567
1595324915253	1595324915251	-12.678	-4.608	3.596	2.656	0.966	-0.773	127.738327	37.885567
1595324915273	1595324915271	-13.950	-4.136	4.471	2.297	0.886	-1.411	127.738327	37.885567
1595324915293	1595324915290	-12.654	-4.136	4.571	1.605	0.463	-1.959	127.738327	37.885567
1595324915312	1595324915310	-10.419	-4.428	3.781	0.919	0.058	-2.480	127.738327	37.885567
1595324915335	1595324915335	-10.316	-4.759	2.727	0.670	-0.009	-3.047	127.738319	37.885578
1595324915351	1595324915349	-11.806	-4.716	2.125	0.873	0.027	-3.613	127.738319	37.885578
1595324915372	1595324915369	-13.672	-4.416	2.018	1.392	0.033	-4.147	127.738319	37.885578
1595324915390	1595324915389	-15.301	-4.126	1.900	2.105	-0.026	-4.587	127.738319	37.885578
1595324915413	1595324915409	-16.276	-3.477	1.728	2.748	-0.158	-4.830	127.738319	37.885578
1595324915431	1595324915428	-16.197	-2.667	1.737	3.054	-0.380	-4.893	127.738319	37.885578
1595324915451	1595324915448	-15.131	-1.992	1.871	2.935	-0.648	-4.845	127.738319	37.885578
1595324915470	1595324915467	-13.768	-1.724	2.003	2.483	-0.876	-4.728	127.738319	37.885578
1595324915489	1595324915488	-12.484	-1.748	1.903	1.869	-1.034	-4.580	127.738319	37.885578
1595324915509	1595324915507	-11.282	-1.771	1.582	1.205	-1.121	-4.399	127.738319	37.885578
1595324915529	1595324915526	-10.302	-1.812	1.110	0.580	-1.130	-4.193	127.738319	37.885578
1595324915551	1595324915549	-9.734	-1.989	0.676	0.138	-1.035	-3.959	127.738319	37.885578
1595324915567	1595324915566	-9.499	-2.160	0.408	-0.058	-0.889	-3.692	127.738319	37.885578
1595324915594	1595324915588	-9.157	-2.282	0.276	-0.012	-0.776	-3.426	127.738319	37.885578
1595324915613	1595324915608	-8.575	-2.248	0.221	0.215	-0.691	-3.155	127.738319	37.885578
1595324915631	1595324915628	-7.995	-1.695	0.111	0.485	-0.602	-2.840	127.738319	37.885578
1595324915647	1595324915644	-7.722	-0.885	0.077	0.652	-0.472	-2.380	127.738319	37.885578
1595324915666	1595324915664	-7.842	-0.569	0.302	0.673	-0.281	-1.759	127.738319	37.885578
1595324915686	1595324915684	-8.326	-1.053	0.844	0.591	-0.071	-1.093	127.738319	37.885578
1595324915705	1595324915704	-9.313	-1.740	1.553	0.458	0.165	-0.400	127.738319	37.885578
1595324915726	1595324915723	-10.235	-1.961	2.101	0.350	0.344	0.270	127.738319	37.885578
1595324915745	1595324915743	-10.414	-1.498	2.068	0.265	0.425	0.841	127.738319	37.885578
1595324915764	1595324915763	-10.664	-1.129	1.960	0.119	0.624	1.357	127.738319	37.885578
1595324915785	1595324915782	-12.110	-1.304	1.812	-0.162	1.001	1.915	127.738319	37.885578
1595324915804	1595324915802	-12.951	-1.901	2.113	-0.452	1.213	2.496	127.738319	37.885578
1595324915824	1595324915822	-12.031	-2.631	2.913	-0.574	1.166	3.027	127.738319	37.885578
1595324915844	1595324915841	-11.581	-3.072	3.558	-0.483	1.147	3.498	127.738319	37.885578
1595324915863	1595324915862	-11.926	-3.041	3.452	-0.350	1.078	3.822	127.738319	37.885578
1595324915884	1595324915881	-11.933	-2.545	2.794	-0.381	0.875	3.977	127.738319	37.885578
1595324915903	1595324915903	-11.679	-2.241	2.377	-0.559	0.725	4.025	127.738319	37.885578
1595324915923	1595324915923	-11.627	-2.354	2.341	-0.766	0.658	3.956	127.738319	37.885578
1595324915944	1595324915943	-11.548	-2.715	2.559	-0.883	0.610	3.794	127.738319	37.885578
1595324915968	1595324915966	-11.025	-2.936	2.834	-0.861	0.558	3.585	127.738319	37.885578
1595324915984	1595324915982	-10.482	-2.902	2.834	-0.842	0.515	3.410	127.738319	37.885578
1595324916014	1595324916009	-10.125	-2.981	2.449	-1.006	0.445	3.319	127.738319	37.885578
1595324916023	1595324916021	-9.851	-3.187	2.087	-1.283	0.344	3.238	127.738319	37.885578
1595324916046	1595324916043	-9.696	-3.149	1.879	-1.558	0.281	3.086	127.738319	37.885578
1595324916062	1595324916060	-10.014	-3.185	1.744	-1.765	0.299	2.895	127.738319	37.885578
1595324916085	1595324916081	-10.541	-3.542	1.812	-1.831	0.336	2.717	127.738319	37.885578
1595324916102	1595324916100	-10.745	-4.028	2.154	-1.721	0.344	2.572	127.738319	37.885578
1595324916125	1595324916123	-10.592	-4.569	2.650	-1.485	0.361	2.451	127.738319	37.885578
1595324916141	1595324916141	-10.340	-5.020	2.866	-1.142	0.387	2.334	127.738319	37.885578
1595324916162	1595324916161	-10.237	-5.307	3.007	-0.662	0.446	2.229	127.738319	37.885578
1595324916181	1595324916180	-10.556	-5.508	3.412	-0.136	0.523	2.107	127.738319	37.885578
1595324916200	1595324916200	-10.889	-5.698	3.915	0.343	0.544	1.935	127.738319	37.885578
1595324916220	1595324916220	-10.987	-5.659	4.061	0.697	0.519	1.664	127.738319	37.885578
1595324916241	1595324916238	-11.255	-5.113	4.049	0.837	0.514	1.284	127.738319	37.885578
1595324916258	1595324916256	-11.880	-4.351	4.008	0.705	0.508	0.795	127.738319	37.885578
1595324916279	1595324916276	-13.220	-4.155	4.483	0.377	0.512	0.190	127.738319	37.885578
1595324916298	1595324916295	-14.319	-4.627	5.592	0.084	0.421	-0.517	127.738319	37.885578
1595324916325	1595324916316	-13.263	-4.828	6.040	-0.131	0.123	-1.217	127.738319	37.885590
1595324916338	1595324916335	-11.318	-4.723	5.388	-0.277	-0.195	-1.871	127.738319	37.885590
1595324916356	1595324916354	-10.014	-4.694	4.281	-0.220	-0.428	-2.508	127.738319	37.885590
1595324916377	1595324916374	-9.878	-4.730	3.244	0.122	-0.556	-3.172	127.738319	37.885590
1595324916395	1595324916393	-11.828	-4.874	2.523	0.798	-0.515	-3.798	127.738319	37.885590
1595324916416	1595324916415	-14.439	-4.735	2.056	1.728	-0.532	-4.265	127.738319	37.885590
1595324916438	1595324916434	-16.200	-3.908	1.773	2.528	-0.681	-4.557	127.738319	37.885590
1595324916455	1595324916455	-16.413	-2.799	1.792	2.858	-0.940	-4.656	127.738319	37.885590
1595324916475	1595324916472	-15.498	-2.028	1.941	2.708	-1.235	-4.592	127.738319	37.885590
1595324916494	1595324916492	-14.348	-1.712	2.085	2.306	-1.428	-4.459	127.738319	37.885590
1595324916513	1595324916512	-13.100	-1.501	2.068	1.700	-1.595	-4.293	127.738319	37.885590
1595324916535	1595324916533	-11.804	-1.448	1.658	0.910	-1.724	-4.119	127.738319	37.885590
1595324916553	1595324916553	-10.812	-1.649	0.985	0.091	-1.733	-3.928	127.738319	37.885590
1595324916573	1595324916573	-10.170	-1.958	0.506	-0.497	-1.626	-3.724	127.738319	37.885590
1595324916592	1595324916592	-9.617	-2.210	0.211	-0.714	-1.476	-3.533	127.738319	37.885590
1595324916613	1595324916613	-9.126	-2.356	0.046	-0.616	-1.315	-3.362	127.738319	37.885590
1595324916640	1595324916640	-8.615	-2.430	0.058	-0.297	-1.156	-3.198	127.738319	37.885590
1595324916655	1595324916650	-8.239	-2.361	0.216	0.113	-0.986	-2.993	127.738319	37.885590
1595324916672	1595324916669	-7.878	-1.913	0.587	0.480	-0.810	-2.691	127.738319	37.885590
1595324916691	1595324916689	-7.233	-0.856	0.736	0.766	-0.693	-2.196	127.738319	37.885590
1595324916710	1595324916709	-6.646	0.250	0.643	0.963	-0.512	-1.416	127.738319	37.885590
1595324916732	1595324916730	-6.572	-0.068	1.079	0.940	-0.186	-0.530	127.738319	37.885590
1595324916750	1595324916750	-7.343	-1.736	1.895	0.641	0.219	0.293	127.738319	37.885590
1595324916770	1595324916770	-8.302	-2.907	2.569	0.485	0.537	1.028	127.738319	37.885590
1595324916789	1595324916789	-9.375	-2.758	2.763	0.709	0.815	1.622	127.738319	37.885590
1595324916810	1595324916810	-11.167	-2.195	3.359	1.037	1.143	2.062	127.738319	37.885590
1595324916841	1595324916832	-12.719	-1.652	2.918	1.185	1.266	2.353	127.738319	37.885590
1595324916849	1595324916846	-12.637	-0.804	1.661	0.911	1.304	2.600	127.738319	37.885590
1595324916868	1595324916866	-12.101	-0.658	1.234	0.207	1.470	2.917	127.738319	37.885590
1595324916888	1595324916886	-12.364	-1.685	1.871	-0.491	1.599	3.248	127.738319	37.885590
1595324916908	1595324916906	-12.963	-2.665	2.736	-0.732	1.550	3.481	127.738319	37.885590
1595324916928	1595324916927	-12.714	-2.703	2.736	-0.776	1.374	3.573	127.738319	37.885590
1595324916948	1595324916948	-11.957	-2.502	2.202	-1.052	1.200	3.612	127.738319	37.885590
1595324916969	1595324916970	-11.521	-2.792	1.938	-1.408	1.105	3.602	127.738319	37.885590
1595324916988	1595324916986	-11.571	-3.420	2.116	-1.481	1.099	3.488	127.738319	37.885590
1595324917010	1595324917010	-11.742	-3.788	2.695	-1.127	1.168	3.279	127.738319	37.885590
1595324917026	1595324917026	-11.341	-3.638	3.191	-0.607	1.203	3.031	127.738319	37.885590
1595324917051	1595324917046	-10.398	-3.446	3.084	-0.288	1.172	2.822	127.738319	37.885590
1595324917066	1595324917063	-9.554	-3.456	2.746	-0.209	1.126	2.669	127.738319	37.885590
1595324917090	1595324917086	-9.248	-3.216	2.537	-0.246	1.121	2.518	127.738319	37.885590
1595324917104	1595324917102	-9.662	-2.720	2.724	-0.408	1.155	2.351	127.738319	37.885590
1595324917129	1595324917128	-10.187	-2.718	2.911	-0.702	1.099	2.205	127.738319	37.885590
1595324917144	1595324917144	-10.522	-3.364	2.947	-0.919	1.006	2.097	127.738319	37.885590
1595324917164	1595324917164	-10.757	-3.927	3.155	-0.891	0.962	2.023	127.738319	37.885590
1595324917184	1595324917183	-10.738	-4.201	3.613	-0.759	0.918	1.980	127.738319	37.885590
1595324917203	1595324917203	-10.388	-4.536	3.965	-0.615	0.843	1.947	127.738319	37.885590
1595324917226	1595324917226	-10.036	-4.843	4.341	-0.413	0.798	1.883	127.738319	37.885590
1595324917243	1595324917241	-9.674	-5.008	4.938	-0.121	0.745	1.766	127.738319	37.885590
1595324917263	1595324917261	-9.590	-5.295	5.553	0.212	0.666	1.588	127.738319	37.885590
1595324917283	1595324917281	-10.211	-5.525	5.817	0.567	0.578	1.309	127.738319	37.885590
1595324917309	1595324917309	-11.392	-5.300	5.946	0.860	0.470	0.888	127.738319	37.885590
1595324917324	1595324917324	-12.218	-4.802	6.291	0.959	0.271	0.336	127.738319	37.885601
1595324917349	1595324917346	-13.172	-4.399	6.821	0.864	-0.001	-0.314	127.738319	37.885601
1595324917364	1595324917360	-14.765	-4.035	7.062	0.649	-0.314	-0.988	127.738319	37.885601
1595324917382	1595324917380	-14.396	-3.743	6.238	0.324	-0.862	-1.664	127.738319	37.885601
1595324917401	1595324917400	-12.568	-3.887	4.662	0.137	-1.416	-2.335	127.738319	37.885601
1595324917422	1595324917419	-12.185	-3.906	3.452	0.288	-1.674	-2.970	127.738319	37.885601
1595324917442	1595324917440	-13.648	-3.800	2.664	0.657	-1.761	-3.554	127.738319	37.885601
1595324917462	1595324917460	-15.809	-3.616	2.135	1.127	-1.819	-4.038	127.738319	37.885601
1595324917481	1595324917479	-17.416	-3.012	1.931	1.527	-1.926	-4.342	127.738319	37.885601
1595324917502	1595324917498	-17.510	-2.385	1.994	1.598	-2.109	-4.429	127.738319	37.885601
1595324917520	1595324917516	-16.305	-2.107	2.037	1.303	-2.292	-4.399	127.738319	37.885601
1595324917540	1595324917536	-14.777	-1.992	2.006	0.787	-2.366	-4.338	127.738319	37.885601
1595324917559	1595324917555	-13.414	-1.908	1.883	0.156	-2.360	-4.291	127.738319	37.885601
1595324917579	1595324917576	-12.019	-1.915	1.376	-0.495	-2.308	-4.222	127.738319	37.885601
1595324917597	1595324917595	-10.656	-1.934	0.628	-1.064	-2.177	-4.127	127.738319	37.885601
1595324917618	1595324917614	-9.641	-2.040	0.017	-1.448	-1.880	-3.989	127.738319	37.885601
1595324917637	1595324917636	-9.087	-2.373	-0.308	-1.500	-1.507	-3.792	127.738319	37.885601
1595324917657	1595324917655	-8.750	-2.773	-0.498	-1.130	-1.171	-3.573	127.738319	37.885601
1595324917677	1595324917675	-8.407	-2.993	-0.515	-0.490	-0.904	-3.344	127.738319	37.885601
1595324917695	1595324917693	-8.211	-2.945	-0.443	0.240	-0.692	-3.089	127.738319	37.885601
1595324917715	1595324917713	-8.098	-2.538	-0.323	0.845	-0.544	-2.792	127.738319	37.885601
1595324917735	1595324917733	-7.863	-1.755	-0.189	1.163	-0.447	-2.435	127.738319	37.885601
1595324917754	1595324917754	-7.631	-1.070	-0.110	1.182	-0.332	-1.981	127.738319	37.885601
1595324917775	1595324917775	-7.576	-0.816	0.036	0.989	-0.138	-1.432	127.738319	37.885601
1595324917793	1595324917794	-7.823	-1.024	0.369	0.703	0.148	-0.829	127.738319	37.885601
1595324917814	1595324917814	-8.330	-1.518	0.928	0.457	0.508	-0.190	127.738319	37.885601
1595324917834	1595324917833	-8.800	-2.181	1.692	0.376	0.891	0.437	127.738319	37.885601
1595324917856	1595324917854	-9.095	-2.569	2.434	0.494	1.256	0.975	127.738319	37.885601
1595324917875	1595324917871	-10.129	-2.612	2.909	0.777	1.670	1.453	127.738319	37.885601
1595324917893	1595324917890	-11.270	-2.375	2.834	1.074	1.962	1.860	127.738319	37.885601
1595324917913	1595324917910	-10.601	-1.419	2.351	1.067	1.966	2.142	127.738319	37.885601
1595324917933	1595324917930	-10.007	-0.856	2.156	0.633	2.128	2.516	127.738319	37.885601
1595324917951	1595324917951	-11.210	-1.216	2.636	0.043	2.382	3.046	127.738319	37.885601
1595324917971	1595324917971	-12.604	-1.685	3.182	-0.409	2.343	3.531	127.738319	37.885601
1595324917992	1595324917992	-12.985	-1.788	3.464	-0.780	2.084	3.879	127.738319	37.885601
1595324918012	1595324918010	-13.152	-1.776	3.484	-1.167	1.825	4.158	127.738319	37.885601
1595324918031	1595324918030	-13.749	-2.047	3.194	-1.564	1.594	4.363	127.738319	37.885601
1595324918063	1595324918054	-14.171	-2.509	3.199	-1.949	1.400	4.416	127.738319	37.885601
1595324918070	1595324918068	-13.725	-2.984	3.869	-2.212	1.231	4.334	127.738319	37.885601
1595324918093	1595324918090	-12.764	-3.453	4.490	-2.326	1.093	4.216	127.738319	37.885601
1595324918110	1595324918107	-11.849	-3.980	4.353	-2.336	0.951	4.126	127.738319	37.885601
1595324918132	1595324918129	-11.428	-4.529	3.970	-2.152	0.830	4.014	127.738319	37.885601
1595324918148	1595324918148	-11.322	-4.462	3.711	-1.868	0.709	3.821	127.738319	37.885601
1595324918168	1595324918168	-11.109	-4.397	3.417	-1.596	0.581	3.601	127.738319	37.885601
1595324918188	1595324918187	-10.723	-4.742	3.050	-1.316	0.455	3.369	127.738319	37.885601
1595324918208	1595324918208	-10.680	-5.216	3.004	-0.854	0.444	3.101	127.738319	37.885601
1595324918227	1595324918227	-10.846	-5.326	3.371	-0.261	0.501	2.780	127.738319	37.885601
1595324918247	1595324918245	-10.666	-5.044	3.836	0.136	0.502	2.415	127.738319	37.885601
1595324918266	1595324918264	-10.434	-4.862	4.185	0.224	0.470	2.032	127.738319	37.885601
1595324918288	1595324918285	-10.307	-4.924	4.530	0.182	0.412	1.644	127.738319	37.885601
1595324918311	1595324918310	-10.228	-4.950	4.708	0.101	0.327	1.252	127.738319	37.885601
1595324918325	1595324918323	-10.448	-4.910	4.530	-0.071	0.223	0.816	127.738312	37.885616
1595324918346	1595324918343	-11.322	-4.960	4.123	-0.312	0.148	0.309	127.738312	37.885616
1595324918365	1595324918363	-12.206	-4.981	4.085	-0.480	0.109	-0.279	127.738312	37.885616
1595324918385	1595324918383	-12.808	-4.924	4.729	-0.517	0.081	-0.913	127.738312	37.885616
1595324918405	1595324918402	-13.500	-5.094	5.508	-0.422	0.000	-1.531	127.738312	37.885616
1595324918424	1595324918423	-13.265	-5.358	5.647	-0.273	-0.259	-2.087	127.738312	37.885616
1595324918444	1595324918444	-12.134	-5.374	4.413	-0.040	-0.631	-2.626	127.738312	37.885616
1595324918468	1595324918464	-12.211	-5.072	2.868	0.381	-0.800	-3.232	127.738312	37.885616
1595324918484	1595324918481	-13.691	-4.620	2.044	0.974	-0.849	-3.849	127.738312	37.885616
1595324918508	1595324918505	-15.716	-4.109	1.651	1.735	-0.893	-4.404	127.738312	37.885616
1595324918524	1595324918521	-17.548	-3.151	1.594	2.458	-0.977	-4.820	127.738312	37.885616
1595324918549	1595324918547	-18.044	-1.968	1.874	2.712	-1.212	-4.977	127.738312	37.885616
1595324918563	1595324918563	-16.767	-1.470	2.149	2.392	-1.539	-4.935	127.738312	37.885616
1595324918586	1595324918586	-14.985	-1.592	2.221	1.739	-1.765	-4.878	127.738312	37.885616
1595324918603	1595324918603	-13.414	-1.656	2.212	1.045	-1.841	-4.815	127.738312	37.885616
1595324918626	1595324918626	-12.010	-1.645	1.903	0.283	-1.866	-4.709	127.738312	37.885616
1595324918645	1595324918645	-10.726	-1.815	1.117	-0.528	-1.805	-4.581	127.738312	37.885616
1595324918663	1595324918661	-9.890	-2.145	0.468	-1.060	-1.546	-4.410	127.738312	37.885616
1595324918682	1595324918680	-9.437	-2.514	0.096	-1.119	-1.200	-4.155	127.738312	37.885616
1595324918702	1595324918699	-9.121	-2.869	-0.057	-0.739	-0.881	-3.876	127.738312	37.885616
1595324918721	1595324918719	-8.968	-3.079	-0.064	-0.063	-0.594	-3.592	127.738312	37.885616
1595324918740	1595324918738	-8.697	-2.890	0.051	0.724	-0.424	-3.263	127.738312	37.885616
1595324918760	1595324918760	-8.179	-1.997	0.013	1.393	-0.370	-2.887	127.738312	37.885616
1595324918780	1595324918780	-7.535	-0.761	-0.007	1.694	-0.314	-2.418	127.738312	37.885616
1595324918800	1595324918798	-7.008	0.128	0.144	1.504	-0.195	-1.852	127.738312	37.885616
1595324918819	1595324918818	-6.924	-0.054	0.420	0.988	0.043	-1.204	127.738312	37.885616
1595324918839	1595324918837	-7.533	-0.871	1.052	0.466	0.395	-0.500	127.738312	37.885616
1595324918858	1595324918857	-8.359	-1.496	1.725	0.211	0.723	0.203	127.738312	37.885616
1595324918881	1595324918881	-9.030	-1.839	2.130	0.154	0.975	0.874	127.738312	37.885616
1595324918900	1595324918897	-10.105	-2.080	2.422	0.193	1.232	1.533	127.738312	37.885616
1595324918916	1595324918914	-11.892	-2.150	2.616	0.255	1.452	2.177	127.738312	37.885616
1595324918937	1595324918934	-12.726	-1.882	2.631	0.167	1.459	2.758	127.738312	37.885616
1595324918956	1595324918954	-11.940	-1.539	2.676	-0.195	1.306	3.278	127.738312	37.885616
1595324918977	1595324918975	-11.924	-1.506	2.868	-0.722	1.245	3.815	127.738312	37.885616
1595324918997	1595324918995	-13.100	-1.668	2.933	-1.244	1.192	4.316	127.738312	37.885616
1595324919015	1595324919015	-13.897	-1.829	2.583	-1.804	1.012	4.618	127.738312	37.885616
1595324919035	1595324919035	-13.991	-2.320	2.461	-2.308	0.828	4.724	127.738312	37.885616
1595324919054	1595324919053	-13.933	-3.367	2.751	-2.451	0.716	4.674	127.738312	37.885616
1595324919077	1595324919077	-13.569	-4.457	3.783	-2.008	0.715	4.479	127.738312	37.885616
1595324919095	1595324919092	-12.479	-4.828	4.930	-1.114	0.767	4.170	127.738312	37.885616
1595324919114	1595324919112	-11.231	-4.407	4.995	-0.317	0.789	3.898	127.738312	37.885616
1595324919134	1595324919131	-10.575	-4.105	3.730	0.038	0.734	3.678	127.738312	37.885616
1595324919153	1595324919151	-10.390	-3.635	2.683	0.188	0.692	3.455	127.738312	37.885616
1595324919173	1595324919172	-10.252	-2.663	2.288	-0.011	0.648	3.232	127.738312	37.885616
1595324919192	1595324919192	-10.244	-2.409	2.212	-0.369	0.580	3.013	127.738312	37.885616
1595324919212	1595324919212	-10.616	-3.091	2.195	-0.586	0.572	2.812	127.738312	37.885616
1595324919233	1595324919232	-10.879	-3.683	2.315	-0.590	0.576	2.622	127.738312	37.885616
1595324919251	1595324919249	-11.119	-4.062	2.710	-0.549	0.632	2.479	127.738312	37.885616
1595324919275	1595324919275	-11.471	-4.644	3.249	-0.569	0.645	2.358	127.738312	37.885616
1595324919311	1595324919311	-11.313	-5.197	3.706	-0.535	0.598	2.234	127.738312	37.885616
1595324919311	1595324919311	-10.419	-5.403	3.912	-0.403	0.503	2.103	127.738312	37.885616
1595324919333	1595324919329	-9.722	-5.386	3.852	-0.208	0.462	1.955	127.738304	37.885628
1595324919352	1595324919351	-9.978	-5.374	4.061	-0.009	0.491	1.751	127.738304	37.885628
1595324919372	1595324919369	-10.867	-5.252	4.116	0.105	0.495	1.427	127.738304	37.885628
1595324919388	1595324919387	-11.655	-5.037	4.176	0.070	0.440	0.966	127.738304	37.885628
1595324919407	1595324919407	-11.746	-4.854	4.669	-0.178	0.330	0.308	127.738304	37.885628
1595324919429	1595324919426	-11.883	-4.682	5.393	-0.526	0.223	-0.504	127.738304	37.885628
1595324919448	1595324919448	-12.168	-4.107	5.925	-0.799	0.106	-1.383	127.738304	37.885628
1595324919469	1595324919469	-11.167	-3.525	5.558	-1.085	-0.203	-2.239	127.738304	37.885628
1595324919489	1595324919486	-10.446	-3.915	4.279	-1.260	-0.477	-3.054	127.738304	37.885628
1595324919510	1595324919508	-11.423	-4.706	3.165	-1.042	-0.532	-3.805	127.738304	37.885628
1595324919527	1595324919525	-13.229	-5.147	2.480	-0.340	-0.517	-4.428	127.738304	37.885628
1595324919549	1595324919546	-15.550	-5.389	2.015	0.742	-0.465	-4.874	127.738304	37.885628
1595324919566	1595324919565	-17.474	-4.742	1.850	1.890	-0.483	-5.084	127.738304	37.885628
1595324919590	1595324919588	-17.527	-3.353	2.046	2.700	-0.682	-5.040	127.738304	37.885628
1595324919606	1595324919606	-16.190	-2.277	2.494	2.877	-0.981	-4.850	127.738304	37.885628
1595324919630	1595324919630	-14.635	-1.853	2.789	2.532	-1.247	-4.648	127.738304	37.885628
1595324919645	1595324919645	-13.148	-1.649	2.614	1.899	-1.423	-4.460	127.738304	37.885628
1595324919664	1595324919663	-11.924	-1.513	1.910	1.053	-1.507	-4.283	127.738304	37.885628
1595324919686	1595324919686	-10.865	-1.530	1.088	0.220	-1.465	-4.106	127.738304	37.885628
1595324919704	1595324919702	-10.062	-1.752	0.705	-0.352	-1.329	-3.902	127.738304	37.885628
1595324919724	1595324919722	-9.416	-2.076	0.501	-0.567	-1.170	-3.702	127.738304	37.885628
1595324919743	1595324919741	-8.912	-2.416	0.235	-0.438	-0.989	-3.511	127.738304	37.885628
1595324919763	1595324919761	-8.546	-2.543	0.099	-0.055	-0.806	-3.310	127.738304	37.885628
1595324919783	1595324919783	-8.153	-2.193	0.104	0.419	-0.677	-3.073	127.738304	37.885628
1595324919803	1595324919803	-7.870	-1.462	0.087	0.781	-0.572	-2.731	127.738304	37.885628
1595324919824	1595324919824	-7.693	-0.741	0.147	0.868	-0.450	-2.254	127.738304	37.885628
1595324919844	1595324919844	-7.834	-0.449	0.415	0.661	-0.260	-1.671	127.738304	37.885628
1595324919865	1595324919864	-8.294	-0.986	0.937	0.311	-0.002	-1.003	127.738304	37.885628
1595324919885	1595324919882	-8.754	-1.716	1.536	0.047	0.228	-0.321	127.738304	37.885628
1595324919902	1595324919901	-9.394	-2.054	2.099	-0.045	0.465	0.345	127.738304	37.885628
1595324919923	1595324919920	-10.640	-1.934	2.188	-0.094	0.712	1.024	127.738304	37.885628
1595324919942	1595324919940	-12.264	-1.738	1.809	-0.203	0.926	1.743	127.738304	37.885628
1595324919963	1595324919961	-13.244	-1.810	1.768	-0.425	1.115	2.458	127.738304	37.885628
1595324919982	1595324919981	-13.045	-2.655	2.365	-0.632	1.279	3.190	127.738304	37.885628
1595324920004	1595324920004	-12.166	-3.724	3.383	-0.471	1.366	3.802	127.738304	37.885628
1595324920021	1595324920021	-11.483	-3.966	4.082	0.016	1.378	4.122	127.738304	37.885628
1595324920042	1595324920042	-11.243	-3.436	3.759	0.409	1.341	4.195	127.738304	37.885628
1595324920060	1595324920060	-11.358	-2.543	2.928	0.552	1.309	4.122	127.738304	37.885628
1595324920085	1595324920085	-11.339	-1.764	2.358	0.494	1.279	3.971	127.738304	37.885628
1595324920100	1595324920097	-11.430	-1.503	2.123	0.295	1.270	3.816	127.738304	37.885628
1595324920120	1595324920116	-11.907	-1.637	2.267	0.068	1.287	3.702	127.738304	37.885628
1595324920139	1595324920135	-12.307	-1.970	2.784	-0.175	1.228	3.610	127.738304	37.885628
1595324920159	1595324920155	-12.199	-2.612	3.172	-0.507	1.051	3.552	127.738304	37.885628
1595324920178	1595324920176	-11.751	-2.986	3.155	-0.954	0.842	3.532	127.738304	37.885628
1595324920197	1595324920196	-11.205	-3.111	2.765	-1.452	0.606	3.496	127.738304	37.885628
1595324920217	1595324920217	-10.803	-3.043	2.406	-1.989	0.428	3.366	127.738304	37.885628
1595324920237	1595324920236	-10.640	-3.072	2.116	-2.496	0.323	3.157	127.738304	37.885628
1595324920256	1595324920256	-10.592	-3.314	1.833	-2.814	0.247	2.917	127.738304	37.885628
1595324920276	1595324920275	-10.525	-3.669	1.706	-2.862	0.216	2.687	127.738304	37.885628
1595324920298	1595324920293	-10.352	-4.141	1.641	-2.705	0.200	2.469	127.738304	37.885628
1595324920321	1595324920321	-10.362	-4.816	1.821	-2.407	0.252	2.261	127.738304	37.885639
1595324920334	1595324920332	-10.347	-5.489	2.156	-1.957	0.297	2.049	127.738304	37.885639
1595324920353	1595324920351	-10.304	-5.899	2.600	-1.319	0.343	1.830	127.738304	37.885639
1595324920374	1595324920372	-10.549	-6.019	2.861	-0.558	0.447	1.574	127.738304	37.885639
1595324920393	1595324920392	-11.133	-5.887	3.117	0.158	0.568	1.309	127.738304	37.885639
1595324920412	1595324920412	-11.502	-5.712	3.460	0.722	0.611	1.001	127.738304	37.885639
1595324920433	1595324920431	-11.672	-5.520	3.989	1.037	0.615	0.619	127.738304	37.885639
1595324920453	1595324920452	-12.223	-5.168	4.739	1.050	0.611	0.156	127.738304	37.885639
1595324920475	1595324920474	-13.428	-5.123	5.508	0.871	0.536	-0.384	127.738304	37.885639
1595324920497	1595324920492	-14.444	-4.986	6.083	0.644	0.355	-1.014	127.738304	37.885639
1595324920511	1595324920510	-12.839	-4.045	5.680	0.332	-0.076	-1.686	127.738304	37.885639
1595324920532	1595324920529	-10.726	-3.405	4.593	-0.058	-0.446	-2.412	127.738304	37.885639
1595324920550	1595324920549	-10.652	-3.791	3.702	-0.200	-0.584	-3.167	127.738304	37.885639
1595324920572	1595324920569	-12.312	-4.313	3.131	0.121	-0.611	-3.853	127.738304	37.885639
1595324920592	1595324920592	-14.460	-4.545	2.782	0.770	-0.648	-4.418	127.738304	37.885639
1595324920612	1595324920610	-16.185	-4.538	2.295	1.513	-0.746	-4.818	127.738304	37.885639
1595324920631	1595324920630	-16.861	-3.913	1.847	2.208	-0.858	-5.000	127.738304	37.885639
1595324920649	1595324920649	-16.233	-2.883	1.824	2.702	-0.997	-4.976	127.738304	37.885639
1595324920670	1595324920669	-14.757	-1.999	2.125	2.833	-1.189	-4.812	127.738304	37.885639
1595324920689	1595324920689	-13.289	-1.565	2.255	2.589	-1.381	-4.579	127.738304	37.885639
1595324920709	1595324920707	-12.075	-1.594	2.003	2.016	-1.533	-4.287	127.738304	37.885639
1595324920729	1595324920726	-10.982	-1.810	1.344	1.239	-1.626	-3.977	127.738304	37.885639
1595324920748	1595324920746	-10.019	-1.966	0.767	0.580	-1.606	-3.688	127.738304	37.885639
1595324920768	1595324920766	-9.375	-1.980	0.393	0.179	-1.503	-3.372	127.738304	37.885639
1595324920787	1595324920787	-9.020	-2.037	0.056	-0.001	-1.378	-3.054	127.738304	37.885639
1595324920807	1595324920807	-8.776	-2.227	-0.170	0.011	-1.257	-2.765	127.738304	37.885639
1595324920827	1595324920827	-8.292	-2.231	-0.239	0.172	-1.186	-2.495	127.738304	37.885639
1595324920847	1595324920847	-7.763	-2.018	-0.239	0.338	-1.107	-2.219	127.738304	37.885639
1595324920866	1595324920866	-7.490	-1.755	-0.201	0.356	-0.969	-1.922	127.738304	37.885639
1595324920886	1595324920886	-7.669	-1.625	-0.107	0.214	-0.749	-1.580	127.738304	37.885639
1595324920907	1595324920907	-8.258	-1.707	0.168	-0.015	-0.468	-1.153	127.738304	37.885639
1595324920926	1595324920923	-9.071	-2.160	0.647	-0.226	-0.170	-0.665	127.738304	37.885639
1595324920944	1595324920943	-9.954	-2.756	1.285	-0.325	0.131	-0.170	127.738304	37.885639
1595324920967	1595324920964	-10.326	-3.094	1.816	-0.264	0.374	0.286	127.738304	37.885639
1595324920985	1595324920982	-10.328	-3.015	1.764	-0.064	0.610	0.699	127.738304	37.885639
1595324921007	1595324921006	-10.985	-2.608	1.431	0.162	0.986	1.152	127.738304	37.885639
1595324921023	1595324921023	-10.659	-2.095	1.840	0.218	1.214	1.599	127.738304	37.885639
1595324921047	1595324921047	-9.305	-2.155	2.600	0.118	1.279	2.010	127.738304	37.885639
1595324921065	1595324921063	-9.202	-2.732	3.364	0.056	1.439	2.447	127.738304	37.885639
1595324921090	1595324921084	-9.669	-2.682	3.397	0.054	1.446	2.812	127.738304	37.885639
1595324921105	1595324921105	-9.684	-1.807	2.791	-0.108	1.341	3.087	127.738304	37.885639
1595324921129	1595324921127	-10.031	-1.335	2.437	-0.440	1.366	3.375	127.738304	37.885639
1595324921143	1595324921141	-11.145	-1.776	2.590	-0.727	1.424	3.647	127.738304	37.885639
1595324921164	1595324921162	-12.175	-2.708	3.043	-0.819	1.403	3.806	127.738304	37.885639
1595324921183	1595324921181	-11.916	-3.278	3.726	-0.704	1.292	3.823	127.738304	37.885639
1595324921202	1595324921202	-11.040	-3.082	4.166	-0.600	1.196	3.835	127.738304	37.885639
1595324921223	1595324921222	-10.831	-2.720	4.195	-0.840	1.132	3.940	127.738304	37.885639
1595324921242	1595324921242	-11.040	-3.182	3.692	-1.250	0.991	3.976	127.738304	37.885639
1595324921262	1595324921261	-11.157	-3.139	3.824	-1.507	0.848	3.888	127.738304	37.885639
1595324921282	1595324921281	-11.444	-3.278	3.472	-1.849	0.657	3.740	127.738304	37.885639
1595324921303	1595324921300	-11.775	-4.253	3.196	-1.843	0.491	3.504	127.738304	37.885639
1595324921321	1595324921321	-11.665	-4.778	3.016	-1.533	0.360	3.226	127.738304	37.885651
1595324921345	1595324921345	-11.363	-4.960	3.012	-1.131	0.304	2.921	127.738304	37.885651
1595324921366	1595324921358	-11.262	-4.926	3.134	-0.898	0.289	2.579	127.738304	37.885651
1595324921380	1595324921377	-11.186	-4.783	3.258	-0.765	0.295	2.205	127.738304	37.885651
1595324921399	1595324921396	-11.217	-4.663	3.424	-0.693	0.332	1.827	127.738304	37.885651
1595324921419	1595324921416	-11.222	-4.833	3.603	-0.705	0.346	1.459	127.738304	37.885651
1595324921439	1595324921435	-11.114	-5.183	3.642	-0.704	0.332	1.101	127.738304	37.885651
1595324921462	1595324921456	-11.171	-5.518	3.761	-0.549	0.367	0.734	127.738304	37.885651
1595324921478	1595324921476	-11.107	-5.590	3.944	-0.274	0.391	0.364	127.738304	37.885651
1595324921497	1595324921497	-11.066	-5.611	4.238	-0.002	0.394	-0.020	127.738304	37.885651
1595324921520	1595324921520	-11.904	-5.968	4.815	0.317	0.402	-0.442	127.738304	37.885651
1595324921537	1595324921534	-13.241	-6.131	5.498	0.741	0.308	-0.868	127.738304	37.885651
1595324921556	1595324921554	-12.582	-5.278	5.065	1.025	-0.065	-1.296	127.738304	37.885651
1595324921576	1595324921573	-10.637	-4.181	3.699	1.021	-0.481	-1.796	127.738304	37.885651
1595324921594	1595324921593	-10.168	-3.822	2.820	1.001	-0.641	-2.367	127.738304	37.885651
1595324921614	1595324921613	-11.219	-3.755	2.638	1.228	-0.695	-2.934	127.738304	37.885651
1595324921634	1595324921634	-12.980	-3.786	2.569	1.704	-0.760	-3.435	127.738304	37.885651
1595324921655	1595324921654	-14.872	-3.616	2.415	2.184	-0.877	-3.841	127.738304	37.885651
1595324921675	1595324921673	-15.756	-3.015	2.243	2.453	-1.085	-4.056	127.738304	37.885651
1595324921695	1595324921695	-15.155	-2.406	2.118	2.458	-1.344	-4.107	127.738304	37.885651
1595324921713	1595324921713	-13.780	-1.954	2.125	2.217	-1.564	-4.120	127.738304	37.885651
1595324921734	1595324921731	-12.575	-1.606	2.068	1.780	-1.710	-4.100	127.738304	37.885651
1595324921753	1595324921751	-11.770	-1.494	1.994	1.194	-1.796	-4.025	127.738304	37.885651
1595324921773	1595324921770	-11.181	-1.616	1.661	0.485	-1.827	-3.915	127.738304	37.885651
1595324921792	1595324921790	-10.652	-1.939	1.198	-0.152	-1.791	-3.784	127.738304	37.885651
1595324921812	1595324921809	-10.161	-2.198	0.887	-0.546	-1.686	-3.636	127.738304	37.885651
1595324921832	1595324921830	-9.849	-2.392	0.655	-0.652	-1.521	-3.461	127.738304	37.885651
1595324921852	1595324921851	-9.698	-2.593	0.477	-0.502	-1.328	-3.260	127.738304	37.885651
1595324921872	1595324921870	-9.387	-2.531	0.329	-0.187	-1.178	-3.044	127.738304	37.885651
1595324921890	1595324921890	-8.778	-2.145	0.259	0.125	-1.074	-2.786	127.738304	37.885651
1595324921910	1595324921911	-8.129	-1.692	0.310	0.272	-0.951	-2.440	127.738304	37.885651
1595324921930	1595324921930	-7.837	-1.453	0.403	0.230	-0.744	-2.004	127.738304	37.885651
1595324921950	1595324921948	-8.060	-1.513	0.705	0.089	-0.469	-1.503	127.738304	37.885651
1595324921970	1595324921967	-8.656	-1.894	1.225	-0.027	-0.153	-0.950	127.738304	37.885651
1595324921989	1595324921987	-9.186	-2.298	1.821	-0.000	0.131	-0.382	127.738304	37.885651
1595324922010	1595324922008	-9.401	-2.298	2.236	0.126	0.359	0.187	127.738304	37.885651
1595324922028	1595324922028	-9.636	-2.025	2.236	0.220	0.598	0.769	127.738304	37.885651
1595324922052	1595324922051	-10.153	-1.783	2.032	0.185	0.873	1.378	127.738304	37.885651
1595324922067	1595324922067	-9.904	-1.740	2.197	0.024	1.008	1.954	127.738304	37.885651
1595324922090	1595324922089	-8.987	-1.848	2.686	-0.191	1.047	2.443	127.738304	37.885651
1595324922108	1595324922106	-9.051	-1.939	3.172	-0.370	1.133	2.892	127.738304	37.885651
1595324922131	1595324922128	-10.041	-1.937	3.040	-0.570	1.167	3.291	127.738304	37.885651
1595324922147	1595324922145	-10.711	-1.851	2.427	-0.858	1.073	3.599	127.738304	37.885651
1595324922166	1595324922164	-11.198	-2.090	2.252	-1.071	1.028	3.833	127.738304	37.885651
1595324922186	1595324922184	-12.034	-2.787	2.499	-1.075	1.040	3.986	127.738304	37.885651
1595324922206	1595324922203	-12.491	-3.515	2.882	-0.857	0.997	4.012	127.738304	37.885651
1595324922225	1595324922225	-11.974	-3.709	3.210	-0.517	0.932	3.927	127.738304	37.885651
1595324922245	1595324922244	-11.332	-3.499	3.371	-0.255	0.927	3.839	127.738304	37.885651
1595324922265	1595324922265	-11.025	-3.338	3.182	-0.230	0.924	3.781	127.738304	37.885651
1595324922285	1595324922285	-10.831	-3.350	2.923	-0.401	0.882	3.662	127.738304	37.885651
1595324922311	1595324922301	-10.791	-3.300	2.909	-0.602	0.875	3.440	127.738304	37.885651
1595324922328	1595324922328	-10.980	-3.285	2.969	-0.760	0.889	3.171	127.738304	37.885662
1595324922347	1595324922346	-11.138	-3.542	2.899	-0.833	0.873	2.910	127.738304	37.885662
1595324922366	1595324922361	-11.327	-3.954	2.830	-0.735	0.877	2.669	127.738304	37.885662
1595324922383	1595324922381	-11.279	-4.270	3.026	-0.538	0.889	2.445	127.738304	37.885662
1595324922402	1595324922401	-10.949	-4.457	3.318	-0.357	0.873	2.220	127.738304	37.885662
1595324922423	1595324922421	-10.714	-4.577	3.503	-0.196	0.860	2.013	127.738304	37.885662
1595324922443	1595324922442	-10.697	-4.699	3.706	-0.011	0.862	1.831	127.738304	37.885662
1595324922468	1595324922466	-10.546	-4.843	4.035	0.175	0.820	1.646	127.738304	37.885662
1595324922484	1595324922482	-10.630	-5.027	4.245	0.345	0.779	1.449	127.738304	37.885662
1595324922505	1595324922505	-11.265	-5.084	4.588	0.483	0.744	1.187	127.738304	37.885662
1595324922526	1595324922522	-11.768	-4.981	5.091	0.536	0.635	0.849	127.738304	37.885662
1595324922545	1595324922542	-12.209	-4.917	5.719	0.463	0.477	0.437	127.738304	37.885662
1595324922561	1595324922560	-13.289	-5.046	6.626	0.335	0.288	-0.061	127.738304	37.885662
1595324922583	1595324922580	-13.878	-4.895	7.027	0.198	-0.059	-0.623	127.738304	37.885662
1595324922601	1595324922599	-12.786	-4.280	6.085	-0.018	-0.570	-1.254	127.738304	37.885662
1595324922621	1595324922621	-11.610	-3.748	4.463	-0.160	-0.979	-1.974	127.738304	37.885662
1595324922640	1595324922640	-11.483	-3.530	3.555	-0.065	-1.211	-2.739	127.738304	37.885662
1595324922660	1595324922660	-12.384	-3.573	3.199	0.255	-1.363	-3.493	127.738304	37.885662
1595324922680	1595324922678	-13.790	-3.650	2.767	0.795	-1.479	-4.138	127.738304	37.885662
1595324922699	1595324922697	-15.366	-3.441	2.279	1.417	-1.569	-4.557	127.738304	37.885662
1595324922721	1595324922721	-16.504	-2.917	2.070	1.817	-1.670	-4.729	127.738304	37.885662
1595324922740	1595324922735	-16.235	-2.500	2.334	1.935	-1.823	-4.686	127.738304	37.885662
1595324922758	1595324922755	-14.623	-2.224	2.693	1.790	-1.986	-4.532	127.738304	37.885662
1595324922778	1595324922774	-12.855	-2.030	2.798	1.424	-2.101	-4.362	127.738304	37.885662
1595324922796	1595324922794	-11.533	-2.061	2.334	0.865	-2.165	-4.172	127.738304	37.885662
1595324922816	1595324922815	-10.477	-2.152	1.428	0.204	-2.132	-3.952	127.738304	37.885662
1595324922836	1595324922835	-9.667	-2.090	0.686	-0.339	-1.972	-3.720	127.738304	37.885662
1595324922855	1595324922855	-9.164	-2.066	0.334	-0.630	-1.751	-3.456	127.738304	37.885662
1595324922875	1595324922875	-8.802	-2.287	0.041	-0.634	-1.550	-3.178	127.738304	37.885662
1595324922895	1595324922895	-8.503	-2.533	-0.182	-0.397	-1.368	-2.924	127.738304	37.885662
1595324922916	1595324922916	-8.402	-2.622	-0.320	-0.006	-1.178	-2.661	127.738304	37.885662
1595324922934	1595324922934	-8.294	-2.476	-0.304	0.390	-1.030	-2.378	127.738304	37.885662
1595324922954	1595324922952	-7.933	-1.994	-0.158	0.626	-0.940	-2.075	127.738304	37.885662
1595324922974	1595324922972	-7.602	-1.415	0.108	0.584	-0.808	-1.727	127.738304	37.885662
1595324922993	1595324922991	-7.607	-1.137	0.295	0.280	-0.589	-1.322	127.738304	37.885662
1595324923012	1595324923011	-8.273	-1.424	0.578	-0.137	-0.241	-0.815	127.738304	37.885662
1595324923033	1595324923030	-9.279	-1.956	1.182	-0.424	0.139	-0.248	127.738304	37.885662
1595324923052	1595324923052	-10.307	-2.011	1.764	-0.425	0.426	0.343	127.738304	37.885662
1595324923072	1595324923072	-10.917	-1.793	2.588	-0.287	0.647	0.901	127.738304	37.885662
1595324923092	1595324923092	-10.973	-1.673	2.588	-0.259	0.749	1.394	127.738304	37.885662
1595324923112	1595324923111	-10.664	-1.738	2.135	-0.353	0.873	1.890	127.738304	37.885662
1595324923132	1595324923130	-9.935	-1.676	2.269	-0.450	0.997	2.386	127.738304	37.885662
1595324923152	1595324923152	-9.799	-1.575	2.683	-0.464	1.155	2.915	127.738304	37.885662
1595324923171	1595324923169	-10.649	-1.652	3.040	-0.504	1.317	3.449	127.738304	37.885662
1595324923190	1595324923188	-11.658	-1.939	3.076	-0.716	1.352	3.880	127.738304	37.885662
1595324923210	1595324923208	-12.245	-2.445	3.366	-0.971	1.327	4.219	127.738304	37.885662
1595324923230	1595324923228	-12.796	-3.113	3.963	-0.992	1.337	4.467	127.738304	37.885662
1595324923249	1595324923249	-13.493	-3.652	4.394	-0.780	1.362	4.585	127.738304	37.885662
1595324923270	1595324923270	-13.579	-3.755	4.684	-0.476	1.333	4.547	127.738304	37.885662
1595324923291	1595324923291	-12.889	-3.364	4.605	-0.287	1.248	4.425	127.738304	37.885662
1595324923310	1595324923309	-12.283	-3.199	4.291	-0.342	1.164	4.344	127.738304	37.885662
1595324923328	1595324923328	-11.988	-3.614	3.805	-0.448	1.043	4.247	127.738304	37.885670
1595324923353	1595324923351	-11.679	-3.848	3.325	-0.431	0.925	4.029	127.738304	37.885670
1595324923372	1595324923372	-11.346	-3.578	3.014	-0.408	0.866	3.692	127.738304	37.885670
1595324923389	1595324923386	-11.124	-3.537	2.856	-0.401	0.840	3.311	127.738304	37.885670
1595324923407	1595324923405	-10.956	-3.738	2.918	-0.301	0.837	2.932	127.738304	37.885670
1595324923427	1595324923424	-10.975	-3.939	3.258	-0.130	0.863	2.595	127.738304	37.885670
1595324923446	1595324923444	-11.138	-4.121	3.654	-0.088	0.866	2.292	127.738304	37.885670
1595324923469	1595324923469	-11.071	-4.296	3.881	-0.222	0.794	2.043	127.738304	37.885670
1595324923486	1595324923486	-10.549	-4.438	3.934	-0.372	0.675	1.834	127.738304	37.885670
1595324923508	1595324923507	-9.969	-4.486	3.888	-0.451	0.571	1.624	127.738304	37.885670
1595324923526	1595324923525	-9.593	-4.581	4.018	-0.472	0.493	1.388	127.738304	37.885670
1595324923552	1595324923547	-9.430	-4.706	4.229	-0.482	0.405	1.108	127.738304	37.885670
1595324923566	1595324923566	-9.880	-5.077	4.185	-0.491	0.325	0.780	127.738304	37.885670
1595324923587	1595324923584	-11.073	-5.528	4.070	-0.411	0.279	0.365	127.738304	37.885670
1595324923603	1595324923602	-12.290	-5.556	4.188	-0.237	0.245	-0.185	127.738304	37.885670
1595324923627	1595324923625	-13.612	-5.283	4.962	-0.054	0.241	-0.858	127.738304	37.885670
1595324923644	1595324923642	-14.480	-4.819	6.042	0.056	0.125	-1.572	127.738304	37.885670
1595324923663	1595324923663	-13.761	-4.066	6.267	-0.057	-0.215	-2.269	127.738304	37.885670
1595324923684	1595324923683	-12.290	-3.702	5.228	-0.322	-0.627	-2.986	127.738304	37.885670
1595324923703	1595324923703	-12.091	-4.014	3.644	-0.374	-0.862	-3.719	127.738304	37.885670
1595324923724	1595324923723	-13.267	-4.325	2.676	0.041	-0.909	-4.410	127.738304	37.885670
1595324923743	1595324923743	-15.043	-4.409	2.183	0.892	-0.903	-4.961	127.738304	37.885670
1595324923766	1595324923765	-17.122	-4.114	1.895	1.915	-0.904	-5.305	127.738304	37.885670
1595324923783	1595324923781	-18.485	-3.182	1.824	2.680	-1.018	-5.384	127.738304	37.885670
1595324923802	1595324923800	-17.666	-2.035	2.231	2.931	-1.286	-5.219	127.738304	37.885670
1595324923822	1595324923820	-15.380	-1.544	2.818	2.687	-1.621	-4.939	127.738304	37.885670
1595324923841	1595324923839	-13.466	-1.542	2.717	2.031	-1.876	-4.659	127.738304	37.885670
1595324923861	1595324923861	-12.101	-1.460	2.061	1.140	-2.019	-4.383	127.738304	37.885670
1595324923882	1595324923880	-10.977	-1.479	1.114	0.165	-2.009	-4.100	127.738304	37.885670
1595324923900	1595324923900	-10.139	-1.640	0.386	-0.633	-1.857	-3.805	127.738304	37.885670
1595324923920	1595324923920	-9.473	-1.944	-0.040	-1.014	-1.631	-3.494	127.738304	37.885670
1595324923940	1595324923939	-8.860	-2.322	-0.194	-0.973	-1.388	-3.219	127.738304	37.885670
1595324923961	1595324923958	-8.340	-2.641	-0.138	-0.590	-1.133	-2.975	127.738304	37.885670
1595324923979	1595324923978	-7.978	-2.720	-0.050	-0.023	-0.903	-2.729	127.738304	37.885670
1595324924002	1595324923996	-7.772	-2.478	-0.021	0.507	-0.694	-2.453	127.738304	37.885670
1595324924021	1595324924015	-7.698	-1.961	0.092	0.799	-0.504	-2.106	127.738304	37.885670
1595324924039	1595324924035	-7.398	-1.479	0.298	0.783	-0.354	-1.716	127.738304	37.885670
1595324924057	1595324924055	-6.979	-1.347	0.381	0.569	-0.172	-1.293	127.738304	37.885670
1595324924078	1595324924076	-7.097	-1.465	0.604	0.275	0.152	-0.790	127.738304	37.885670
1595324924096	1595324924096	-7.681	-1.894	1.143	0.028	0.527	-0.216	127.738304	37.885670
1595324924116	1595324924116	-8.247	-2.296	1.711	-0.046	0.845	0.383	127.738304	37.885670
1595324924136	1595324924135	-9.262	-2.550	2.001	0.039	1.176	1.045	127.738304	37.885670
1595324924155	1595324924155	-11.159	-2.730	1.874	0.136	1.514	1.799	127.738304	37.885670
1595324924176	1595324924175	-11.952	-2.435	1.871	0.092	1.616	2.488	127.738304	37.885670
1595324924197	1595324924197	-10.764	-1.956	2.109	-0.157	1.528	3.073	127.738304	37.885670
1595324924215	1595324924213	-10.417	-2.104	2.882	-0.479	1.605	3.672	127.738304	37.885670
1595324924236	1595324924232	-11.306	-2.516	3.464	-0.657	1.616	4.201	127.738304	37.885670
1595324924254	1595324924252	-11.957	-2.459	3.464	-0.728	1.424	4.529	127.738304	37.885670
1595324924274	1595324924272	-12.817	-2.464	3.452	-0.821	1.289	4.762	127.738304	37.885670
1595324924294	1595324924294	-13.756	-3.000	3.783	-0.869	1.182	4.872	127.738304	37.885670
1595324924314	1595324924312	-14.132	-3.530	4.253	-0.739	1.056	4.780	127.738304	37.885670
1595324924333	1595324924333	-13.797	-3.532	4.823	-0.472	1.012	4.540	127.738304	37.885677
1595324924352	1595324924350	-13.157	-2.804	5.316	-0.458	0.961	4.291	127.738304	37.885677
1595324924373	1595324924370	-12.532	-2.931	4.660	-0.873	0.791	4.062	127.738304	37.885677
1595324924393	1595324924390	-11.854	-3.427	3.874	-1.053	0.597	3.892	127.738304	37.885677
1595324924412	1595324924409	-11.471	-3.242	3.230	-1.308	0.421	3.649	127.738304	37.885677
1595324924431	1595324924429	-10.987	-3.374	2.612	-1.456	0.269	3.277	127.738304	37.885677
1595324924450	1595324924448	-10.714	-3.654	2.236	-1.361	0.227	2.927	127.738304	37.885677
1595324924471	1595324924468	-10.731	-4.030	2.221	-1.088	0.254	2.611	127.738304	37.885677
1595324924493	1595324924491	-10.568	-4.385	2.370	-0.852	0.266	2.312	127.738304	37.885677
1595324924510	1595324924509	-10.249	-4.464	2.554	-0.694	0.280	2.052	127.738304	37.885677
1595324924530	1595324924529	-9.828	-4.402	2.808	-0.584	0.302	1.816	127.738304	37.885677
1595324924551	1595324924551	-9.432	-4.332	2.820	-0.574	0.298	1.607	127.738304	37.885677
1595324924573	1595324924570	-9.329	-4.519	2.784	-0.601	0.335	1.406	127.738304	37.885677
1595324924596	1595324924590	-9.358	-4.723	3.086	-0.510	0.384	1.169	127.738304	37.885677
1595324924612	1595324924607	-9.751	-4.864	3.347	-0.301	0.449	0.889	127.738304	37.885677
1595324924630	1595324924628	-10.448	-4.936	3.563	-0.118	0.493	0.562	127.738304	37.885677
1595324924647	1595324924645	-10.779	-4.934	3.680	-0.000	0.442	0.196	127.738304	37.885677
1595324924667	1595324924665	-11.176	-4.931	3.939	0.076	0.426	-0.220	127.738304	37.885677
1595324924688	1595324924688	-11.804	-4.859	4.609	0.130	0.405	-0.693	127.738304	37.885677
1595324924708	1595324924706	-12.657	-4.773	5.513	0.183	0.301	-1.212	127.738304	37.885677
1595324924727	1595324924726	-12.748	-4.440	5.673	0.170	0.013	-1.733	127.738304	37.885677
1595324924746	1595324924746	-11.914	-4.026	4.509	0.058	-0.371	-2.282	127.738304	37.885677
1595324924766	1595324924765	-11.691	-4.014	3.110	-0.000	-0.595	-2.889	127.738304	37.885677
1595324924788	1595324924788	-12.405	-4.251	2.487	0.269	-0.671	-3.494	127.738304	37.885677
1595324924807	1595324924803	-13.696	-4.177	2.286	0.929	-0.668	-4.035	127.738304	37.885677
1595324924825	1595324924823	-15.409	-3.815	2.207	1.707	-0.658	-4.434	127.738304	37.885677
1595324924844	1595324924842	-16.645	-3.309	2.197	2.262	-0.773	-4.619	127.738304	37.885677
1595324924864	1595324924862	-16.501	-2.648	2.279	2.435	-0.999	-4.616	127.738304	37.885677
1595324924885	1595324924883	-15.186	-2.222	2.291	2.255	-1.220	-4.505	127.738304	37.885677
1595324924904	1595324924904	-13.521	-1.961	2.154	1.828	-1.401	-4.391	127.738304	37.885677
