1595324934775	1595324934769	-11.701	-0.176	2.221	0.111	1.596	3.140	127.738327	37.885792
1595324934790	1595324934788	-11.960	-0.758	2.432	-0.676	1.544	3.250	127.738327	37.885792
1595324934808	1595324934807	-12.187	-1.343	2.851	-1.285	1.499	3.275	127.738327	37.885792
1595324934829	1595324934827	-12.084	-1.834	3.558	-1.744	1.420	3.224	127.738327	37.885792
1595324934849	1595324934846	-11.401	-2.387	4.032	-2.125	1.221	3.212	127.738327	37.885792
1595324934868	1595324934866	-10.769	-3.005	3.910	-2.359	1.012	3.272	127.738327	37.885792
1595324934890	1595324934886	-10.501	-3.465	3.481	-2.368	0.816	3.301	127.738327	37.885792
1595324934907	1595324934905	-10.256	-3.556	3.014	-2.244	0.649	3.222	127.738327	37.885792
1595324934927	1595324934925	-10.153	-3.618	2.578	-2.077	0.534	3.082	127.738327	37.885792
1595324934947	1595324934945	-10.374	-3.918	2.351	-1.833	0.474	2.942	127.738327	37.885792
1595324934969	1595324934967	-10.814	-4.356	2.470	-1.463	0.457	2.792	127.738327	37.885792
1595324934987	1595324934986	-11.001	-4.684	2.925	-1.011	0.444	2.612	127.738327	37.885792
1595324935010	1595324935008	-10.764	-4.653	3.378	-0.645	0.410	2.425	127.738327	37.885792
1595324935026	1595324935024	-10.529	-4.483	3.742	-0.470	0.403	2.253	127.738327	37.885792
1595324935048	1595324935045	-10.302	-4.581	4.090	-0.438	0.365	2.070	127.738327	37.885792
1595324935065	1595324935063	-10.199	-4.960	4.348	-0.397	0.322	1.857	127.738327	37.885792
1595324935089	1595324935086	-10.304	-5.290	4.641	-0.245	0.306	1.587	127.738327	37.885792
1595324935104	1595324935102	-10.393	-5.358	4.780	-0.066	0.253	1.228	127.738327	37.885792
1595324935126	1595324935125	-10.963	-5.379	4.878	0.027	0.216	0.771	127.738327	37.885792
1595324935145	1595324935142	-11.634	-5.202	5.014	0.042	0.160	0.204	127.738327	37.885792
1595324935174	1595324935164	-13.049	-5.034	5.489	-0.001	0.109	-0.452	127.738327	37.885792
1595324935184	1595324935181	-14.724	-4.895	5.893	-0.083	-0.019	-1.169	127.738327	37.885792
1595324935202	1595324935201	-13.560	-4.435	5.323	-0.259	-0.429	-1.868	127.738327	37.885792
1595324935223	1595324935221	-11.416	-4.347	3.979	-0.340	-0.783	-2.599	127.738327	37.885792
1595324935243	1595324935240	-11.346	-4.524	3.072	-0.048	-0.821	-3.317	127.738327	37.885792
1595324935261	1595324935260	-12.424	-4.536	2.473	0.589	-0.810	-3.937	127.738327	37.885792
1595324935285	1595324935280	-14.250	-4.440	2.092	1.436	-0.778	-4.416	127.738327	37.885792
1595324935301	1595324935300	-16.231	-3.913	1.986	2.221	-0.809	-4.715	127.738327	37.885792
1595324935322	1595324935319	-17.153	-3.111	1.965	2.653	-0.990	-4.805	127.738319	37.885807
1595324935347	1595324935345	-16.537	-2.473	2.027	2.659	-1.245	-4.738	127.738319	37.885807
1595324935365	1595324935365	-14.987	-2.109	2.250	2.393	-1.471	-4.619	127.738319	37.885807
1595324935388	1595324935380	-13.735	-1.839	2.549	1.949	-1.618	-4.478	127.738319	37.885807
1595324935401	1595324935399	-12.934	-1.515	2.202	1.211	-1.752	-4.321	127.738319	37.885807
1595324935422	1595324935419	-11.871	-1.470	1.486	0.316	-1.871	-4.146	127.738319	37.885807
1595324935441	1595324935439	-10.618	-1.604	0.942	-0.387	-1.883	-3.941	127.738319	37.885807
1595324935462	1595324935461	-9.669	-1.934	0.645	-0.681	-1.763	-3.730	127.738319	37.885807
1595324935481	1595324935478	-9.126	-2.215	0.472	-0.563	-1.562	-3.552	127.738319	37.885807
1595324935502	1595324935499	-8.924	-2.265	0.286	-0.157	-1.344	-3.359	127.738319	37.885807
1595324935520	1595324935517	-8.522	-1.997	0.341	0.328	-1.192	-3.144	127.738319	37.885807
1595324935541	1595324935538	-7.811	-1.393	0.300	0.687	-1.117	-2.885	127.738319	37.885807
1595324935560	1595324935559	-7.312	-0.775	0.334	0.779	-0.946	-2.519	127.738319	37.885807
1595324935580	1595324935577	-7.281	-0.576	0.901	0.558	-0.675	-2.053	127.738319	37.885807
1595324935600	1595324935596	-7.401	-0.820	1.584	0.126	-0.395	-1.515	127.738319	37.885807
1595324935619	1595324935615	-7.329	-1.060	1.778	-0.351	-0.114	-0.913	127.738319	37.885807
1595324935638	1595324935635	-7.449	-1.300	1.522	-0.708	0.255	-0.249	127.738319	37.885807
1595324935658	1595324935655	-8.120	-1.882	1.567	-0.833	0.688	0.455	127.738319	37.885807
1595324935678	1595324935676	-9.090	-2.608	1.795	-0.594	1.045	1.121	127.738319	37.885807
1595324935696	1595324935696	-10.800	-2.857	1.646	-0.024	1.408	1.765	127.738319	37.885807
1595324935716	1595324935716	-11.557	-2.183	1.665	0.439	1.602	2.318	127.738319	37.885807
1595324935737	1595324935735	-10.278	-1.551	1.924	0.439	1.557	2.767	127.738319	37.885807
1595324935755	1595324935755	-10.062	-1.980	2.523	0.225	1.680	3.286	127.738319	37.885807
1595324935776	1595324935776	-11.552	-2.342	3.141	0.207	1.797	3.813	127.738319	37.885807
1595324935796	1595324935797	-12.403	-1.822	2.981	0.123	1.622	4.166	127.738319	37.885807
1595324935814	1595324935813	-12.954	-1.633	2.643	-0.350	1.461	4.414	127.738319	37.885807
1595324935834	1595324935832	-14.032	-2.191	2.681	-0.918	1.358	4.581	127.738319	37.885807
1595324935853	1595324935852	-14.956	-2.861	3.045	-1.228	1.246	4.568	127.738319	37.885807
1595324935874	1595324935872	-14.678	-3.170	3.752	-1.306	1.168	4.354	127.738319	37.885807
1595324935893	1595324935892	-13.291	-3.048	4.451	-1.373	1.091	4.079	127.738319	37.885807
1595324935913	1595324935913	-11.804	-3.123	4.420	-1.572	0.993	3.877	127.738319	37.885807
1595324935933	1595324935932	-11.090	-3.606	3.833	-1.712	0.873	3.726	127.738319	37.885807
1595324935952	1595324935952	-11.131	-3.592	3.311	-1.698	0.769	3.517	127.738319	37.885807
1595324935972	1595324935972	-11.272	-3.096	2.837	-1.764	0.646	3.250	127.738319	37.885807
1595324935992	1595324935991	-11.418	-3.329	2.164	-1.897	0.512	3.011	127.738319	37.885807
1595324936019	1595324936010	-11.651	-4.186	1.742	-1.749	0.455	2.825	127.738319	37.885807
1595324936033	1595324936030	-11.607	-4.874	2.053	-1.273	0.453	2.666	127.738319	37.885807
1595324936050	1595324936049	-11.238	-5.204	2.504	-0.725	0.459	2.555	127.738319	37.885807
1595324936071	1595324936068	-11.250	-5.322	2.959	-0.255	0.531	2.463	127.738319	37.885807
1595324936092	1595324936090	-11.090	-5.123	3.428	0.031	0.560	2.352	127.738319	37.885807
1595324936109	1595324936109	-10.429	-4.831	3.666	0.090	0.525	2.237	127.738319	37.885807
1595324936131	1595324936131	-10.237	-4.934	3.860	0.050	0.542	2.083	127.738319	37.885807
1595324936149	1595324936149	-10.431	-5.312	4.152	0.064	0.540	1.846	127.738319	37.885807
1595324936169	1595324936169	-10.745	-5.628	4.418	0.164	0.506	1.496	127.738319	37.885807
1595324936188	1595324936188	-11.037	-5.837	4.710	0.248	0.440	1.022	127.738319	37.885807
1595324936210	1595324936209	-11.217	-6.059	5.204	0.264	0.341	0.407	127.738319	37.885807
1595324936229	1595324936226	-11.787	-6.069	5.877	0.359	0.237	-0.319	127.738319	37.885807
1595324936248	1595324936245	-12.479	-5.322	6.056	0.494	0.035	-1.075	127.738319	37.885807
1595324936267	1595324936265	-12.316	-4.289	5.120	0.428	-0.353	-1.820	127.738319	37.885807
1595324936313	1595324936313	-12.182	-4.016	3.747	0.280	-0.714	-2.587	127.738319	37.885807
1595324936314	1595324936314	-12.693	-4.143	2.734	0.438	-0.938	-3.337	127.738319	37.885807
1595324936329	1595324936329	-14.173	-4.023	2.334	0.968	-1.057	-4.057	127.738319	37.885807
1595324936347	1595324936347	-16.432	-3.808	2.125	1.703	-1.156	-4.665	127.738319	37.885818
1595324936368	1595324936368	-18.324	-3.331	2.152	2.430	-1.337	-5.058	127.738319	37.885818
1595324936390	1595324936387	-18.909	-2.828	2.537	2.696	-1.677	-5.304	127.738319	37.885818
1595324936408	1595324936403	-18.018	-2.401	3.045	2.441	-2.014	-5.391	127.738319	37.885818
1595324936425	1595324936422	-16.386	-1.728	3.069	1.942	-2.193	-5.254	127.738319	37.885818
1595324936445	1595324936443	-14.686	-1.324	2.509	1.414	-2.237	-5.025	127.738319	37.885818
1595324936467	1595324936464	-12.954	-1.134	1.663	0.657	-2.263	-4.791	127.738319	37.885818
1595324936484	1595324936482	-11.430	-1.221	0.868	-0.289	-2.211	-4.542	127.738319	37.885818
1595324936508	1595324936506	-10.503	-1.726	0.401	-1.054	-2.004	-4.268	127.738319	37.885818
1595324936524	1595324936523	-9.988	-2.449	0.118	-1.333	-1.762	-3.976	127.738319	37.885818
1595324936546	1595324936546	-9.715	-2.940	-0.016	-1.109	-1.539	-3.693	127.738319	37.885818
1595324936563	1595324936563	-9.530	-3.091	0.005	-0.567	-1.361	-3.423	127.738319	37.885818
1595324936586	1595324936584	-9.154	-2.921	-0.067	0.051	-1.262	-3.168	127.738319	37.885818
1595324936602	1595324936602	-8.706	-2.445	0.003	0.526	-1.176	-2.909	127.738319	37.885818
1595324936628	1595324936625	-8.407	-1.726	0.127	0.671	-1.070	-2.603	127.738319	37.885818
1595324936643	1595324936641	-8.081	-1.041	0.135	0.491	-0.941	-2.230	127.738319	37.885818
1595324936664	1595324936661	-7.791	-0.643	0.214	0.062	-0.725	-1.792	127.738319	37.885818
1595324936683	1595324936680	-7.743	-0.744	0.444	-0.462	-0.377	-1.277	127.738319	37.885818
1595324936701	1595324936701	-8.160	-1.355	0.700	-0.810	0.081	-0.677	127.738319	37.885818
1595324936723	1595324936722	-9.274	-2.066	1.170	-0.775	0.599	-0.017	127.738319	37.885818
1595324936741	1595324936741	-10.570	-2.243	1.500	-0.438	1.017	0.647	127.738319	37.885818
1595324936761	1595324936761	-11.167	-1.949	1.301	-0.151	1.270	1.324	127.738319	37.885818
1595324936781	1595324936780	-10.963	-2.198	1.316	-0.049	1.487	2.073	127.738319	37.885818
1595324936800	1595324936800	-10.611	-2.976	1.915	0.101	1.697	2.865	127.738319	37.885818
1595324936820	1595324936817	-10.673	-3.202	2.854	0.506	1.864	3.541	127.738319	37.885818
1595324936839	1595324936836	-10.680	-2.608	3.311	0.832	1.863	4.002	127.738319	37.885818
1595324936859	1595324936856	-10.793	-1.786	3.021	0.686	1.783	4.347	127.738319	37.885818
1595324936879	1595324936876	-11.540	-1.297	2.734	0.181	1.763	4.660	127.738319	37.885818
1595324936898	1595324936895	-12.752	-1.393	2.679	-0.398	1.707	4.926	127.738319	37.885818
1595324936918	1595324936918	-14.060	-1.901	2.815	-0.890	1.601	5.110	127.738319	37.885818
1595324936938	1595324936936	-14.916	-2.646	3.208	-1.221	1.463	5.170	127.738319	37.885818
1595324936957	1595324936956	-14.868	-3.374	3.649	-1.410	1.270	5.138	127.738319	37.885818
1595324936977	1595324936976	-14.365	-3.925	3.936	-1.519	1.098	5.069	127.738319	37.885818
1595324936998	1595324936998	-13.960	-4.239	4.020	-1.606	0.951	4.931	127.738319	37.885818
1595324937019	1595324937014	-13.514	-4.054	3.836	-1.780	0.789	4.665	127.738319	37.885818
1595324937036	1595324937033	-13.090	-3.674	3.170	-2.110	0.623	4.294	127.738319	37.885818
1595324937054	1595324937053	-12.899	-3.765	2.475	-2.379	0.499	3.858	127.738319	37.885818
1595324937075	1595324937072	-12.618	-4.344	2.166	-2.283	0.418	3.399	127.738319	37.885818
1595324937094	1595324937092	-12.173	-4.905	2.159	-1.850	0.406	2.972	127.738319	37.885818
1595324937113	1595324937111	-11.742	-5.389	2.293	-1.373	0.423	2.585	127.738319	37.885818
1595324937134	1595324937132	-11.373	-5.659	2.408	-1.001	0.428	2.252	127.738319	37.885818
1595324937152	1595324937151	-11.083	-5.750	2.660	-0.692	0.457	1.964	127.738319	37.885818
1595324937173	1595324937170	-10.805	-5.851	3.062	-0.411	0.487	1.704	127.738319	37.885818
1595324937191	1595324937190	-10.455	-5.875	3.433	-0.172	0.506	1.458	127.738319	37.885818
1595324937213	1595324937213	-10.134	-5.741	3.764	-0.038	0.521	1.196	127.738319	37.885818
1595324937232	1595324937230	-10.113	-5.906	4.147	-0.025	0.523	0.866	127.738319	37.885818
1595324937251	1595324937249	-10.436	-6.414	4.698	-0.004	0.496	0.427	127.738319	37.885818
1595324937271	1595324937269	-11.605	-7.197	5.182	0.224	0.428	-0.139	127.738319	37.885818
1595324937290	1595324937288	-13.378	-7.367	5.065	0.676	0.298	-0.825	127.738319	37.885818
1595324937311	1595324937309	-13.483	-5.932	4.317	1.024	-0.006	-1.555	127.738312	37.885826
1595324937331	1595324937328	-12.321	-4.026	3.536	1.073	-0.369	-2.318	127.738312	37.885826
1595324937350	1595324937348	-11.940	-3.218	3.239	0.953	-0.657	-3.135	127.738312	37.885826
1595324937372	1595324937370	-13.006	-3.415	3.028	0.846	-0.859	-3.971	127.738312	37.885826
1595324937389	1595324937388	-14.923	-3.870	2.942	0.992	-0.967	-4.699	127.738312	37.885826
1595324937411	1595324937409	-16.870	-4.222	2.911	1.281	-1.078	-5.255	127.738312	37.885826
1595324937430	1595324937427	-18.585	-4.514	2.415	1.585	-1.159	-5.633	127.738312	37.885826
1595324937448	1595324937447	-19.254	-3.975	1.792	1.906	-1.179	-5.816	127.738312	37.885826
1595324937470	1595324937467	-18.061	-2.749	1.555	2.145	-1.252	-5.817	127.738312	37.885826
1595324937489	1595324937487	-16.221	-2.035	1.560	2.236	-1.386	-5.682	127.738312	37.885826
1595324937512	1595324937510	-14.669	-1.853	1.419	2.008	-1.523	-5.353	127.738312	37.885826
1595324937529	1595324937527	-13.117	-1.958	1.026	1.425	-1.673	-4.927	127.738312	37.885826
1595324937550	1595324937548	-11.648	-2.174	0.504	0.682	-1.750	-4.491	127.738312	37.885826
1595324937568	1595324937567	-10.539	-2.270	0.120	0.131	-1.714	-4.056	127.738312	37.885826
1595324937592	1595324937589	-9.607	-2.121	-0.105	-0.110	-1.649	-3.659	127.738312	37.885826
1595324937610	1595324937607	-8.771	-1.836	-0.270	-0.137	-1.578	-3.306	127.738312	37.885826
1595324937634	1595324937632	-8.105	-1.597	-0.325	-0.062	-1.480	-2.972	127.738312	37.885826
1595324937646	1595324937644	-7.533	-1.482	-0.308	0.041	-1.376	-2.643	127.738312	37.885826
1595324937666	1595324937663	-7.145	-1.362	-0.234	0.104	-1.226	-2.311	127.738312	37.885826
1595324937686	1595324937683	-7.106	-1.175	-0.112	0.043	-1.009	-1.938	127.738312	37.885826
1595324937705	1595324937703	-7.379	-1.000	0.008	-0.113	-0.762	-1.503	127.738312	37.885826
1595324937725	1595324937722	-7.949	-1.043	0.171	-0.254	-0.462	-0.987	127.738312	37.885826
1595324937744	1595324937744	-8.433	-1.259	0.573	-0.297	-0.132	-0.411	127.738312	37.885826
1595324937764	1595324937764	-8.615	-1.582	1.059	-0.185	0.199	0.200	127.738312	37.885826
1595324937785	1595324937783	-8.740	-1.848	1.486	0.040	0.583	0.819	127.738312	37.885826
1595324937804	1595324937803	-9.368	-2.140	2.156	0.360	1.053	1.451	127.738312	37.885826
1595324937825	1595324937825	-10.556	-2.337	2.583	0.757	1.445	2.076	127.738312	37.885826
1595324937843	1595324937841	-10.817	-1.889	2.156	0.968	1.552	2.631	127.738312	37.885826
1595324937863	1595324937861	-10.405	-1.280	1.718	0.730	1.662	3.169	127.738312	37.885826
1595324937883	1595324937881	-11.684	-1.424	2.439	0.189	1.897	3.843	127.738312	37.885826
1595324937904	1595324937901	-14.022	-2.349	3.460	-0.198	1.908	4.538	127.738312	37.885826
1595324937924	1595324937922	-14.554	-2.667	3.417	-0.444	1.559	4.983	127.738312	37.885826
1595324937943	1595324937943	-14.204	-2.413	2.832	-0.823	1.281	5.265	127.738312	37.885826
1595324937967	1595324937965	-15.186	-2.859	2.796	-1.253	1.233	5.481	127.738312	37.885826
1595324937983	1595324937980	-15.986	-3.836	3.486	-1.474	1.123	5.428	127.738312	37.885826
1595324938004	1595324938004	-15.217	-4.210	4.269	-1.350	0.991	5.116	127.738312	37.885826
1595324938022	1595324938021	-13.641	-3.674	4.320	-1.144	0.902	4.765	127.738312	37.885826
1595324938043	1595324938040	-12.649	-3.252	3.572	-1.160	0.816	4.453	127.738312	37.885826
1595324938062	1595324938059	-11.981	-3.242	2.727	-1.368	0.688	4.162	127.738312	37.885826
1595324938083	1595324938079	-11.583	-3.187	2.396	-1.666	0.600	3.815	127.738312	37.885826
1595324938101	1595324938098	-11.651	-3.420	2.396	-1.953	0.540	3.415	127.738312	37.885826
1595324938121	1595324938119	-11.979	-4.251	2.291	-1.962	0.471	3.038	127.738312	37.885826
1595324938140	1595324938139	-11.993	-5.214	2.319	-1.533	0.427	2.708	127.738312	37.885826
1595324938159	1595324938158	-11.397	-5.805	2.343	-0.866	0.397	2.459	127.738312	37.885826
1595324938179	1595324938178	-10.927	-6.016	2.413	-0.189	0.451	2.260	127.738312	37.885826
1595324938199	1595324938197	-10.898	-5.837	2.777	0.369	0.568	2.035	127.738312	37.885826
1595324938218	1595324938217	-10.529	-5.410	3.373	0.765	0.627	1.828	127.738312	37.885826
1595324938241	1595324938241	-9.964	-4.922	3.965	0.944	0.649	1.645	127.738312	37.885826
1595324938257	1595324938256	-9.679	-4.720	4.260	0.881	0.642	1.438	127.738312	37.885826
1595324938277	1595324938274	-9.890	-4.759	4.420	0.595	0.582	1.151	127.738312	37.885826
1595324938303	1595324938298	-10.458	-5.017	4.312	0.260	0.481	0.741	127.738312	37.885826
1595324938317	1595324938313	-11.373	-5.250	4.406	0.067	0.407	0.197	127.738304	37.885841
1595324938335	1595324938333	-12.499	-5.211	5.187	0.095	0.350	-0.480	127.738304	37.885841
1595324938354	1595324938353	-13.157	-4.682	6.226	0.265	0.175	-1.216	127.738304	37.885841
1595324938375	1595324938372	-12.412	-4.006	6.243	0.147	-0.221	-1.978	127.738304	37.885841
1595324938395	1595324938392	-11.423	-3.901	5.060	-0.289	-0.676	-2.830	127.738304	37.885841
1595324938414	1595324938412	-12.053	-4.672	4.197	-0.359	-0.882	-3.724	127.738304	37.885841
1595324938438	1595324938432	-13.459	-4.981	3.922	0.150	-0.973	-4.566	127.738304	37.885841
1595324938456	1595324938453	-16.029	-5.118	3.740	1.051	-1.002	-5.291	127.738304	37.885841
1595324938474	1595324938471	-19.479	-5.005	3.256	2.026	-1.038	-5.789	127.738304	37.885841
1595324938494	1595324938491	-21.113	-3.800	2.705	2.676	-1.227	-5.960	127.738304	37.885841
1595324938512	1595324938510	-19.522	-2.332	2.782	2.790	-1.567	-5.831	127.738304	37.885841
1595324938533	1595324938531	-16.703	-1.503	3.060	2.584	-1.894	-5.536	127.738304	37.885841
1595324938551	1595324938551	-14.645	-1.285	2.489	2.049	-2.106	-5.097	127.738304	37.885841
1595324938572	1595324938571	-12.968	-1.513	1.500	1.080	-2.237	-4.630	127.738304	37.885841
1595324938592	1595324938591	-11.442	-1.822	0.734	0.068	-2.258	-4.205	127.738304	37.885841
1595324938611	1595324938611	-10.625	-2.193	0.386	-0.538	-2.091	-3.803	127.738304	37.885841
1595324938641	1595324938632	-10.180	-2.397	0.192	-0.687	-1.885	-3.469	127.738304	37.885841
1595324938652	1595324938648	-9.514	-2.423	0.044	-0.490	-1.751	-3.207	127.738304	37.885841
1595324938670	1595324938668	-8.900	-2.433	-0.033	-0.125	-1.590	-2.995	127.738304	37.885841
1595324938689	1595324938688	-8.601	-2.413	0.039	0.240	-1.375	-2.795	127.738304	37.885841
1595324938709	1595324938707	-8.072	-2.172	0.137	0.467	-1.236	-2.607	127.738304	37.885841
1595324938730	1595324938728	-7.444	-1.625	0.041	0.458	-1.090	-2.407	127.738304	37.885841
1595324938748	1595324938748	-7.176	-1.153	-0.107	0.217	-0.822	-2.142	127.738304	37.885841
1595324938769	1595324938768	-7.003	-1.034	-0.057	-0.119	-0.511	-1.823	127.738304	37.885841
1595324938788	1595324938788	-7.010	-1.218	0.305	-0.327	-0.129	-1.429	127.738304	37.885841
1595324938808	1595324938807	-7.499	-1.580	0.916	-0.294	0.344	-0.954	127.738304	37.885841
1595324938827	1595324938827	-8.340	-2.109	1.591	-0.049	0.819	-0.431	127.738304	37.885841
1595324938847	1595324938847	-8.927	-2.423	1.929	0.331	1.207	0.104	127.738304	37.885841
1595324938867	1595324938865	-9.600	-2.191	1.567	0.699	1.574	0.652	127.738304	37.885841
1595324938887	1595324938885	-11.392	-1.740	1.301	0.937	2.100	1.328	127.738304	37.885841
1595324938906	1595324938904	-12.130	-1.577	1.668	1.035	2.410	2.044	127.738304	37.885841
1595324938926	1595324938924	-11.071	-2.059	2.497	1.017	2.478	2.653	127.738304	37.885841
1595324938945	1595324938945	-11.485	-2.394	3.450	1.036	2.717	3.238	127.738304	37.885841
1595324938968	1595324938966	-12.024	-1.364	3.632	0.999	2.720	3.709	127.738304	37.885841
1595324938987	1595324938983	-11.902	0.016	3.067	0.418	2.533	4.039	127.738304	37.885841
1595324939008	1595324939007	-12.966	0.068	2.880	-0.632	2.468	4.397	127.738304	37.885841
1595324939025	1595324939025	-14.796	-1.065	3.055	-1.617	2.315	4.737	127.738304	37.885841
1595324939053	1595324939047	-16.154	-2.296	3.428	-2.214	2.063	4.955	127.738304	37.885841
1595324939063	1595324939062	-16.379	-3.192	3.879	-2.467	1.777	5.064	127.738304	37.885841
1595324939086	1595324939084	-15.570	-3.765	4.281	-2.496	1.479	5.127	127.738304	37.885841
1595324939103	1595324939101	-14.511	-4.339	4.351	-2.380	1.223	5.116	127.738304	37.885841
1595324939126	1595324939125	-13.485	-4.627	4.219	-2.143	1.034	4.990	127.738304	37.885841
1595324939143	1595324939141	-12.867	-4.191	4.427	-1.932	0.948	4.726	127.738304	37.885841
1595324939164	1595324939163	-12.470	-3.832	4.569	-1.967	0.806	4.384	127.738304	37.885841
1595324939184	1595324939183	-12.254	-4.409	3.908	-2.019	0.587	4.045	127.738304	37.885841
1595324939203	1595324939202	-12.046	-5.305	3.199	-1.704	0.438	3.676	127.738304	37.885841
1595324939224	1595324939222	-11.562	-5.731	2.985	-1.119	0.378	3.246	127.738304	37.885841
1595324939242	1595324939242	-11.179	-5.863	3.048	-0.580	0.392	2.769	127.738304	37.885841
1595324939262	1595324939261	-10.673	-5.719	3.268	-0.227	0.393	2.236	127.738304	37.885841
1595324939282	1595324939280	-9.976	-5.336	3.582	-0.042	0.378	1.685	127.738304	37.885841
1595324939302	1595324939299	-9.499	-5.027	4.087	-0.005	0.381	1.145	127.738304	37.885841
1595324939324	1595324939324	-9.138	-4.922	4.413	-0.130	0.312	0.632	127.738304	37.885849
1595324939346	1595324939344	-9.202	-5.008	4.415	-0.359	0.228	0.120	127.738304	37.885849
1595324939362	1595324939359	-9.890	-5.178	4.092	-0.584	0.178	-0.404	127.738304	37.885849
1595324939381	1595324939378	-10.953	-5.370	3.886	-0.679	0.144	-0.969	127.738304	37.885849
1595324939400	1595324939398	-12.963	-5.441	4.171	-0.562	0.179	-1.585	127.738304	37.885849
1595324939420	1595324939418	-14.985	-5.190	4.758	-0.368	0.139	-2.239	127.738304	37.885849
1595324939439	1595324939436	-14.877	-4.644	4.959	-0.349	-0.176	-2.826	127.738304	37.885849
1595324939464	1595324939456	-13.869	-4.474	4.372	-0.421	-0.504	-3.400	127.738304	37.885849
1595324939479	1595324939476	-13.617	-4.411	3.400	-0.317	-0.668	-4.010	127.738304	37.885849
1595324939501	1595324939495	-14.846	-4.342	2.818	0.075	-0.679	-4.590	127.738304	37.885849
1595324939518	1595324939515	-16.952	-4.224	2.633	0.703	-0.658	-5.091	127.738304	37.885849
1595324939538	1595324939534	-18.459	-3.779	2.403	1.336	-0.753	-5.436	127.738304	37.885849
1595324939557	1595324939555	-18.641	-3.202	2.027	1.716	-0.932	-5.572	127.738304	37.885849
1595324939577	1595324939576	-17.754	-2.775	1.831	1.808	-1.081	-5.541	127.738304	37.885849
1595324939595	1595324939593	-16.176	-2.504	2.037	1.740	-1.184	-5.405	127.738304	37.885849
1595324939615	1595324939616	-14.415	-2.200	2.145	1.549	-1.281	-5.230	127.738304	37.885849
1595324939635	1595324939635	-12.899	-1.944	1.977	1.181	-1.360	-4.997	127.738304	37.885849
1595324939655	1595324939655	-11.595	-1.915	1.598	0.628	-1.389	-4.725	127.738304	37.885849
1595324939678	1595324939673	-10.376	-2.057	1.136	0.108	-1.343	-4.448	127.738304	37.885849
1595324939693	1595324939692	-9.329	-2.200	0.726	-0.138	-1.200	-4.186	127.738304	37.885849
1595324939714	1595324939712	-8.618	-2.186	0.525	-0.069	-0.995	-3.932	127.738304	37.885849
1595324939734	1595324939732	-8.141	-2.112	0.446	0.199	-0.802	-3.659	127.738304	37.885849
1595324939753	1595324939753	-7.614	-2.035	0.506	0.565	-0.651	-3.342	127.738304	37.885849
1595324939774	1595324939773	-6.905	-1.733	0.583	0.945	-0.547	-2.975	127.738304	37.885849
1595324939792	1595324939792	-6.294	-1.235	0.710	1.195	-0.432	-2.516	127.738304	37.885849
1595324939812	1595324939812	-5.906	-0.708	0.901	1.152	-0.301	-1.985	127.738304	37.885849
1595324939832	1595324939832	-5.707	-0.435	1.055	0.857	-0.143	-1.385	127.738304	37.885849
1595324939854	1595324939854	-5.647	-0.665	1.289	0.478	0.068	-0.721	127.738304	37.885849
1595324939881	1595324939881	-5.779	-1.084	1.644	0.199	0.325	-0.031	127.738304	37.885849
1595324939891	1595324939889	-6.517	-1.381	1.989	0.024	0.629	0.673	127.738304	37.885849
1595324939909	1595324939908	-7.712	-1.580	2.454	-0.088	0.926	1.374	127.738304	37.885849
1595324939930	1595324939928	-9.193	-1.633	2.360	-0.165	1.142	2.089	127.738304	37.885849
1595324939949	1595324939947	-11.344	-1.630	1.584	-0.342	1.354	2.905	127.738304	37.885849
1595324939970	1595324939967	-13.141	-1.343	1.138	-0.766	1.483	3.790	127.738304	37.885849
1595324939988	1595324939987	-13.900	-1.719	1.388	-1.345	1.450	4.719	127.738304	37.885849
1595324940011	1595324940008	-14.954	-3.101	2.089	-1.790	1.408	5.631	127.738304	37.885849
1595324940029	1595324940026	-16.319	-4.232	2.772	-1.852	1.271	6.282	127.738304	37.885849
1595324940053	1595324940053	-17.500	-4.656	2.904	-1.642	0.998	6.625	127.738304	37.885849
1595324940068	1595324940066	-18.394	-4.718	2.525	-1.393	0.791	6.664	127.738304	37.885849
1595324940093	1595324940091	-17.955	-4.433	2.300	-1.147	0.671	6.375	127.738304	37.885849
1595324940106	1595324940105	-16.343	-4.148	2.580	-0.894	0.636	5.867	127.738304	37.885849
1595324940128	1595324940126	-14.566	-3.796	3.143	-0.639	0.708	5.242	127.738304	37.885849
1595324940146	1595324940144	-13.203	-3.046	3.558	-0.530	0.824	4.521	127.738304	37.885849
1595324940166	1595324940165	-12.019	-2.639	3.390	-0.657	0.813	3.872	127.738304	37.885849
1595324940186	1595324940185	-10.922	-2.938	2.600	-0.936	0.655	3.342	127.738304	37.885849
1595324940205	1595324940203	-10.206	-3.053	1.927	-1.350	0.519	2.797	127.738304	37.885849
1595324940225	1595324940223	-10.280	-2.967	1.613	-1.738	0.452	2.298	127.738304	37.885849
1595324940244	1595324940242	-10.683	-3.367	1.340	-1.918	0.356	1.926	127.738304	37.885849
1595324940264	1595324940262	-10.838	-4.071	1.117	-1.845	0.259	1.660	127.738304	37.885849
1595324940286	1595324940282	-10.644	-4.605	1.059	-1.493	0.234	1.511	127.738304	37.885849
1595324940303	1595324940301	-10.525	-4.914	1.577	-1.055	0.292	1.465	127.738304	37.885849
1595324940324	1595324940321	-10.311	-5.015	2.430	-0.746	0.321	1.459	127.738304	37.885849
1595324940343	1595324940341	-9.626	-5.046	2.990	-0.643	0.274	1.533	127.738304	37.885849
1595324940369	1595324940369	-8.857	-5.077	3.263	-0.692	0.238	1.620	127.738304	37.885849
1595324940390	1595324940390	-8.321	-5.094	3.357	-0.763	0.240	1.666	127.738297	37.885860
1595324940402	1595324940400	-8.187	-5.358	3.299	-0.673	0.291	1.610	127.738297	37.885860
1595324940422	1595324940420	-8.888	-5.997	3.249	-0.422	0.397	1.388	127.738297	37.885860
1595324940441	1595324940440	-10.283	-6.445	3.134	-0.001	0.500	0.974	127.738297	37.885860
1595324940467	1595324940463	-11.629	-6.304	2.911	0.595	0.578	0.361	127.738297	37.885860
1595324940482	1595324940479	-12.882	-5.731	3.103	1.174	0.704	-0.388	127.738297	37.885860
1595324940507	1595324940504	-14.151	-4.783	4.145	1.519	0.751	-1.232	127.738297	37.885860
1595324940523	1595324940520	-14.475	-3.218	5.429	1.428	0.553	-2.097	127.738297	37.885860
1595324940550	1595324940547	-13.687	-2.200	6.260	0.770	0.146	-2.899	127.738297	37.885860
1595324940562	1595324940560	-13.009	-2.543	6.073	-0.050	-0.323	-3.661	127.738297	37.885860
1595324940584	1595324940582	-13.188	-3.580	4.674	-0.492	-0.663	-4.315	127.738297	37.885860
1595324940601	1595324940601	-14.669	-4.646	3.385	-0.323	-0.782	-4.920	127.738297	37.885860
1595324940625	1595324940624	-17.119	-5.420	2.509	0.503	-0.753	-5.407	127.738297	37.885860
1595324940641	1595324940641	-19.153	-5.084	1.857	1.747	-0.714	-5.692	127.738297	37.885860
1595324940662	1595324940661	-19.874	-3.724	1.735	2.903	-0.776	-5.722	127.738297	37.885860
1595324940682	1595324940678	-18.672	-2.222	2.403	3.451	-1.034	-5.512	127.738297	37.885860
1595324940700	1595324940697	-16.259	-1.424	3.033	3.282	-1.438	-5.205	127.738297	37.885860
1595324940719	1595324940716	-14.084	-1.194	2.722	2.633	-1.755	-4.873	127.738297	37.885860
1595324940739	1595324940736	-12.484	-1.182	1.998	1.618	-1.909	-4.511	127.738297	37.885860
1595324940759	1595324940755	-10.941	-1.302	1.021	0.497	-1.949	-4.171	127.738297	37.885860
1595324940778	1595324940777	-9.588	-1.460	0.384	-0.408	-1.852	-3.837	127.738297	37.885860
1595324940797	1595324940797	-8.548	-1.707	-0.026	-0.885	-1.656	-3.517	127.738297	37.885860
1595324940818	1595324940816	-7.827	-2.016	-0.220	-0.974	-1.414	-3.230	127.738297	37.885860
1595324940836	1595324940836	-7.384	-2.423	-0.265	-0.688	-1.148	-2.982	127.738297	37.885860
1595324940857	1595324940857	-7.226	-2.557	-0.210	-0.113	-0.886	-2.727	127.738297	37.885860
1595324940878	1595324940877	-7.147	-2.210	0.001	0.532	-0.694	-2.412	127.738297	37.885860
1595324940896	1595324940893	-6.907	-1.542	0.137	0.970	-0.606	-2.024	127.738297	37.885860
1595324940915	1595324940913	-6.699	-0.933	0.204	0.989	-0.511	-1.567	127.738297	37.885860
1595324940935	1595324940933	-6.771	-0.804	0.338	0.693	-0.316	-1.017	127.738297	37.885860
1595324940955	1595324940953	-6.814	-1.132	0.547	0.347	-0.076	-0.449	127.738297	37.885860
1595324940975	1595324940973	-6.771	-1.443	0.892	0.124	0.199	0.108	127.738297	37.885860
1595324940994	1595324940994	-7.238	-1.520	1.205	0.026	0.559	0.671	127.738297	37.885860
1595324941014	1595324941014	-8.338	-1.609	1.402	-0.045	0.944	1.258	127.738297	37.885860
1595324941034	1595324941033	-9.892	-1.877	1.486	-0.072	1.297	1.845	127.738297	37.885860
1595324941053	1595324941052	-12.051	-2.198	1.330	-0.063	1.603	2.462	127.738297	37.885860
1595324941076	1595324941075	-13.289	-1.920	0.985	-0.191	1.705	3.088	127.738297	37.885860
1595324941093	1595324941091	-13.476	-1.800	0.997	-0.556	1.708	3.781	127.738297	37.885860
1595324941112	1595324941110	-14.599	-2.840	1.713	-0.857	1.816	4.583	127.738297	37.885860
1595324941133	1595324941130	-15.670	-3.836	2.566	-0.821	1.744	5.204	127.738297	37.885860
1595324941152	1595324941150	-15.946	-3.836	2.906	-0.694	1.498	5.514	127.738297	37.885860
1595324941172	1595324941170	-16.386	-3.484	2.822	-0.744	1.341	5.616	127.738297	37.885860
1595324941191	1595324941191	-16.638	-3.144	2.492	-0.931	1.195	5.527	127.738297	37.885860
1595324941210	1595324941210	-16.271	-2.895	2.537	-1.135	1.106	5.276	127.738297	37.885860
1595324941231	1595324941231	-15.289	-2.802	3.304	-1.259	1.090	4.930	127.738297	37.885860
1595324941251	1595324941251	-13.850	-2.581	4.164	-1.450	1.030	4.530	127.738297	37.885860
1595324941284	1595324941282	-12.393	-2.564	3.843	-1.847	0.843	4.141	127.738297	37.885860
1595324941298	1595324941298	-11.476	-2.924	2.693	-2.256	0.613	3.761	127.738297	37.885860
1595324941320	1595324941316	-10.850	-3.144	1.931	-2.597	0.428	3.377	127.738297	37.885860
1595324941328	1595324941326	-10.484	-3.700	1.584	-2.757	0.282	3.023	127.738297	37.885860
1595324941348	1595324941346	-10.350	-4.725	1.160	-2.439	0.187	2.722	127.738289	37.885876
1595324941369	1595324941368	-10.525	-5.537	0.865	-1.638	0.196	2.479	127.738289	37.885876
1595324941390	1595324941387	-10.819	-5.712	1.131	-0.669	0.308	2.265	127.738289	37.885876
1595324941408	1595324941405	-10.649	-5.338	1.886	0.067	0.404	2.046	127.738289	37.885876
1595324941427	1595324941424	-10.249	-4.739	2.846	0.301	0.503	1.831	127.738289	37.885876
1595324941447	1595324941444	-9.885	-4.349	3.699	0.146	0.563	1.615	127.738289	37.885876
1595324941469	1595324941466	-9.241	-4.028	4.205	-0.178	0.553	1.381	127.738289	37.885876
1595324941488	1595324941484	-8.924	-3.743	4.348	-0.655	0.543	1.130	127.738289	37.885876
1595324941508	1595324941507	-9.253	-4.143	4.238	-1.231	0.499	0.847	127.738289	37.885876
1595324941525	1595324941523	-9.768	-5.022	3.472	-1.525	0.406	0.523	127.738289	37.885876
1595324941548	1595324941544	-10.949	-5.813	2.978	-1.235	0.477	0.099	127.738289	37.885876
1595324941565	1595324941564	-12.863	-6.210	3.361	-0.537	0.627	-0.467	127.738289	37.885876
1595324941588	1595324941585	-14.659	-6.330	4.339	0.229	0.678	-1.138	127.738289	37.885876
1595324941603	1595324941602	-15.222	-6.134	5.299	0.858	0.501	-1.825	127.738289	37.885876
1595324941629	1595324941627	-14.051	-5.087	5.390	1.225	0.159	-2.465	127.738289	37.885876
1595324941645	1595324941643	-12.360	-3.911	4.631	1.273	-0.220	-3.108	127.738289	37.885876
1595324941666	1595324941666	-12.482	-3.412	3.797	1.207	-0.468	-3.800	127.738289	37.885876
1595324941683	1595324941683	-14.429	-3.281	3.306	1.340	-0.638	-4.443	127.738289	37.885876
1595324941703	1595324941701	-16.842	-3.118	2.846	1.682	-0.853	-4.973	127.738289	37.885876
1595324941723	1595324941721	-18.583	-2.873	2.286	1.990	-1.141	-5.347	127.738289	37.885876
1595324941743	1595324941741	-19.005	-2.641	1.653	2.130	-1.436	-5.496	127.738289	37.885876
1595324941762	1595324941761	-18.597	-2.382	1.572	2.197	-1.615	-5.472	127.738289	37.885876
1595324941784	1595324941783	-17.575	-2.006	2.200	2.105	-1.762	-5.299	127.738289	37.885876
1595324941803	1595324941803	-15.881	-1.673	2.645	1.618	-1.983	-5.056	127.738289	37.885876
1595324941824	1595324941822	-14.046	-1.606	2.336	0.794	-2.160	-4.857	127.738289	37.885876
1595324941843	1595324941842	-12.407	-1.676	1.522	-0.135	-2.210	-4.630	127.738289	37.885876
1595324941861	1595324941860	-10.941	-1.767	0.638	-0.943	-2.099	-4.387	127.738289	37.885876
1595324941883	1595324941883	-9.708	-1.783	0.159	-1.418	-1.850	-4.170	127.738289	37.885876
1595324941900	1595324941899	-8.649	-1.901	-0.055	-1.489	-1.542	-3.973	127.738289	37.885876
1595324941921	1595324941919	-7.873	-2.248	-0.229	-1.164	-1.170	-3.760	127.738289	37.885876
1595324941941	1595324941938	-7.518	-2.667	-0.215	-0.519	-0.778	-3.486	127.738289	37.885876
1595324941962	1595324941960	-7.305	-2.802	-0.011	0.300	-0.484	-3.145	127.738289	37.885876
1595324941980	1595324941979	-7.109	-2.536	0.199	1.089	-0.286	-2.704	127.738289	37.885876
1595324942001	1595324942000	-6.867	-1.934	0.475	1.571	-0.169	-2.188	127.738289	37.885876
1595324942020	1595324942018	-6.550	-1.316	0.666	1.582	-0.102	-1.635	127.738289	37.885876
1595324942039	1595324942037	-6.277	-1.048	0.779	1.222	0.011	-1.018	127.738289	37.885876
1595324942058	1595324942057	-6.268	-1.070	1.043	0.689	0.224	-0.332	127.738289	37.885876
1595324942079	1595324942077	-6.639	-1.314	1.538	0.174	0.501	0.359	127.738289	37.885876
1595324942100	1595324942099	-7.085	-1.546	2.037	-0.241	0.768	0.985	127.738289	37.885876
1595324942119	1595324942114	-8.311	-1.872	1.857	-0.495	1.076	1.650	127.738289	37.885876
1595324942137	1595324942134	-10.441	-2.243	1.258	-0.588	1.370	2.392	127.738289	37.885876
1595324942155	1595324942154	-11.859	-1.815	0.561	-0.680	1.443	3.120	127.738289	37.885876
1595324942176	1595324942174	-12.333	-1.551	0.350	-0.946	1.466	3.949	127.738289	37.885876
1595324942194	1595324942194	-13.191	-2.519	0.870	-1.301	1.558	4.872	127.738289	37.885876
1595324942215	1595324942215	-14.868	-3.860	1.898	-1.387	1.606	5.654	127.738289	37.885876
1595324942235	1595324942235	-16.144	-4.522	2.772	-1.079	1.470	6.164	127.738289	37.885876
1595324942254	1595324942254	-16.923	-4.581	3.076	-0.712	1.253	6.419	127.738289	37.885876
1595324942277	1595324942276	-17.479	-4.258	2.937	-0.583	1.117	6.418	127.738289	37.885876
1595324942297	1595324942292	-17.249	-3.872	2.878	-0.692	0.989	6.189	127.738289	37.885876
1595324942313	1595324942311	-16.132	-3.676	3.620	-0.684	0.901	5.751	127.738289	37.885876
1595324942334	1595324942332	-14.389	-3.317	4.341	-0.626	0.832	5.190	127.738289	37.885891
1595324942353	1595324942351	-12.963	-2.737	3.944	-0.919	0.721	4.658	127.738289	37.885891
1595324942373	1595324942371	-12.139	-2.675	2.875	-1.467	0.527	4.174	127.738289	37.885891
1595324942392	1595324942390	-11.291	-2.720	2.140	-2.160	0.295	3.660	127.738289	37.885891
1595324942411	1595324942410	-10.632	-2.897	1.938	-2.843	0.091	3.101	127.738289	37.885891
1595324942432	1595324942429	-10.630	-3.626	1.577	-3.166	-0.053	2.528	127.738289	37.885891
1595324942451	1595324942449	-11.095	-4.344	1.021	-2.940	-0.103	2.007	127.738289	37.885891
1595324942472	1595324942471	-11.248	-4.519	0.607	-2.426	-0.115	1.601	127.738289	37.885891
1595324942493	1595324942491	-11.171	-4.505	0.453	-1.947	-0.070	1.335	127.738289	37.885891
1595324942510	1595324942509	-11.090	-4.593	0.580	-1.585	0.032	1.168	127.738289	37.885891
1595324942531	1595324942528	-10.733	-4.723	1.009	-1.270	0.124	1.118	127.738289	37.885891
1595324942552	1595324942550	-9.986	-4.946	1.675	-0.924	0.201	1.189	127.738289	37.885891
1595324942570	1595324942567	-8.857	-5.302	2.425	-0.526	0.257	1.314	127.738289	37.885891
1595324942592	1595324942591	-7.698	-5.614	2.880	-0.076	0.313	1.423	127.738289	37.885891
1595324942609	1595324942609	-7.236	-5.619	2.997	0.397	0.451	1.467	127.738289	37.885891
1595324942632	1595324942632	-8.215	-5.496	3.148	0.829	0.673	1.367	127.738289	37.885891
1595324942648	1595324942648	-10.340	-5.216	3.105	1.110	0.827	1.072	127.738289	37.885891
1595324942668	1595324942668	-12.594	-4.689	2.954	1.201	0.871	0.586	127.738289	37.885891
1595324942687	1595324942687	-14.235	-4.186	3.646	1.097	0.827	-0.062	127.738289	37.885891
1595324942708	1595324942705	-14.070	-3.935	4.787	0.752	0.587	-0.788	127.738289	37.885891
1595324942727	1595324942725	-13.114	-3.774	5.156	0.188	0.290	-1.565	127.738289	37.885891
1595324942746	1595324942744	-12.642	-3.836	4.619	-0.272	0.052	-2.378	127.738289	37.885891
1595324942767	1595324942764	-12.396	-3.956	3.982	-0.466	-0.169	-3.205	127.738289	37.885891
1595324942785	1595324942785	-13.418	-4.375	3.553	-0.303	-0.263	-4.047	127.738289	37.885891
1595324942807	1595324942807	-15.550	-4.831	3.361	0.320	-0.323	-4.848	127.738289	37.885891
1595324942826	1595324942826	-18.044	-4.895	3.028	1.329	-0.447	-5.513	127.738289	37.885891
1595324942845	1595324942845	-20.107	-4.244	1.943	2.333	-0.610	-5.950	127.738289	37.885891
1595324942865	1595324942863	-20.502	-3.065	1.067	3.059	-0.839	-6.127	127.738289	37.885891
1595324942888	1595324942887	-18.878	-1.656	1.318	3.434	-1.134	-6.079	127.738289	37.885891
1595324942908	1595324942902	-16.928	-0.737	2.377	3.336	-1.449	-5.778	127.738289	37.885891
1595324942925	1595324942922	-15.311	-0.734	2.760	2.378	-1.802	-5.397	127.738289	37.885891
1595324942943	1595324942942	-13.406	-1.192	2.336	1.069	-2.024	-5.153	127.738289	37.885891
1595324942968	1595324942964	-11.619	-1.427	1.459	0.017	-2.030	-4.845	127.738289	37.885891
1595324942984	1595324942981	-10.026	-1.355	0.626	-0.859	-1.915	-4.504	127.738289	37.885891
1595324943007	1595324943006	-8.656	-1.333	0.036	-1.514	-1.657	-4.196	127.738289	37.885891
1595324943023	1595324943022	-7.581	-1.542	-0.330	-1.720	-1.298	-3.878	127.738289	37.885891
1595324943048	1595324943046	-6.903	-1.985	-0.402	-1.375	-0.889	-3.509	127.738289	37.885891
1595324943063	1595324943063	-6.505	-2.548	-0.172	-0.603	-0.520	-3.118	127.738289	37.885891
1595324943088	1595324943088	-6.227	-2.780	0.056	0.352	-0.256	-2.688	127.738289	37.885891
1595324943105	1595324943101	-6.421	-2.639	0.156	1.265	-0.048	-2.140	127.738289	37.885891
1595324943126	1595324943124	-7.066	-2.253	0.343	1.863	0.118	-1.473	127.738289	37.885891
1595324943143	1595324943141	-7.509	-1.927	0.587	2.042	0.184	-0.739	127.738289	37.885891
1595324943162	1595324943160	-7.566	-1.786	0.810	1.920	0.229	-0.002	127.738289	37.885891
1595324943182	1595324943179	-7.530	-1.431	1.237	1.574	0.362	0.648	127.738289	37.885891
1595324943201	1595324943201	-7.698	-1.024	1.900	0.999	0.564	1.168	127.738289	37.885891
1595324943222	1595324943221	-8.572	-0.820	2.267	0.236	0.816	1.643	127.738289	37.885891
1595324943240	1595324943240	-9.849	-0.818	1.780	-0.557	1.059	2.211	127.738289	37.885891
1595324943262	1595324943262	-10.793	-0.969	1.249	-1.274	1.199	2.890	127.738289	37.885891
1595324943280	1595324943279	-11.876	-1.822	1.433	-1.764	1.315	3.721	127.738289	37.885891
1595324943299	1595324943299	-13.059	-2.962	1.946	-1.908	1.304	4.545	127.738289	37.885891
1595324943319	1595324943319	-13.603	-3.573	2.224	-1.804	1.098	5.188	127.738289	37.885891
1595324943341	1595324943335	-14.202	-3.705	2.298	-1.656	0.865	5.652	127.738281	37.885902
1595324943358	1595324943355	-15.594	-3.786	2.109	-1.472	0.709	5.949	127.738281	37.885902
1595324943378	1595324943375	-16.856	-3.664	1.886	-1.223	0.589	6.025	127.738281	37.885902
1595324943398	1595324943395	-17.210	-3.535	1.771	-1.036	0.495	5.931	127.738281	37.885902
1595324943418	1595324943414	-16.691	-3.666	2.049	-0.960	0.461	5.685	127.738281	37.885902
1595324943435	1595324943436	-15.574	-3.738	2.554	-0.892	0.473	5.278	127.738281	37.885902
1595324943456	1595324943456	-14.271	-3.635	2.966	-0.847	0.507	4.808	127.738281	37.885902
1595324943477	1595324943475	-13.038	-3.602	2.971	-0.885	0.500	4.342	127.738281	37.885902
1595324943495	1595324943495	-11.816	-3.506	2.631	-1.085	0.418	3.860	127.738281	37.885902
1595324943515	1595324943515	-10.553	-3.324	2.068	-1.384	0.297	3.348	127.738281	37.885902
1595324943535	1595324943533	-9.851	-3.206	1.586	-1.569	0.256	2.852	127.738281	37.885902
1595324943555	1595324943552	-10.000	-3.216	1.397	-1.575	0.302	2.424	127.738281	37.885902
1595324943574	1595324943572	-10.453	-3.484	1.450	-1.488	0.319	2.072	127.738281	37.885902
1595324943593	1595324943592	-10.738	-3.942	1.709	-1.377	0.290	1.796	127.738281	37.885902
1595324943613	1595324943611	-10.822	-4.409	2.216	-1.195	0.260	1.612	127.738281	37.885902
1595324943634	1595324943632	-10.695	-4.787	2.583	-0.934	0.231	1.513	127.738281	37.885902
1595324943652	1595324943653	-10.127	-5.029	2.739	-0.669	0.197	1.453	127.738281	37.885902
1595324943673	1595324943672	-9.008	-5.173	2.746	-0.413	0.140	1.410	127.738281	37.885902
1595324943692	1595324943692	-8.282	-5.262	2.772	-0.137	0.170	1.352	127.738281	37.885902
1595324943712	1595324943712	-8.704	-5.312	3.084	0.179	0.334	1.225	127.738281	37.885902
1595324943732	1595324943730	-9.765	-5.437	3.455	0.458	0.455	0.963	127.738281	37.885902
1595324943751	1595324943749	-10.699	-5.475	3.524	0.547	0.472	0.505	127.738281	37.885902
1595324943771	1595324943769	-11.684	-5.274	3.603	0.558	0.511	-0.138	127.738281	37.885902
1595324943791	1595324943788	-12.906	-4.835	4.075	0.701	0.574	-0.922	127.738281	37.885902
1595324943810	1595324943808	-14.211	-3.937	4.643	0.825	0.544	-1.776	127.738281	37.885902
1595324943830	1595324943829	-14.726	-2.962	5.026	0.654	0.340	-2.637	127.738281	37.885902
1595324943850	1595324943850	-13.883	-2.567	4.811	0.171	-0.064	-3.443	127.738281	37.885902
1595324943870	1595324943869	-13.883	-2.998	4.226	-0.226	-0.354	-4.206	127.738281	37.885902
1595324943889	1595324943889	-15.196	-3.535	3.694	-0.192	-0.514	-4.898	127.738281	37.885902
1595324943910	1595324943908	-16.468	-3.726	2.885	0.256	-0.651	-5.443	127.738281	37.885902
1595324943930	1595324943930	-17.558	-3.685	1.979	0.875	-0.691	-5.794	127.738281	37.885902
1595324943949	1595324943946	-18.157	-3.489	1.582	1.532	-0.726	-5.887	127.738281	37.885902
1595324943970	1595324943967	-17.622	-2.991	2.010	2.088	-0.821	-5.762	127.738281	37.885902
1595324943987	1595324943985	-16.018	-2.339	2.751	2.363	-1.018	-5.483	127.738281	37.885902
1595324944012	1595324944008	-14.173	-1.872	2.873	2.198	-1.298	-5.115	127.738281	37.885902
1595324944028	1595324944026	-12.539	-1.812	2.360	1.597	-1.492	-4.684	127.738281	37.885902
1595324944050	1595324944048	-11.097	-1.927	1.390	0.757	-1.538	-4.270	127.738281	37.885902
1595324944067	1595324944066	-9.782	-1.889	0.551	0.107	-1.440	-3.899	127.738281	37.885902
1595324944091	1595324944089	-8.687	-1.767	0.111	-0.213	-1.252	-3.521	127.738281	37.885902
1595324944107	1595324944107	-7.818	-1.817	-0.057	-0.315	-1.050	-3.174	127.738281	37.885902
1595324944130	1595324944127	-7.329	-2.255	0.070	-0.149	-0.802	-2.864	127.738281	37.885902
1595324944144	1595324944144	-7.346	-2.711	0.240	0.316	-0.561	-2.561	127.738281	37.885902
1595324944164	1595324944163	-7.650	-2.773	0.329	0.949	-0.396	-2.230	127.738281	37.885902
1595324944185	1595324944182	-7.933	-2.349	0.487	1.419	-0.310	-1.855	127.738281	37.885902
1595324944204	1595324944202	-7.897	-1.831	0.700	1.532	-0.286	-1.447	127.738281	37.885902
1595324944225	1595324944223	-7.712	-1.443	0.805	1.332	-0.253	-1.036	127.738281	37.885902
1595324944243	1595324944243	-7.676	-1.285	0.930	0.953	-0.131	-0.611	127.738281	37.885902
1595324944263	1595324944263	-7.811	-1.388	1.191	0.500	0.052	-0.162	127.738281	37.885902
1595324944283	1595324944283	-7.906	-1.599	1.517	0.086	0.241	0.304	127.738281	37.885902
1595324944304	1595324944304	-7.827	-1.618	2.049	-0.246	0.441	0.759	127.738281	37.885902
1595324944327	1595324944327	-8.357	-1.642	2.075	-0.529	0.682	1.259	127.738281	37.885910
1595324944347	1595324944344	-10.132	-1.800	1.455	-0.791	0.994	1.893	127.738281	37.885910
1595324944364	1595324944361	-12.108	-1.807	1.076	-1.060	1.189	2.633	127.738281	37.885910
1595324944383	1595324944381	-13.052	-2.195	1.337	-1.337	1.221	3.428	127.738281	37.885910
1595324944403	1595324944401	-12.525	-2.871	1.720	-1.578	1.127	4.159	127.738281	37.885910
1595324944422	1595324944420	-12.482	-3.513	2.176	-1.649	1.132	4.801	127.738281	37.885910
1595324944441	1595324944442	-13.200	-4.052	2.494	-1.489	1.104	5.250	127.738281	37.885910
1595324944463	1595324944463	-14.130	-4.224	2.707	-1.057	1.031	5.451	127.738281	37.885910
1595324944482	1595324944482	-14.968	-4.002	2.844	-0.490	1.013	5.481	127.738281	37.885910
1595324944503	1595324944503	-15.325	-3.736	2.834	-0.095	1.008	5.361	127.738281	37.885910
1595324944523	1595324944520	-14.911	-3.664	2.990	0.086	1.023	5.100	127.738281	37.885910
1595324944549	1595324944548	-14.202	-3.446	3.345	0.166	1.060	4.748	127.738281	37.885910
1595324944559	1595324944558	-13.495	-2.984	3.831	0.097	1.088	4.366	127.738281	37.885910
1595324944581	1595324944578	-12.556	-2.667	3.874	-0.312	0.961	3.989	127.738281	37.885910
1595324944599	1595324944596	-11.521	-2.588	3.414	-0.989	0.730	3.572	127.738281	37.885910
