1596707551853	1596707551850	-10.557	-3.049	2.053	-0.162	0.376	-2.427	127.738525	37.885750
1596707551871	1596707551871	-10.588	-4.501	1.284	0.312	0.410	-2.924	127.738525	37.885750
1596707551892	1596707551889	-11.558	-4.005	0.958	0.848	0.893	-3.466	127.738525	37.885750
1596707551911	1596707551909	-13.113	-2.956	0.139	1.586	1.097	-3.680	127.738525	37.885750
1596707551943	1596707551939	-14.502	-2.261	-0.415	2.254	1.187	-3.934	127.738525	37.885750
1596707551951	1596707551948	-15.420	-2.074	-0.611	2.894	1.057	-4.083	127.738525	37.885750
1596707551970	1596707551969	-15.463	-1.456	-1.035	3.406	0.852	-4.241	127.738518	37.885738
1596707551993	1596707551991	-14.766	-0.687	-1.828	3.761	0.700	-4.297	127.738518	37.885738
1596707552014	1596707552010	-14.421	-0.752	-2.501	3.956	0.582	-4.178	127.738518	37.885738
1596707552030	1596707552027	-14.790	-0.867	-2.494	4.328	0.552	-3.982	127.738518	37.885738
1596707552049	1596707552047	-14.383	-0.155	-1.663	4.653	0.412	-3.835	127.738518	37.885738
1596707552068	1596707552066	-13.072	-0.903	-1.696	5.189	-0.033	-3.531	127.738518	37.885738
1596707552090	1596707552086	-11.793	-0.553	-2.635	5.891	-0.360	-3.516	127.738518	37.885738
1596707552108	1596707552106	-10.253	0.470	-1.826	6.324	-0.577	-3.215	127.738518	37.885738
1596707552128	1596707552125	-9.067	0.966	-1.519	5.532	-1.089	-2.647	127.738518	37.885738
1596707552147	1596707552145	-8.042	0.350	-1.191	4.621	-1.036	-2.194	127.738518	37.885738
1596707552167	1596707552165	-8.145	-0.194	-0.357	3.797	-0.584	-1.677	127.738518	37.885738
1596707552193	1596707552184	-8.133	0.544	0.565	2.777	-0.624	-1.242	127.738518	37.885738
1596707552215	1596707552207	-7.898	0.384	0.026	1.452	-0.904	-0.796	127.738518	37.885738
1596707552225	1596707552223	-8.073	0.108	-0.211	0.033	-0.695	-0.679	127.738518	37.885738
1596707552245	1596707552243	-8.645	-0.404	-0.314	-0.829	-0.415	-0.366	127.738518	37.885738
1596707552266	1596707552265	-8.447	-0.189	-0.597	-1.466	-0.464	-0.125	127.738518	37.885738
1596707552285	1596707552282	-9.419	-0.174	-0.494	-2.130	-0.150	0.137	127.738518	37.885738
1596707552305	1596707552302	-11.451	-0.685	0.105	-2.711	0.466	0.527	127.738518	37.885738
1596707552323	1596707552322	-12.557	-0.903	0.515	-3.036	0.510	0.899	127.738518	37.885738
1596707552343	1596707552341	-12.155	-1.492	1.070	-2.956	0.124	0.979	127.738518	37.885738
1596707552364	1596707552361	-10.303	-0.979	1.676	-2.847	-0.184	1.107	127.738518	37.885738
1596707552383	1596707552381	-9.989	-1.530	2.201	-2.540	0.199	1.630	127.738518	37.885738
1596707552403	1596707552400	-12.004	-1.686	2.754	-2.134	1.020	1.975	127.738518	37.885738
1596707552422	1596707552421	-14.066	0.125	3.768	-1.883	1.475	2.298	127.738518	37.885738
1596707552443	1596707552443	-14.874	0.791	4.410	-2.130	1.337	2.681	127.738518	37.885738
1596707552463	1596707552461	-15.188	-0.184	3.648	-2.757	1.126	3.080	127.738518	37.885738
1596707552484	1596707552482	-15.382	-1.454	3.147	-3.288	1.078	3.433	127.738518	37.885738
1596707552503	1596707552501	-15.636	-1.839	3.104	-3.502	0.869	3.590	127.738518	37.885738
1596707552524	1596707552523	-14.970	-1.954	4.156	-3.594	0.402	3.713	127.738518	37.885738
1596707552541	1596707552540	-13.096	-2.841	4.220	-3.636	-0.504	3.570	127.738518	37.885738
1596707552564	1596707552561	-10.356	-3.492	1.260	-3.520	-1.389	3.040	127.738518	37.885738
1596707552583	1596707552580	-8.842	-2.654	0.256	-3.048	-1.108	2.661	127.738518	37.885738
1596707552608	1596707552604	-9.759	-1.628	1.521	-3.016	-0.621	2.710	127.738518	37.885738
1596707552620	1596707552618	-11.067	-2.342	1.985	-3.778	-0.555	2.894	127.738518	37.885738
1596707552644	1596707552644	-11.254	-3.109	1.279	-4.811	-1.120	2.723	127.738518	37.885738
1596707552660	1596707552658	-11.304	-2.936	-0.175	-5.774	-1.520	2.427	127.738518	37.885738
1596707552680	1596707552677	-11.824	-3.075	-1.304	-6.359	-1.625	2.025	127.738518	37.885738
1596707552699	1596707552698	-11.863	-3.473	-1.248	-6.852	-1.935	1.642	127.738518	37.885738
1596707552719	1596707552716	-11.453	-4.328	-1.660	-6.951	-2.551	1.298	127.738518	37.885738
1596707552739	1596707552738	-11.970	-5.799	-2.978	-6.565	-2.652	1.115	127.738518	37.885738
1596707552759	1596707552757	-13.266	-6.688	-4.142	-5.809	-2.347	0.861	127.738518	37.885738
1596707552778	1596707552777	-12.414	-6.187	-4.497	-4.383	-2.800	0.642	127.738518	37.885738
1596707552797	1596707552797	-9.220	-5.809	-4.451	-2.909	-2.997	0.522	127.738518	37.885738
1596707552817	1596707552817	-8.514	-6.326	-4.363	-2.173	-1.913	0.163	127.738518	37.885738
1596707552837	1596707552837	-11.889	-6.939	-4.204	-1.476	-0.363	-0.301	127.738518	37.885738
1596707552856	1596707552854	-15.612	-6.379	-3.392	-0.473	0.707	-0.588	127.738518	37.885738
1596707552876	1596707552873	-16.503	-5.480	-2.858	0.138	1.087	-0.756	127.738518	37.885738
1596707552895	1596707552893	-14.320	-5.241	-0.987	0.363	1.541	-1.104	127.738518	37.885738
1596707552915	1596707552912	-9.771	-6.084	-1.186	0.696	1.557	-1.630	127.738518	37.885738
1596707552942	1596707552937	-7.024	-6.460	-2.947	1.246	1.981	-2.077	127.738518	37.885738
1596707552954	1596707552952	-7.431	-4.975	-3.689	1.832	2.889	-2.342	127.738518	37.885738
1596707552975	1596707552974	-9.254	-3.121	-4.894	2.316	3.513	-2.426	127.738518	37.885719
1596707552994	1596707552992	-11.702	-2.309	-5.766	2.503	3.983	-2.398	127.738518	37.885719
1596707553015	1596707553015	-13.477	-2.412	-6.023	2.806	4.097	-2.343	127.738518	37.885719
1596707553036	1596707553033	-14.440	-2.462	-5.402	3.827	4.029	-2.237	127.738518	37.885719
1596707553054	1596707553052	-16.007	-2.000	-4.741	5.443	4.188	-2.121	127.738518	37.885719
1596707553072	1596707553070	-18.297	1.560	-2.573	6.980	4.491	-2.069	127.738518	37.885719
1596707553095	1596707553093	-19.641	7.352	0.812	7.784	4.064	-2.051	127.738518	37.885719
1596707553112	1596707553109	-16.462	9.884	1.605	6.695	2.361	-2.613	127.738518	37.885719
1596707553132	1596707553131	-11.748	9.027	1.128	3.833	1.220	-3.017	127.738518	37.885719
1596707553151	1596707553151	-10.490	7.491	0.946	1.173	1.694	-2.634	127.738518	37.885719
1596707553170	1596707553171	-11.391	4.202	0.958	0.124	2.216	-2.097	127.738518	37.885719
1596707553190	1596707553190	-11.609	2.406	1.023	0.425	1.767	-1.416	127.738518	37.885719
1596707553210	1596707553210	-10.742	2.362	0.287	1.007	0.999	-0.926	127.738518	37.885719
1596707553232	1596707553231	-9.316	0.628	-0.341	1.530	0.563	-0.481	127.738518	37.885719
1596707553250	1596707553247	-8.430	-1.034	-0.190	2.306	0.501	-0.273	127.738518	37.885719
1596707553270	1596707553270	-8.677	-1.545	0.112	3.133	0.828	-0.120	127.738518	37.885719
1596707553289	1596707553286	-10.025	-1.420	0.182	4.101	1.206	0.000	127.738518	37.885719
1596707553308	1596707553306	-11.599	-1.145	0.519	4.801	1.387	0.012	127.738518	37.885719
1596707553327	1596707553327	-12.409	-1.379	1.181	5.347	1.195	-0.141	127.738518	37.885719
1596707553347	1596707553347	-11.616	-1.133	1.844	5.714	0.754	-0.380	127.738518	37.885719
1596707553367	1596707553367	-10.658	0.666	2.077	4.907	0.625	-0.564	127.738518	37.885719
1596707553386	1596707553386	-10.785	2.456	3.262	3.013	1.098	-0.599	127.738518	37.885719
1596707553407	1596707553407	-10.857	2.935	4.264	0.736	1.259	-0.587	127.738518	37.885719
1596707553430	1596707553425	-10.519	2.389	3.708	-1.675	0.907	-0.417	127.738518	37.885719
1596707553446	1596707553444	-10.631	0.618	3.281	-3.336	0.816	0.026	127.738518	37.885719
1596707553468	1596707553468	-10.720	-1.123	2.577	-3.980	0.726	0.544	127.738518	37.885719
1596707553485	1596707553483	-11.075	-2.326	1.909	-4.067	0.455	0.999	127.738518	37.885719
1596707553505	1596707553503	-12.011	-3.186	2.124	-3.636	0.272	1.504	127.738518	37.885719
1596707553526	1596707553525	-12.811	-3.595	2.297	-2.879	-0.135	2.143	127.738518	37.885719
1596707553544	1596707553544	-13.317	-3.428	2.335	-2.201	-0.477	2.647	127.738518	37.885719
1596707553566	1596707553564	-14.011	-3.279	2.431	-1.890	-0.543	2.936	127.738518	37.885719
1596707553582	1596707553581	-14.991	-3.250	2.778	-1.661	-0.673	3.084	127.738518	37.885719
1596707553606	1596707553604	-14.371	-3.027	2.491	-1.577	-1.222	3.075	127.738518	37.885719
1596707553622	1596707553621	-12.483	-2.642	1.705	-1.536	-1.677	3.025	127.738518	37.885719
1596707553642	1596707553641	-10.813	-2.309	0.967	-1.677	-1.774	2.950	127.738518	37.885719
1596707553663	1596707553661	-9.767	-2.524	0.448	-2.009	-1.785	2.794	127.738518	37.885719
1596707553688	1596707553681	-9.446	-2.340	0.400	-2.361	-1.462	2.584	127.738518	37.885719
1596707553703	1596707553700	-10.076	-2.541	0.268	-2.556	-1.197	2.361	127.738518	37.885719
1596707553722	1596707553720	-10.768	-2.821	0.242	-2.541	-1.063	2.034	127.738518	37.885719
1596707553741	1596707553740	-11.106	-3.118	0.251	-2.348	-1.028	1.785	127.738518	37.885719
1596707553762	1596707553761	-10.737	-3.284	-0.123	-2.309	-1.243	1.477	127.738518	37.885719
1596707553782	1596707553781	-10.253	-2.807	-0.980	-2.324	-1.416	1.329	127.738518	37.885719
1596707553802	1596707553801	-10.392	-3.277	-1.045	-2.017	-1.196	1.355	127.738518	37.885719
1596707553821	1596707553821	-11.091	-3.634	-0.700	-1.882	-0.958	1.351	127.738518	37.885719
1596707553840	1596707553840	-11.652	-3.796	-0.769	-1.709	-0.938	1.277	127.738518	37.885719
1596707553864	1596707553859	-11.652	-3.775	-1.004	-1.579	-0.924	1.294	127.738518	37.885719
1596707553880	1596707553877	-11.197	-3.926	-1.098	-1.344	-0.774	1.376	127.738518	37.885719
1596707553899	1596707553896	-11.118	-4.220	-1.205	-0.883	-0.551	1.304	127.738518	37.885719
1596707553919	1596707553915	-11.616	-4.450	-0.551	-0.574	-0.135	1.138	127.738518	37.885719
1596707553942	1596707553942	-10.797	-4.474	0.105	-0.390	-0.016	0.786	127.738518	37.885719
1596707553963	1596707553955	-9.309	-4.307	-0.369	-0.306	-0.012	0.486	127.738510	37.885704
1596707553988	1596707553979	-8.904	-4.278	-1.033	-0.418	0.272	-0.062	127.738510	37.885704
1596707554001	1596707553994	-9.108	-4.175	-1.054	-0.671	0.747	-0.810	127.738510	37.885704
1596707554020	1596707554017	-9.783	-4.594	-0.872	-0.483	1.133	-1.539	127.738510	37.885704
1596707554038	1596707554037	-11.185	-4.711	-1.184	0.050	1.660	-2.236	127.738510	37.885704
1596707554060	1596707554059	-12.881	-4.050	-1.699	0.635	2.167	-2.745	127.738510	37.885704
1596707554077	1596707554074	-14.129	-3.497	-2.104	1.299	2.271	-3.007	127.738510	37.885704
1596707554096	1596707554093	-14.620	-2.850	-1.648	1.787	2.245	-3.129	127.738510	37.885704
1596707554115	1596707554112	-14.081	-2.309	-1.169	2.057	2.108	-3.113	127.738510	37.885704
1596707554134	1596707554132	-13.223	-2.457	-1.193	2.403	1.977	-3.093	127.738510	37.885704
1596707554155	1596707554154	-12.809	-2.146	-1.009	2.691	2.118	-3.077	127.738510	37.885704
1596707554173	1596707554173	-12.782	-2.165	-0.798	2.952	2.226	-3.042	127.738510	37.885704
1596707554193	1596707554193	-12.574	-2.407	-0.906	3.071	2.092	-3.080	127.738510	37.885704
1596707554213	1596707554213	-12.404	-2.132	-0.470	3.273	1.921	-3.098	127.738510	37.885704
1596707554232	1596707554232	-12.668	-1.274	-0.156	3.395	1.737	-3.139	127.738510	37.885704
1596707554255	1596707554254	-12.373	-1.085	-0.185	3.348	1.355	-3.048	127.738510	37.885704
1596707554274	1596707554270	-11.180	-0.579	-0.432	2.895	0.959	-2.957	127.738510	37.885704
1596707554291	1596707554289	-10.315	-0.668	-0.103	2.314	0.756	-2.526	127.738510	37.885704
1596707554312	1596707554309	-10.351	-1.013	0.318	1.870	0.628	-2.241	127.738510	37.885704
1596707554331	1596707554329	-9.728	-1.221	0.167	1.930	0.356	-1.993	127.738510	37.885704
1596707554352	1596707554350	-8.698	-1.094	0.071	2.058	0.006	-1.784	127.738510	37.885704
1596707554371	1596707554369	-7.862	-0.225	0.117	2.059	-0.237	-1.860	127.738510	37.885704
1596707554389	1596707554389	-8.083	0.297	1.233	2.102	-0.035	-1.478	127.738510	37.885704
1596707554411	1596707554410	-8.727	0.209	1.825	1.842	-0.082	-0.999	127.738510	37.885704
1596707554429	1596707554429	-8.626	-0.026	0.608	1.400	-0.221	-0.613	127.738510	37.885704
1596707554452	1596707554447	-8.193	0.549	-0.015	0.626	-0.088	-0.108	127.738510	37.885704
1596707554469	1596707554467	-9.098	1.059	-0.094	-0.790	0.264	0.308	127.738510	37.885704
1596707554489	1596707554486	-10.662	0.436	0.364	-1.824	0.375	1.042	127.738510	37.885704
1596707554509	1596707554506	-11.578	-1.013	0.632	-2.221	0.112	1.827	127.738510	37.885704
1596707554527	1596707554525	-11.407	-1.918	0.194	-2.265	-0.386	2.374	127.738510	37.885704
1596707554548	1596707554547	-10.591	-2.134	0.251	-2.072	-0.802	2.762	127.738510	37.885704
1596707554567	1596707554567	-10.042	-2.103	0.067	-2.048	-0.985	3.050	127.738510	37.885704
1596707554586	1596707554586	-11.110	-2.692	0.026	-2.044	-0.689	3.304	127.738510	37.885704
1596707554606	1596707554606	-13.535	-3.207	0.567	-1.878	-0.294	3.503	127.738510	37.885704
1596707554627	1596707554627	-16.057	-3.612	1.276	-1.620	-0.296	3.586	127.738510	37.885704
1596707554645	1596707554645	-17.243	-4.115	1.533	-1.284	-0.635	3.498	127.738510	37.885704
1596707554666	1596707554666	-16.028	-3.377	1.509	-1.225	-1.055	3.146	127.738510	37.885704
1596707554686	1596707554686	-13.700	-2.783	1.070	-1.418	-1.374	2.840	127.738510	37.885704
1596707554705	1596707554703	-11.836	-2.453	0.896	-1.755	-1.238	2.531	127.738510	37.885704
1596707554724	1596707554722	-10.346	-2.215	1.384	-1.973	-1.028	2.252	127.738510	37.885704
1596707554744	1596707554742	-9.132	-2.778	1.676	-2.108	-1.057	1.886	127.738510	37.885704
1596707554764	1596707554761	-8.624	-2.642	0.749	-2.341	-1.001	1.408	127.738510	37.885704
1596707554783	1596707554781	-9.161	-3.214	0.606	-2.337	-0.444	1.471	127.738510	37.885704
1596707554804	1596707554804	-9.798	-2.728	0.692	-2.370	-0.342	1.067	127.738510	37.885704
1596707554825	1596707554824	-9.735	-2.615	0.050	-2.507	-0.632	0.900	127.738510	37.885704
1596707554844	1596707554843	-9.350	-2.603	-0.803	-2.586	-0.888	0.913	127.738510	37.885704
1596707554864	1596707554863	-9.005	-2.558	-1.227	-2.551	-1.052	0.897	127.738510	37.885704
1596707554883	1596707554881	-8.861	-2.821	-1.296	-2.483	-1.084	1.069	127.738510	37.885704
1596707554903	1596707554901	-8.993	-3.305	-1.265	-2.229	-1.110	1.298	127.738510	37.885704
1596707554922	1596707554920	-9.359	-3.749	-1.270	-1.761	-1.042	1.476	127.738510	37.885704
1596707554947	1596707554947	-10.152	-4.022	-1.071	-1.177	-0.847	1.704	127.738510	37.885704
1596707554962	1596707554962	-11.158	-4.271	-0.827	-0.590	-0.699	1.870	127.738510	37.885689
1596707554985	1596707554985	-11.384	-4.256	-0.820	-0.040	-0.709	1.826	127.738510	37.885689
1596707555001	1596707554998	-10.533	-4.314	-0.935	0.477	-0.799	1.701	127.738510	37.885689
1596707555023	1596707555023	-11.015	-4.817	-1.306	1.061	-0.429	1.584	127.738510	37.885689
1596707555040	1596707555037	-13.393	-4.929	-0.400	1.591	0.629	1.311	127.738510	37.885689
1596707555064	1596707555060	-14.428	-5.358	0.874	2.212	0.678	0.894	127.738510	37.885689
1596707555080	1596707555079	-13.693	-6.005	0.107	3.119	0.165	0.438	127.738510	37.885689
1596707555101	1596707555099	-13.702	-5.492	-0.834	4.030	0.430	-0.155	127.738510	37.885689
1596707555119	1596707555115	-14.366	-4.297	-1.215	4.682	0.628	-0.778	127.738510	37.885689
1596707555138	1596707555135	-13.654	-3.578	-1.026	5.231	0.420	-1.261	127.738510	37.885689
1596707555157	1596707555155	-11.714	-3.799	-1.198	5.990	-0.157	-1.873	127.738510	37.885689
1596707555176	1596707555176	-10.270	-4.103	-1.718	6.741	-0.477	-2.375	127.738510	37.885689
1596707555196	1596707555194	-11.005	-4.192	-1.584	7.744	-0.176	-2.586	127.738510	37.885689
1596707555216	1596707555215	-12.440	-3.111	-1.780	8.951	-0.174	-2.587	127.738510	37.885689
1596707555236	1596707555236	-11.046	-0.958	-2.504	10.132	-0.991	-2.424	127.738510	37.885689
1596707555255	1596707555255	-10.102	0.135	-2.633	10.340	-1.606	-2.205	127.738510	37.885689
1596707555276	1596707555276	-11.077	1.191	-1.349	9.686	-1.519	-2.121	127.738510	37.885689
1596707555295	1596707555293	-12.160	0.654	-0.748	9.028	-1.769	-1.553	127.738510	37.885689
1596707555315	1596707555313	-13.892	0.580	-1.028	7.833	-1.997	-1.020	127.738510	37.885689
1596707555334	1596707555332	-17.744	1.035	-0.290	5.862	-1.837	-0.692	127.738510	37.885689
1596707555354	1596707555351	-19.868	0.825	-0.432	2.943	-2.885	-0.603	127.738510	37.885689
1596707555373	1596707555372	-16.088	0.513	-3.457	-0.695	-4.922	-1.132	127.738510	37.885689
1596707555394	1596707555393	-12.962	0.652	-6.027	-4.009	-5.172	-1.706	127.738510	37.885689
1596707555413	1596707555412	-14.747	-0.220	-6.420	-6.071	-3.677	-2.476	127.738510	37.885689
1596707555434	1596707555432	-17.006	-0.002	-4.973	-7.201	-2.919	-3.642	127.738510	37.885689
1596707555452	1596707555452	-14.368	2.283	-3.785	-7.329	-3.349	-4.802	127.738510	37.885689
1596707555476	1596707555475	-11.106	4.207	-4.147	-7.211	-3.098	-5.055	127.738510	37.885689
1596707555491	1596707555489	-8.873	3.699	-3.809	-6.649	-2.300	-4.574	127.738510	37.885689
1596707555513	1596707555509	-6.717	2.425	-1.629	-5.568	-1.665	-3.954	127.738510	37.885689
1596707555531	1596707555528	-5.277	2.966	-2.142	-4.680	-1.118	-3.136	127.738510	37.885689
1596707555552	1596707555550	-5.184	2.901	-1.615	-3.635	-0.719	-2.102	127.738510	37.885689
1596707555569	1596707555569	-4.880	6.564	-0.048	-2.442	-0.448	-0.810	127.738510	37.885689
1596707555591	1596707555589	-5.558	5.905	1.171	-1.610	-0.284	0.935	127.738510	37.885689
1596707555609	1596707555609	-8.305	2.624	0.347	-1.956	0.021	2.714	127.738510	37.885689
1596707555630	1596707555629	-12.244	-0.737	-0.760	-1.774	0.628	4.423	127.738510	37.885689
1596707555649	1596707555648	-15.224	-1.875	0.809	-1.467	1.112	5.468	127.738510	37.885689
1596707555672	1596707555672	-17.497	-1.434	2.122	-1.721	0.559	6.074	127.738510	37.885689
1596707555688	1596707555688	-18.886	-1.219	-0.015	-2.143	-0.553	6.500	127.738510	37.885689
1596707555708	1596707555705	-20.240	-0.740	-0.880	-2.564	-0.548	6.644	127.738510	37.885689
1596707555734	1596707555725	-24.207	-0.448	-0.364	-3.276	0.009	6.721	127.738510	37.885689
1596707555746	1596707555745	-27.687	-2.556	0.436	-3.890	-0.175	6.387	127.738510	37.885689
1596707555767	1596707555765	-24.604	-4.173	0.191	-4.051	-1.109	5.296	127.738510	37.885689
1596707555786	1596707555784	-19.976	-3.624	-0.779	-3.319	-1.686	4.455	127.738510	37.885689
1596707555807	1596707555806	-16.912	-3.777	-1.316	-2.209	-1.836	3.992	127.738510	37.885689
1596707555827	1596707555825	-14.050	-4.010	-1.363	-1.409	-1.943	3.709	127.738510	37.885689
1596707555845	1596707555845	-11.690	-4.410	-0.894	-0.810	-1.857	3.327	127.738510	37.885689
1596707555866	1596707555865	-10.528	-4.692	-1.033	-0.284	-1.379	2.591	127.738510	37.885689
1596707555885	1596707555885	-11.144	-4.077	-0.420	0.449	-0.722	2.500	127.738510	37.885689
1596707555905	1596707555903	-11.822	-2.426	0.424	0.707	-0.509	2.081	127.738510	37.885689
1596707555925	1596707555922	-11.108	-1.882	0.261	0.321	-0.742	1.860	127.738510	37.885689
1596707555960	1596707555960	-10.123	-2.618	-0.602	-0.148	-0.920	1.781	127.738503	37.885681
1596707555972	1596707555972	-9.767	-2.874	-0.456	-0.365	-0.899	1.623	127.738503	37.885681
1596707555990	1596707555986	-8.871	-2.469	-0.283	-0.508	-0.932	1.489	127.738503	37.885681
1596707556004	1596707556002	-8.756	-2.220	-0.170	-0.864	-0.620	1.489	127.738503	37.885681
1596707556026	1596707556024	-9.060	-2.287	0.702	-1.321	-0.286	1.454	127.738503	37.885681
1596707556043	1596707556041	-9.125	-3.150	1.288	-1.773	-0.354	1.596	127.738503	37.885681
1596707556067	1596707556064	-9.182	-4.556	0.747	-1.991	-0.556	1.707	127.738503	37.885681
1596707556082	1596707556082	-10.020	-6.130	0.376	-1.677	-0.407	1.727	127.738503	37.885681
1596707556108	1596707556108	-10.253	-6.070	1.027	-1.155	-0.208	1.154	127.738503	37.885681
1596707556123	1596707556121	-10.009	-5.492	0.167	-1.047	-0.260	0.880	127.738503	37.885681
1596707556142	1596707556140	-9.745	-6.796	-0.254	-0.442	-0.174	0.403	127.738503	37.885681
1596707556162	1596707556159	-8.945	-6.966	0.412	0.084	0.105	-0.396	127.738503	37.885681
1596707556181	1596707556179	-9.247	-5.315	1.248	0.364	0.465	-1.452	127.738503	37.885681
1596707556202	1596707556199	-11.163	-3.430	1.624	0.672	1.070	-2.594	127.738503	37.885681
1596707556221	1596707556219	-14.373	-3.080	1.552	1.175	1.797	-3.536	127.738503	37.885681
1596707556240	1596707556240	-17.775	-3.351	0.522	1.729	2.126	-4.413	127.738503	37.885681
1596707556260	1596707556259	-20.127	-3.265	-0.829	2.223	1.872	-5.126	127.738503	37.885681
1596707556280	1596707556278	-21.576	-3.068	-1.948	2.828	1.421	-5.784	127.738503	37.885681
1596707556299	1596707556298	-22.321	-2.759	-2.171	3.433	0.891	-6.215	127.738503	37.885681
1596707556319	1596707556315	-21.600	-1.971	-1.663	3.743	0.271	-6.439	127.738503	37.885681
1596707556338	1596707556335	-20.144	-0.934	-1.253	3.781	-0.182	-6.494	127.738503	37.885681
1596707556358	1596707556355	-18.752	-0.148	-0.674	3.862	-0.153	-6.283	127.738503	37.885681
1596707556376	1596707556374	-17.614	-0.337	0.227	3.841	0.110	-5.722	127.738503	37.885681
1596707556396	1596707556395	-16.376	-1.085	-0.135	3.514	-0.190	-5.365	127.738503	37.885681
1596707556416	1596707556415	-15.188	-1.288	-0.724	3.092	-0.199	-5.103	127.738503	37.885681
1596707556444	1596707556438	-14.186	-0.994	-0.911	2.831	-0.109	-4.729	127.738503	37.885681
1596707556455	1596707556455	-13.230	0.154	-1.133	2.381	-0.282	-4.330	127.738503	37.885681
1596707556476	1596707556474	-12.711	-0.421	-0.959	1.436	-0.493	-3.552	127.738503	37.885681
1596707556501	1596707556493	-11.882	-1.830	-1.076	1.134	-0.565	-3.114	127.738503	37.885681
1596707556516	1596707556512	-11.096	-1.305	-0.743	1.160	-0.632	-2.819	127.738503	37.885681
1596707556536	1596707556531	-9.894	-1.094	-0.276	1.276	-0.958	-2.519	127.738503	37.885681
1596707556555	1596707556552	-8.665	-0.452	-0.226	1.309	-1.201	-2.397	127.738503	37.885681
1596707556573	1596707556571	-8.250	0.386	-0.214	1.352	-1.060	-2.203	127.738503	37.885681
1596707556592	1596707556590	-8.217	1.349	-0.544	1.250	-0.993	-2.108	127.738503	37.885681
1596707556613	1596707556611	-7.421	3.177	-0.614	0.913	-0.999	-1.840	127.738503	37.885681
1596707556632	1596707556632	-6.054	4.538	-0.103	0.320	-0.969	-1.374	127.738503	37.885681
1596707556652	1596707556652	-4.983	3.764	-0.022	-0.227	-0.863	-0.790	127.738503	37.885681
1596707556671	1596707556671	-5.507	2.238	-0.063	-0.748	-0.369	-0.013	127.738503	37.885681
1596707556695	1596707556695	-7.273	0.925	0.280	-1.151	0.264	0.837	127.738503	37.885681
1596707556711	1596707556711	-9.163	-0.234	0.824	-1.408	0.493	1.838	127.738503	37.885681
1596707556730	1596707556730	-10.241	-0.943	0.886	-1.538	0.474	2.854	127.738503	37.885681
1596707556756	1596707556748	-10.706	-1.473	0.936	-1.499	0.492	3.808	127.738503	37.885681
1596707556770	1596707556768	-12.267	-2.009	0.960	-1.408	0.932	4.557	127.738503	37.885681
1596707556789	1596707556787	-15.264	-1.767	1.272	-1.143	1.669	5.153	127.738503	37.885681
1596707556810	1596707556807	-18.759	-1.298	1.530	-0.661	2.145	5.719	127.738503	37.885681
1596707556830	1596707556829	-21.076	-1.027	1.051	-0.073	2.111	6.165	127.738503	37.885681
1596707556849	1596707556848	-21.033	-1.327	0.210	0.507	1.704	6.443	127.738503	37.885681
1596707556868	1596707556868	-19.701	-0.838	-0.676	0.611	1.489	5.954	127.738503	37.885681
1596707556888	1596707556888	-18.632	-0.951	-0.319	0.286	1.646	5.680	127.738503	37.885681
1596707556908	1596707556908	-17.185	-1.341	-0.364	-0.273	1.419	5.385	127.738503	37.885681
1596707556927	1596707556926	-15.291	-0.673	-0.182	-1.021	1.317	4.892	127.738503	37.885681
1596707556966	1596707556960	-14.682	-0.529	-0.123	-1.900	1.544	4.506	127.738503	37.885674
1596707556970	1596707556970	-15.132	-1.336	0.666	-2.368	2.029	4.196	127.738503	37.885674
1596707556992	1596707556989	-16.175	-1.743	-0.288	-2.416	1.723	4.112	127.738503	37.885674
1596707557008	1596707557004	-17.142	-0.280	-0.697	-2.704	1.737	3.283	127.738503	37.885674
1596707557026	1596707557024	-18.766	-0.958	-0.587	-3.418	1.681	3.369	127.738503	37.885674
1596707557045	1596707557043	-18.635	-2.400	-0.968	-4.104	0.979	3.105	127.738503	37.885674
1596707557067	1596707557065	-16.922	-3.646	-0.769	-4.366	0.288	3.305	127.738503	37.885674
1596707557085	1596707557085	-14.982	-4.774	0.012	-3.666	-0.207	3.406	127.738503	37.885674
1596707557108	1596707557105	-13.154	-5.924	1.437	-2.416	-0.508	3.418	127.738503	37.885674
1596707557125	1596707557122	-11.623	-7.186	2.510	-1.071	-0.482	3.622	127.738503	37.885674
1596707557145	1596707557142	-10.694	-9.095	3.380	0.378	-0.157	3.629	127.738503	37.885674
1596707557164	1596707557162	-10.121	-11.179	4.582	2.150	0.099	3.213	127.738503	37.885674
1596707557183	1596707557181	-8.825	-13.096	5.366	3.909	-0.106	2.417	127.738503	37.885674
1596707557204	1596707557201	-6.832	-10.748	4.630	5.305	-0.537	1.097	127.738503	37.885674
1596707557223	1596707557222	-6.240	-3.317	3.114	6.293	-0.396	-0.256	127.738503	37.885674
1596707557243	1596707557243	-7.524	1.155	3.746	5.855	0.028	-0.954	127.738503	37.885674
1596707557263	1596707557261	-8.897	2.034	3.138	3.921	-0.510	-1.344	127.738503	37.885674
1596707557282	1596707557282	-11.779	0.422	1.554	2.305	-0.799	-1.713	127.738503	37.885674
1596707557303	1596707557303	-15.192	-1.648	0.213	1.360	-1.044	-2.137	127.738503	37.885674
1596707557326	1596707557321	-16.860	-3.176	-3.809	1.244	-2.408	-2.607	127.738503	37.885674
1596707557344	1596707557341	-18.836	-2.299	-7.120	1.962	-3.557	-3.119	127.738503	37.885674
1596707557362	1596707557359	-22.571	-0.333	-5.160	2.543	-4.345	-3.768	127.738503	37.885674
1596707557381	1596707557379	-26.147	1.462	-2.125	2.213	-5.410	-4.568	127.738503	37.885674
1596707557401	1596707557399	-27.134	1.627	-3.021	2.797	-6.612	-5.758	127.738503	37.885674
1596707557420	1596707557419	-19.408	3.095	-4.437	4.646	-6.154	-7.243	127.738503	37.885674
1596707557444	1596707557443	-18.175	2.583	-2.568	3.851	-3.832	-6.557	127.738503	37.885674
1596707557460	1596707557458	-17.986	1.900	-3.850	0.708	-2.805	-6.931	127.738503	37.885674
1596707557483	1596707557481	-14.071	-0.948	-5.213	-2.000	-2.980	-6.363	127.738503	37.885674
1596707557499	1596707557497	-11.352	-1.439	-4.753	-3.275	-2.445	-5.837	127.738503	37.885674
1596707557528	1596707557522	-9.989	-0.210	-3.313	-3.475	-1.575	-5.597	127.738503	37.885674
1596707557536	1596707557534	-9.297	-2.357	-3.275	-2.881	-0.967	-4.762	127.738503	37.885674
1596707557561	1596707557556	-9.036	-4.055	-3.553	-1.270	-0.605	-4.236	127.738503	37.885674
1596707557576	1596707557574	-9.081	-2.754	-2.590	0.875	-0.418	-3.651	127.738503	37.885674
1596707557599	1596707557595	-9.146	-1.221	-1.462	2.318	-0.498	-2.876	127.738503	37.885674
1596707557616	1596707557615	-8.684	-0.948	-1.011	2.833	-0.820	-2.304	127.738503	37.885674
1596707557636	1596707557634	-7.733	-0.191	-1.047	2.946	-1.092	-1.754	127.738503	37.885674
1596707557655	1596707557653	-7.067	0.669	-1.141	2.808	-1.159	-1.062	127.738503	37.885674
1596707557674	1596707557674	-6.684	1.644	-2.056	2.141	-1.122	-0.655	127.738503	37.885674
1596707557694	1596707557694	-6.763	2.439	-3.625	0.826	-0.794	-0.249	127.738503	37.885674
1596707557714	1596707557714	-6.875	2.748	-5.548	-0.860	-0.215	0.429	127.738503	37.885674
1596707557734	1596707557734	-7.656	1.601	-5.874	-2.197	0.653	1.373	127.738503	37.885674
1596707557754	1596707557751	-10.210	-0.843	-1.711	-2.896	2.025	2.284	127.738503	37.885674
1596707557773	1596707557771	-14.174	-3.758	6.094	-2.548	3.079	2.882	127.738503	37.885674
1596707557792	1596707557790	-18.908	-6.379	11.127	-0.905	3.404	3.601	127.738503	37.885674
1596707557813	1596707557810	-20.156	-6.130	7.138	1.441	2.568	4.102	127.738503	37.885674
1596707557832	1596707557830	-17.760	-3.861	2.771	3.122	1.456	3.875	127.738503	37.885674
1596707557852	1596707557851	-15.444	-1.260	1.516	3.832	1.689	3.440	127.738503	37.885674
1596707557871	1596707557871	-14.680	-0.555	2.100	3.954	1.911	3.166	127.738503	37.885674
1596707557891	1596707557891	-13.247	1.325	1.708	3.667	0.891	2.254	127.738503	37.885674
1596707557911	1596707557911	-10.763	4.181	1.032	2.427	0.133	1.138	127.738503	37.885674
1596707557931	1596707557930	-8.832	4.842	-0.391	0.387	0.024	0.573	127.738503	37.885674
1596707557952	1596707557951	-8.768	4.006	-1.617	-1.440	0.288	0.456	127.738503	37.885674
1596707557973	1596707557970	-9.795	3.486	-1.989	-3.073	0.523	0.454	127.738503	37.885658
1596707557990	1596707557989	-10.521	2.602	-2.465	-4.724	0.638	0.493	127.738503	37.885658
1596707558013	1596707558012	-11.448	0.839	-2.542	-6.523	0.894	0.552	127.738503	37.885658
1596707558031	1596707558029	-12.435	-1.193	0.484	-8.137	1.107	0.998	127.738503	37.885658
1596707558049	1596707558046	-13.324	-7.474	4.477	-7.705	0.670	2.706	127.738503	37.885658
1596707558068	1596707558066	-13.403	-16.761	5.969	-4.268	-0.015	4.641	127.738503	37.885658
1596707558089	1596707558085	-11.563	-21.346	4.877	1.489	-0.491	6.366	127.738503	37.885658
1596707558108	1596707558106	-7.623	-12.691	2.565	4.011	-0.885	6.092	127.738503	37.885658
1596707558130	1596707558130	-7.484	-7.742	3.909	4.839	0.090	5.961	127.738503	37.885658
1596707558152	1596707558147	-11.721	-7.505	4.180	6.251	1.813	5.033	127.738503	37.885658
1596707558167	1596707558166	-14.754	-7.270	7.100	6.984	2.259	3.407	127.738503	37.885658
1596707558186	1596707558184	-12.672	-6.324	7.105	5.143	-0.045	1.614	127.738503	37.885658
1596707558206	1596707558204	-8.305	-6.031	3.904	2.638	-1.821	0.135	127.738503	37.885658
1596707558225	1596707558223	-8.384	-3.655	2.017	0.593	-1.515	-1.336	127.738503	37.885658
1596707558245	1596707558245	-12.809	-2.244	3.205	-1.086	-0.543	-2.270	127.738503	37.885658
1596707558265	1596707558264	-14.364	-2.522	3.559	-3.174	-1.438	-2.949	127.738503	37.885658
1596707558285	1596707558284	-13.398	-3.976	-0.163	-4.876	-2.726	-3.416	127.738503	37.885658
1596707558305	1596707558303	-16.419	-6.204	-0.681	-5.294	-1.718	-3.453	127.738503	37.885658
1596707558323	1596707558323	-20.676	-7.040	0.318	-4.438	-0.971	-3.566	127.738503	37.885658
1596707558346	1596707558342	-19.976	-6.036	-0.206	-2.414	-1.622	-3.445	127.738503	37.885658
1596707558366	1596707558363	-17.013	-3.921	-0.762	0.192	-1.540	-3.082	127.738503	37.885658
1596707558383	1596707558381	-16.627	-2.160	-0.173	1.950	-0.873	-2.871	127.738503	37.885658
1596707558404	1596707558401	-16.390	-0.392	0.392	2.402	-0.610	-3.035	127.738503	37.885658
1596707558422	1596707558420	-14.735	0.300	0.903	2.316	-0.523	-3.183	127.738503	37.885658
1596707558443	1596707558443	-12.775	-0.397	0.967	2.027	-0.559	-3.365	127.738503	37.885658
1596707558463	1596707558463	-11.415	-1.257	0.584	1.787	-0.507	-3.561	127.738503	37.885658
1596707558486	1596707558484	-10.198	-1.571	-0.029	1.664	-0.419	-3.842	127.738503	37.885658
1596707558503	1596707558502	-9.388	-1.245	-0.070	1.666	-0.365	-3.988	127.738503	37.885658
1596707558525	1596707558525	-9.180	-0.943	-0.036	1.619	-0.524	-3.841	127.738503	37.885658
1596707558542	1596707558541	-9.223	-2.247	0.742	1.880	-0.535	-3.595	127.738503	37.885658
1596707558566	1596707558565	-9.141	-3.142	1.415	2.468	-0.786	-3.517	127.738503	37.885658
1596707558581	1596707558578	-8.969	-2.069	1.128	3.020	-1.198	-3.395	127.738503	37.885658
1596707558605	1596707558603	-9.060	-0.445	0.867	3.362	-1.546	-3.119	127.738503	37.885658
1596707558620	1596707558616	-8.427	1.325	1.114	3.283	-1.910	-2.768	127.738503	37.885658
1596707558639	1596707558636	-7.254	2.772	0.275	2.491	-2.202	-2.236	127.738503	37.885658
1596707558659	1596707558657	-6.492	3.273	-0.669	0.929	-2.092	-1.760	127.738503	37.885658
1596707558679	1596707558677	-6.449	3.170	-0.640	-0.905	-1.480	-1.218	127.738503	37.885658
1596707558698	1596707558697	-7.350	2.353	-0.683	-2.514	-0.778	-0.523	127.738503	37.885658
1596707558718	1596707558717	-8.416	1.232	-0.111	-3.630	-0.274	0.226	127.738503	37.885658
1596707558736	1596707558737	-9.292	0.168	-0.479	-4.242	-0.143	1.077	127.738503	37.885658
1596707558756	1596707558756	-10.521	-1.049	-1.241	-4.640	0.191	2.049	127.738503	37.885658
1596707558776	1596707558774	-11.877	-1.832	-0.247	-4.651	0.721	2.997	127.738503	37.885658
1596707558796	1596707558794	-12.905	-2.450	0.534	-4.235	0.591	3.677	127.738503	37.885658
1596707558816	1596707558813	-13.827	-3.042	0.179	-3.926	0.490	4.099	127.738503	37.885658
1596707558836	1596707558833	-14.766	-3.114	-0.566	-3.531	0.493	4.197	127.738503	37.885658
1596707558855	1596707558854	-15.683	-2.920	-0.889	-2.892	0.438	4.332	127.738503	37.885658
1596707558876	1596707558873	-15.784	-2.706	-0.197	-2.055	0.235	4.262	127.738503	37.885658
1596707558894	1596707558894	-15.104	-2.766	0.098	-0.831	0.060	3.928	127.738503	37.885658
1596707558914	1596707558914	-14.177	-1.331	0.036	0.382	0.037	3.693	127.738503	37.885658
1596707558935	1596707558935	-13.480	-1.310	-0.372	0.842	0.110	3.474	127.738503	37.885658
1596707558955	1596707558952	-12.828	-1.092	-0.606	0.660	0.084	3.291	127.738503	37.885658
1596707558974	1596707558974	-12.610	0.721	-0.319	-0.178	0.297	3.280	127.738503	37.885643
1596707558992	1596707558991	-13.561	-1.267	0.888	-1.807	0.915	4.097	127.738503	37.885643
1596707559014	1596707559012	-13.005	-3.756	1.662	-3.729	0.361	4.454	127.738503	37.885643
1596707559032	1596707559030	-12.440	-5.239	-1.682	-4.305	-0.875	4.317	127.738503	37.885643
1596707559053	1596707559050	-15.882	-8.310	-5.220	-2.414	-0.214	5.000	127.738503	37.885643
1596707559072	1596707559069	-21.275	-9.730	-1.792	-0.323	1.259	5.943	127.738503	37.885643
1596707559092	1596707559090	-19.945	-4.944	0.335	0.240	-0.303	4.737	127.738503	37.885643
1596707559111	1596707559109	-13.837	-6.015	1.161	0.883	-1.247	4.875	127.738503	37.885643
1596707559131	1596707559131	-10.892	-10.116	3.075	1.027	-0.428	4.746	127.738503	37.885643
1596707559154	1596707559149	-9.628	-12.569	3.770	1.512	0.245	3.754	127.738503	37.885643
1596707559174	1596707559168	-8.866	-14.147	3.993	2.030	0.847	2.510	127.738503	37.885643
1596707559190	1596707559187	-9.287	-10.415	3.693	2.413	1.030	0.894	127.738503	37.885643
1596707559209	1596707559207	-10.948	-3.571	3.380	2.839	1.350	-0.127	127.738503	37.885643
1596707559228	1596707559226	-13.439	-1.835	2.953	2.033	1.952	-0.943	127.738503	37.885643
1596707559248	1596707559246	-17.241	-4.000	1.430	1.019	1.899	-2.315	127.738503	37.885643
1596707559267	1596707559267	-18.836	-3.921	1.492	0.222	0.756	-3.264	127.738503	37.885643
1596707559287	1596707559287	-16.316	-2.817	1.272	0.138	-1.215	-3.429	127.738503	37.885643
1596707559308	1596707559306	-14.800	-1.954	1.629	-0.016	-1.944	-3.623	127.738503	37.885643
1596707559327	1596707559326	-15.518	-2.345	1.997	-0.242	-1.968	-3.915	127.738503	37.885643
1596707559346	1596707559346	-16.323	-3.729	1.514	0.208	-2.106	-3.992	127.738503	37.885643
1596707559369	1596707559365	-16.220	-3.157	0.395	1.263	-1.854	-4.268	127.738503	37.885643
1596707559389	1596707559385	-18.103	-2.702	0.443	3.175	-1.780	-4.102	127.738503	37.885643
1596707559406	1596707559404	-19.253	-0.134	0.074	5.100	-2.566	-3.759	127.738503	37.885643
1596707559425	1596707559423	-18.659	1.790	-1.342	6.280	-2.659	-3.236	127.738503	37.885643
1596707559444	1596707559443	-16.498	1.778	1.432	5.604	-2.633	-2.829	127.738503	37.885643
1596707559464	1596707559463	-13.748	0.805	0.222	3.403	-3.187	-2.579	127.738503	37.885643
1596707559485	1596707559485	-12.658	0.060	0.237	1.716	-2.785	-2.444	127.738503	37.885643
1596707559503	1596707559503	-12.224	0.089	-0.187	0.483	-2.369	-2.515	127.738503	37.885643
1596707559525	1596707559525	-11.786	-0.150	-0.671	-0.409	-2.230	-2.621	127.738503	37.885643
1596707559544	1596707559544	-11.554	-0.850	-0.995	-0.890	-2.131	-2.698	127.738503	37.885643
1596707559567	1596707559566	-10.969	-0.951	-1.349	-0.989	-2.053	-2.794	127.738503	37.885643
1596707559587	1596707559587	-10.437	-0.924	-1.383	-0.785	-1.898	-2.639	127.738503	37.885643
1596707559607	1596707559604	-9.714	-1.113	-1.210	-0.448	-2.084	-2.593	127.738503	37.885643
1596707559622	1596707559621	-8.626	-0.797	-1.486	-0.440	-2.203	-2.736	127.738503	37.885643
1596707559643	1596707559641	-7.862	-1.377	-1.287	-0.096	-1.901	-2.582	127.738503	37.885643
1596707559663	1596707559660	-7.809	-1.094	-0.705	0.300	-1.613	-2.226	127.738503	37.885643
1596707559682	1596707559680	-8.035	0.003	-0.182	0.175	-1.534	-1.967	127.738503	37.885643
1596707559703	1596707559701	-7.956	0.010	-0.039	-0.295	-1.565	-1.727	127.738503	37.885643
1596707559721	1596707559721	-7.330	0.614	-0.341	-0.938	-1.542	-1.592	127.738503	37.885643
1596707559741	1596707559741	-6.015	1.526	-1.138	-1.499	-1.566	-1.402	127.738503	37.885643
1596707559761	1596707559760	-4.978	2.746	-1.253	-2.032	-1.359	-1.038	127.738503	37.885643
1596707559781	1596707559779	-5.843	2.770	-1.196	-2.486	-0.683	-0.390	127.738503	37.885643
1596707559800	1596707559798	-7.347	2.077	-0.884	-3.232	-0.085	0.292	127.738503	37.885643
1596707559819	1596707559817	-8.677	0.757	-1.718	-4.022	0.022	1.053	127.738503	37.885643
1596707559839	1596707559836	-10.042	-0.790	-2.243	-4.449	0.327	1.989	127.738503	37.885643
1596707559859	1596707559856	-11.980	-2.431	-1.385	-4.460	0.886	3.314	127.738503	37.885643
1596707559878	1596707559875	-14.366	-3.325	0.201	-4.032	1.157	4.781	127.738503	37.885643
1596707559896	1596707559894	-16.807	-3.576	1.619	-2.882	1.097	6.095	127.738503	37.885643
1596707559917	1596707559916	-19.583	-4.601	2.400	-1.476	1.079	7.094	127.738503	37.885643
1596707559946	1596707559946	-22.120	-5.011	2.455	-0.316	1.601	7.331	127.738503	37.885643
1596707559956	1596707559954	-22.657	-4.549	2.733	1.218	1.939	7.377	127.738503	37.885643
1596707559984	1596707559978	-19.246	-4.932	1.523	2.756	0.993	7.407	127.738503	37.885624
1596707559995	1596707559993	-14.031	-4.273	0.548	4.458	0.258	6.121	127.738503	37.885624
1596707560018	1596707560015	-9.776	0.015	0.515	4.355	0.980	4.596	127.738503	37.885624
1596707560035	1596707560033	-9.870	-0.553	3.337	3.637	2.071	4.441	127.738503	37.885624
1596707560056	1596707560052	-9.275	2.612	4.501	3.331	1.938	3.753	127.738503	37.885624
1596707560074	1596707560072	-11.197	5.489	5.718	1.428	2.591	3.368	127.738503	37.885624
1596707560096	1596707560092	-15.772	2.849	4.601	-0.865	3.192	2.649	127.738503	37.885624
1596707560115	1596707560113	-17.032	0.515	3.013	-1.976	2.094	2.242	127.738503	37.885624
1596707560133	1596707560133	-15.403	-0.471	2.194	-2.170	0.821	2.211	127.738503	37.885624
1596707560153	1596707560153	-14.629	-1.839	1.734	-2.111	0.258	2.186	127.738503	37.885624
1596707560172	1596707560172	-13.616	-3.396	1.054	-1.709	-0.321	2.130	127.738503	37.885624
1596707560195	1596707560194	-12.823	-4.101	0.912	-1.197	-0.601	1.957	127.738503	37.885624
1596707560214	1596707560214	-12.244	-3.854	1.025	-0.726	-0.689	1.761	127.738503	37.885624
1596707560232	1596707560232	-12.131	-3.439	1.528	-0.340	-0.579	1.555	127.738503	37.885624
1596707560251	1596707560249	-11.762	-2.929	2.014	-0.202	-0.523	1.294	127.738503	37.885624
1596707560270	1596707560269	-10.694	-2.776	1.514	-0.089	-0.578	0.917	127.738503	37.885624
1596707560290	1596707560288	-10.809	-2.055	0.639	-0.570	-0.361	0.559	127.738503	37.885624
1596707560311	1596707560308	-11.726	-2.680	0.606	-0.788	-0.083	0.219	127.738503	37.885624
1596707560329	1596707560329	-11.015	-3.298	0.646	-0.596	-0.375	-0.233	127.738503	37.885624
1596707560350	1596707560349	-10.231	-2.853	0.098	-0.507	-0.632	-0.735	127.738503	37.885624
1596707560369	1596707560369	-11.534	-3.262	-0.420	-0.253	-0.450	-1.105	127.738503	37.885624
1596707560389	1596707560387	-13.769	-3.372	-0.889	0.059	-0.252	-1.541	127.738503	37.885624
1596707560409	1596707560409	-15.592	-3.044	-1.459	0.377	-0.404	-2.032	127.738503	37.885624
1596707560430	1596707560426	-16.220	-2.745	-1.284	0.688	-0.926	-2.526	127.738503	37.885624
1596707560449	1596707560447	-15.006	-2.175	-1.002	1.048	-1.599	-3.033	127.738503	37.885624
1596707560467	1596707560465	-13.460	-1.432	-0.650	1.338	-1.826	-3.523	127.738503	37.885624
1596707560487	1596707560485	-12.464	-0.752	-0.209	1.526	-1.718	-3.925	127.738503	37.885624
1596707560508	1596707560507	-12.545	-0.306	-0.314	1.591	-1.558	-4.191	127.738503	37.885624
1596707560527	1596707560526	-14.074	-1.123	0.450	1.759	-1.263	-4.734	127.738503	37.885624
1596707560547	1596707560545	-14.632	0.159	0.982	1.523	-1.181	-5.318	127.738503	37.885624
1596707560567	1596707560566	-15.044	-0.155	0.903	1.443	-1.301	-4.996	127.738503	37.885624
1596707560586	1596707560586	-15.300	-0.754	0.052	1.150	-1.428	-4.871	127.738503	37.885624
1596707560608	1596707560606	-14.740	-0.759	-0.654	0.967	-1.346	-5.095	127.738503	37.885624
1596707560625	1596707560624	-14.244	-0.486	-0.815	1.060	-1.383	-5.200	127.738503	37.885624
1596707560645	1596707560642	-13.734	-0.115	-0.650	1.227	-1.352	-5.017	127.738503	37.885624
1596707560668	1596707560668	-13.463	-0.486	-0.422	1.415	-1.314	-4.506	127.738503	37.885624
1596707560684	1596707560682	-12.809	-0.476	-0.410	1.617	-1.509	-4.059	127.738503	37.885624
1596707560704	1596707560702	-11.733	0.075	-0.606	1.656	-1.674	-3.712	127.738503	37.885624
1596707560723	1596707560723	-10.722	0.765	-0.319	1.262	-1.505	-3.292	127.738503	37.885624
1596707560744	1596707560744	-9.652	0.326	-0.400	0.713	-1.399	-2.759	127.738503	37.885624
1596707560764	1596707560763	-8.360	0.238	0.098	0.485	-1.319	-2.152	127.738503	37.885624
1596707560784	1596707560784	-7.630	1.064	0.117	0.240	-1.037	-1.611	127.738503	37.885624
1596707560804	1596707560803	-7.414	1.311	-0.475	-0.581	-0.660	-1.068	127.738503	37.885624
1596707560823	1596707560823	-6.573	1.066	-0.046	-1.670	-0.333	-0.646	127.738503	37.885624
1596707560843	1596707560841	-6.010	0.626	0.479	-3.085	0.289	-0.316	127.738503	37.885624
1596707560862	1596707560861	-6.933	-1.827	-0.602	-4.264	1.501	0.116	127.738503	37.885624
1596707560882	1596707560880	-8.837	-7.373	-0.980	-3.282	2.597	0.772	127.738503	37.885624
1596707560902	1596707560899	-10.986	-11.773	-2.475	-0.836	3.282	1.262	127.738503	37.885624
1596707560921	1596707560919	-13.029	-11.134	-2.496	1.401	3.668	1.337	127.738503	37.885624
1596707560950	1596707560950	-14.011	-7.620	-2.463	2.798	3.443	1.248	127.738503	37.885624
1596707560964	1596707560964	-13.817	-6.762	-1.543	3.268	2.906	1.297	127.738495	37.885605
1596707560987	1596707560979	-13.468	-6.800	0.174	3.055	2.311	1.147	127.738495	37.885605
1596707561000	1596707561000	-12.806	-5.583	0.730	2.641	1.683	0.888	127.738495	37.885605
1596707561024	1596707561021	-11.185	-3.612	0.771	1.786	0.931	0.777	127.738495	37.885605
1596707561039	1596707561036	-8.605	-4.125	1.406	0.729	0.217	0.766	127.738495	37.885605
1596707561064	1596707561061	-6.528	-4.750	2.668	-0.010	0.215	0.822	127.738495	37.885605
1596707561078	1596707561075	-5.713	-4.764	3.813	-0.243	0.850	0.960	127.738495	37.885605
1596707561099	1596707561095	-6.353	-3.828	3.933	-0.210	1.551	0.962	127.738495	37.885605
1596707561116	1596707561116	-7.987	-11.103	17.944	0.073	0.698	-0.194	127.738495	37.885605
1596707561137	1596707561135	-5.505	-9.282	24.934	-2.230	-2.655	-0.003	127.738495	37.885605
1596707561157	1596707561155	-0.841	-5.821	12.641	-3.085	-3.064	1.427	127.738495	37.885605
1596707561175	1596707561175	-1.126	-6.590	6.075	-2.131	-1.713	0.610	127.738495	37.885605
1596707561195	1596707561195	-2.599	-7.078	2.189	-1.153	-1.182	0.250	127.738495	37.885605
1596707561215	1596707561215	-5.258	-7.766	1.190	-0.675	-0.014	0.154	127.738495	37.885605
1596707561236	1596707561233	-8.756	-8.475	2.127	-0.604	0.733	0.165	127.738495	37.885605
1596707561256	1596707561253	-9.707	-8.075	1.478	-0.614	0.794	-0.154	127.738495	37.885605
1596707561274	1596707561272	-9.592	-9.055	0.809	-0.575	0.700	-0.891	127.738495	37.885605
1596707561293	1596707561291	-10.262	-9.732	1.933	-0.512	0.744	-1.360	127.738495	37.885605
1596707561314	1596707561311	-10.840	-7.792	3.478	-0.585	0.715	-1.536	127.738495	37.885605
1596707561334	1596707561332	-10.116	-6.120	3.080	-0.819	0.506	-1.611	127.738495	37.885605
1596707561354	1596707561352	-8.782	-6.362	2.012	-1.153	0.389	-1.532	127.738495	37.885605
1596707561372	1596707561372	-7.723	-6.937	0.088	-1.439	0.437	-1.312	127.738495	37.885605
1596707561391	1596707561391	-7.340	-7.323	-0.915	-1.415	0.694	-0.952	127.738495	37.885605
1596707561412	1596707561411	-7.350	-8.041	-1.050	-0.862	0.950	-0.452	127.738495	37.885605
1596707561433	1596707561431	-7.460	-8.233	-1.081	0.303	1.076	0.043	127.738495	37.885605
1596707561454	1596707561449	-7.565	-7.320	-0.520	0.791	0.960	0.401	127.738495	37.885605
1596707561471	1596707561469	-7.496	-7.823	1.046	0.659	0.620	0.788	127.738495	37.885605
1596707561491	1596707561488	-7.661	-9.792	2.362	0.861	0.325	1.172	127.738495	37.885605
1596707561511	1596707561510	-8.224	-10.727	1.636	0.880	0.246	0.800	127.738495	37.885605
1596707561530	1596707561529	-7.726	-9.687	0.896	0.569	-0.002	0.213	127.738495	37.885605
1596707561551	1596707561550	-6.772	-8.755	0.745	0.537	-0.432	0.059	127.738495	37.885605
1596707561569	1596707561569	-5.776	-7.603	0.560	1.105	-0.660	-0.024	127.738495	37.885605
1596707561589	1596707561588	-5.253	-5.837	0.515	1.436	-0.545	-0.246	127.738495	37.885605
1596707561609	1596707561608	-4.932	-3.837	-0.106	1.394	-0.385	-0.363	127.738495	37.885605
1596707561631	1596707561631	-4.549	-2.553	-0.463	0.974	-0.282	-0.441	127.738495	37.885605
1596707561648	1596707561648	-4.029	-1.648	-0.551	0.258	-0.124	-0.467	127.738495	37.885605
1596707561667	1596707561665	-4.331	-3.463	0.007	-0.169	0.138	-0.210	127.738495	37.885605
