1596707679703	1596707679702	-8.121	-0.225	0.455	1.110	0.491	2.074	127.738281	37.884480
1596707679719	1596707679717	-9.544	-0.388	0.838	0.531	0.830	2.236	127.738281	37.884480
1596707679739	1596707679737	-10.761	-0.239	0.428	-0.376	0.738	2.398	127.738281	37.884480
1596707679758	1596707679756	-11.094	-0.368	0.373	-0.861	0.584	2.595	127.738281	37.884480
1596707679777	1596707679776	-11.501	-0.194	0.318	-1.484	0.637	2.703	127.738281	37.884480
1596707679800	1596707679795	-11.961	-1.111	0.570	-2.098	0.622	2.712	127.738281	37.884480
1596707679817	1596707679814	-11.831	-2.371	0.745	-1.975	0.360	2.915	127.738281	37.884480
1596707679843	1596707679834	-11.949	-1.506	0.620	-1.803	0.447	3.116	127.738281	37.884480
1596707679856	1596707679853	-13.199	-3.212	1.111	-1.646	0.653	3.024	127.738281	37.884480
1596707679876	1596707679873	-13.781	-3.126	0.546	-1.441	0.542	2.883	127.738281	37.884480
1596707679895	1596707679893	-13.662	-3.576	0.577	-1.111	0.453	2.481	127.738281	37.884480
1596707679914	1596707679912	-12.878	-2.912	0.869	-0.633	0.285	2.084	127.738281	37.884480
1596707679944	1596707679932	-12.016	-3.605	0.151	-0.223	0.231	1.690	127.738281	37.884480
1596707679953	1596707679952	-12.248	-3.492	0.464	0.641	0.423	1.108	127.738281	37.884480
1596707679973	1596707679972	-11.987	-2.867	1.023	1.328	0.344	0.482	127.738274	37.884472
1596707679993	1596707679991	-11.264	-2.596	1.482	1.497	0.207	-0.135	127.738274	37.884472
1596707680014	1596707680013	-9.846	-1.607	1.080	1.412	-0.240	-0.826	127.738274	37.884472
1596707680039	1596707680034	-8.828	-1.161	-0.166	0.893	-0.629	-1.489	127.738274	37.884472
1596707680052	1596707680051	-11.427	-1.837	-0.870	0.724	-0.629	-2.038	127.738274	37.884472
1596707680073	1596707680072	-12.826	-0.821	-1.186	0.867	-0.683	-2.428	127.738274	37.884472
1596707680092	1596707680089	-13.966	-1.961	-1.014	1.120	-0.902	-2.685	127.738274	37.884472
1596707680112	1596707680110	-14.411	-1.322	-0.978	1.573	-1.366	-2.984	127.738274	37.884472
1596707680139	1596707680129	-13.072	-0.625	-0.420	2.213	-1.833	-2.987	127.738274	37.884472
1596707680150	1596707680148	-11.719	0.115	-0.111	2.150	-2.156	-3.039	127.738274	37.884472
1596707680170	1596707680168	-11.446	0.813	-0.135	1.647	-1.995	-3.384	127.738274	37.884472
1596707680191	1596707680188	-11.132	2.034	0.519	0.943	-1.791	-3.395	127.738274	37.884472
1596707680209	1596707680207	-11.063	-1.521	0.709	0.122	-1.686	-3.033	127.738274	37.884472
1596707680237	1596707680229	-11.587	-1.827	-0.654	0.612	-1.426	-3.730	127.738274	37.884472
1596707680251	1596707680247	-12.627	-0.198	-0.250	1.258	-0.384	-3.670	127.738274	37.884472
1596707680268	1596707680266	-12.596	-0.232	-0.329	1.688	-0.476	-3.374	127.738274	37.884472
1596707680289	1596707680286	-11.836	0.106	-1.366	2.120	-0.867	-3.423	127.738274	37.884472
1596707680307	1596707680306	-11.982	-0.038	-1.277	2.192	-0.588	-2.992	127.738274	37.884472
1596707680327	1596707680325	-10.962	0.326	-1.160	1.998	-0.729	-2.625	127.738274	37.884472
1596707680348	1596707680345	-10.088	-0.328	-1.294	2.263	-0.813	-2.254	127.738274	37.884472
1596707680367	1596707680365	-10.536	-0.160	-1.423	2.358	-1.019	-1.905	127.738274	37.884472
1596707680387	1596707680385	-9.690	1.486	-2.578	2.398	-1.385	-2.098	127.738274	37.884472
1596707680406	1596707680404	-8.190	2.307	-2.111	1.891	-1.069	-1.237	127.738274	37.884472
1596707680425	1596707680424	-8.039	1.962	-1.236	1.175	-0.939	-0.706	127.738274	37.884472
1596707680446	1596707680443	-8.207	0.779	-1.672	0.564	-1.116	-0.336	127.738274	37.884472
1596707680465	1596707680464	-7.805	0.932	-1.402	-0.264	-0.778	-0.099	127.738274	37.884472
1596707680486	1596707680483	-8.758	1.907	-0.446	-1.047	0.016	0.209	127.738274	37.884472
1596707680505	1596707680503	-10.708	1.234	0.124	-1.842	0.641	0.656	127.738274	37.884472
1596707680526	1596707680524	-11.774	0.650	0.086	-2.334	0.851	1.112	127.738274	37.884472
1596707680545	1596707680544	-12.339	-0.215	-0.391	-2.388	0.983	1.682	127.738274	37.884472
1596707680564	1596707680563	-12.222	-0.388	-0.170	-2.344	1.047	1.989	127.738274	37.884472
1596707680585	1596707680584	-12.090	-0.610	0.110	-2.142	1.123	2.274	127.738274	37.884472
1596707680604	1596707680603	-12.579	-0.452	0.618	-2.031	1.435	2.617	127.738274	37.884472
1596707680624	1596707680624	-14.203	-1.815	1.379	-1.617	1.779	2.837	127.738274	37.884472
1596707680643	1596707680641	-15.312	-1.518	2.254	-0.915	1.857	2.679	127.738274	37.884472
1596707680664	1596707680662	-14.548	-0.919	2.041	-0.434	1.190	2.504	127.738274	37.884472
1596707680684	1596707680681	-12.854	-1.202	1.442	-0.062	0.857	2.372	127.738274	37.884472
1596707680704	1596707680703	-11.441	-0.874	1.435	0.217	0.920	1.995	127.738274	37.884472
1596707680723	1596707680720	-10.816	-0.802	0.989	0.275	0.781	1.678	127.738274	37.884472
1596707680743	1596707680741	-10.126	-0.752	0.807	0.600	0.580	1.504	127.738274	37.884472
1596707680761	1596707680761	-9.508	0.427	0.761	0.269	0.401	1.352	127.738274	37.884472
1596707680782	1596707680782	-9.232	0.753	0.747	-0.483	0.349	1.342	127.738274	37.884472
1596707680803	1596707680802	-9.127	0.585	0.896	-1.511	0.387	1.411	127.738274	37.884472
1596707680823	1596707680823	-9.711	-0.752	0.977	-2.327	0.474	1.505	127.738274	37.884472
1596707680842	1596707680839	-10.035	-1.307	1.171	-2.757	0.354	1.499	127.738274	37.884472
1596707680860	1596707680859	-9.455	-1.434	0.934	-2.954	0.143	1.698	127.738274	37.884472
1596707680880	1596707680878	-9.290	-2.146	0.876	-2.954	0.150	1.724	127.738274	37.884472
1596707680901	1596707680898	-9.326	-2.479	1.181	-2.699	0.195	1.751	127.738274	37.884472
1596707680920	1596707680917	-9.541	-2.769	1.135	-2.219	0.184	1.753	127.738274	37.884472
1596707680945	1596707680945	-10.104	-3.221	1.015	-1.524	0.330	1.803	127.738274	37.884472
1596707680962	1596707680958	-11.048	-3.202	1.169	-0.719	0.540	1.811	127.738258	37.884457
1596707680978	1596707680975	-11.731	-3.006	1.341	-0.048	0.584	1.890	127.738258	37.884457
1596707680998	1596707680994	-11.582	-2.865	1.473	0.333	0.378	1.677	127.738258	37.884457
1596707681018	1596707681014	-11.324	-2.460	0.680	0.383	0.159	1.376	127.738258	37.884457
1596707681043	1596707681038	-13.003	-2.469	0.467	0.345	0.640	1.106	127.738258	37.884457
1596707681057	1596707681055	-15.183	-2.134	1.744	0.354	1.127	0.573	127.738258	37.884457
1596707681081	1596707681077	-15.238	-2.565	2.405	0.611	0.426	0.252	127.738258	37.884457
1596707681096	1596707681093	-12.761	-2.671	1.339	1.225	-0.448	-0.129	127.738258	37.884457
1596707681121	1596707681119	-12.739	-2.651	0.936	1.705	-0.455	-0.464	127.738258	37.884457
1596707681134	1596707681134	-13.228	-2.805	0.807	2.101	-0.573	-0.752	127.738258	37.884457
1596707681156	1596707681156	-12.828	-2.661	0.381	2.540	-0.886	-0.915	127.738258	37.884457
1596707681174	1596707681174	-12.787	-2.122	-0.029	2.943	-1.116	-1.075	127.738258	37.884457
1596707681196	1596707681194	-12.996	-1.681	-0.096	3.193	-1.409	-1.412	127.738258	37.884457
1596707681213	1596707681213	-12.531	-0.900	-0.190	3.290	-1.905	-1.953	127.738258	37.884457
1596707681234	1596707681231	-11.788	-0.189	-0.539	3.098	-2.240	-2.294	127.738258	37.884457
1596707681255	1596707681254	-11.645	0.216	-0.779	2.820	-2.402	-2.659	127.738258	37.884457
1596707681274	1596707681270	-11.573	0.714	-0.812	2.253	-2.472	-3.094	127.738258	37.884457
1596707681293	1596707681289	-11.285	0.463	-1.040	1.609	-2.501	-3.367	127.738258	37.884457
1596707681312	1596707681310	-11.463	0.990	-1.038	1.090	-2.260	-3.625	127.738258	37.884457
1596707681332	1596707681330	-11.594	-0.309	-0.781	0.853	-2.079	-3.759	127.738258	37.884457
1596707681351	1596707681349	-12.272	-0.079	-0.834	0.627	-1.953	-3.635	127.738258	37.884457
1596707681370	1596707681370	-11.961	-0.107	-0.659	0.317	-1.745	-3.663	127.738258	37.884457
1596707681391	1596707681390	-11.829	-0.249	-0.484	0.174	-1.552	-3.524	127.738258	37.884457
1596707681411	1596707681410	-10.571	0.130	-0.788	0.605	-1.640	-3.264	127.738258	37.884457
1596707681432	1596707681432	-9.206	1.066	-1.572	1.024	-2.130	-2.607	127.738258	37.884457
1596707681454	1596707681453	-8.574	0.817	-1.553	0.968	-1.932	-2.032	127.738258	37.884457
1596707681468	1596707681467	-9.053	0.971	-1.591	0.825	-1.251	-1.827	127.738258	37.884457
1596707681489	1596707681487	-9.779	1.471	-1.306	0.108	-0.967	-1.196	127.738258	37.884457
1596707681509	1596707681506	-8.873	1.905	-1.366	-0.850	-1.105	-0.874	127.738258	37.884457
1596707681528	1596707681526	-7.671	1.385	-1.078	-1.420	-1.037	-0.357	127.738258	37.884457
1596707681549	1596707681547	-7.888	0.937	-0.942	-1.347	-0.475	-0.132	127.738258	37.884457
1596707681568	1596707681568	-9.951	1.143	-0.489	-1.141	0.517	0.044	127.738258	37.884457
1596707681588	1596707681586	-10.842	1.677	0.800	-1.076	0.754	0.410	127.738258	37.884457
1596707681607	1596707681607	-10.734	0.721	0.474	-1.288	0.530	0.951	127.738258	37.884457
1596707681626	1596707681626	-11.654	0.070	0.546	-1.301	0.949	1.361	127.738258	37.884457
1596707681646	1596707681646	-12.459	0.190	1.171	-1.240	1.356	1.708	127.738258	37.884457
1596707681666	1596707681664	-12.981	-0.105	1.430	-0.935	1.546	2.258	127.738258	37.884457
1596707681686	1596707681683	-14.268	0.058	1.787	-0.809	1.779	2.768	127.738258	37.884457
1596707681706	1596707681703	-16.043	-0.155	1.456	-0.737	2.081	3.037	127.738258	37.884457
1596707681725	1596707681722	-16.687	-0.076	1.420	-0.836	2.021	2.943	127.738258	37.884457
1596707681744	1596707681744	-15.901	-0.915	1.085	-0.859	1.474	2.636	127.738258	37.884457
1596707681764	1596707681764	-13.310	0.017	0.802	-0.932	0.846	2.404	127.738258	37.884457
1596707681784	1596707681782	-11.424	0.194	0.472	-1.322	0.382	2.618	127.738258	37.884457
1596707681803	1596707681803	-10.392	-0.776	0.031	-1.844	0.594	2.587	127.738258	37.884457
1596707681823	1596707681823	-10.339	-0.967	0.400	-2.094	0.911	2.357	127.738258	37.884457
1596707681843	1596707681841	-10.480	-1.238	0.733	-2.099	0.797	2.277	127.738258	37.884457
1596707681862	1596707681860	-10.243	-0.848	0.965	-2.187	0.645	2.242	127.738258	37.884457
1596707681882	1596707681879	-10.217	-0.977	1.025	-2.396	0.665	2.251	127.738258	37.884457
1596707681901	1596707681900	-10.557	-1.880	0.975	-2.628	0.690	2.357	127.738258	37.884457
1596707681921	1596707681920	-11.027	-1.748	0.910	-2.770	0.638	2.574	127.738258	37.884457
1596707681942	1596707681940	-11.362	-2.103	0.809	-2.745	0.606	2.580	127.738258	37.884457
1596707681968	1596707681968	-11.522	-2.685	0.531	-2.505	0.493	2.703	127.738258	37.884457
1596707681981	1596707681979	-11.582	-2.783	0.484	-2.080	0.339	2.767	127.738243	37.884445
1596707682001	1596707681999	-11.853	-3.004	0.455	-1.573	0.381	2.721	127.738243	37.884445
1596707682020	1596707682019	-12.421	-3.071	0.860	-1.211	0.552	2.747	127.738243	37.884445
1596707682042	1596707682040	-12.512	-3.207	1.176	-0.962	0.416	2.448	127.738243	37.884445
1596707682060	1596707682059	-11.551	-3.207	1.332	-0.827	0.137	1.935	127.738243	37.884445
1596707682082	1596707682081	-11.479	-3.490	0.776	-0.803	0.227	1.686	127.738243	37.884445
1596707682100	1596707682098	-13.650	-4.108	0.630	-0.657	0.913	1.277	127.738243	37.884445
1596707682125	1596707682120	-15.202	-3.835	1.732	-0.200	0.985	0.542	127.738243	37.884445
1596707682140	1596707682137	-13.003	-3.310	1.461	0.424	0.013	-0.027	127.738243	37.884445
1596707682163	1596707682162	-10.564	-2.848	0.979	1.051	-0.414	-0.498	127.738243	37.884445
1596707682178	1596707682178	-10.746	-2.208	0.931	1.576	-0.362	-1.137	127.738243	37.884445
1596707682203	1596707682203	-11.781	-2.287	0.618	1.995	-0.442	-1.677	127.738243	37.884445
1596707682218	1596707682216	-12.651	-2.108	0.239	2.325	-0.611	-2.087	127.738243	37.884445
1596707682238	1596707682236	-13.276	-1.916	-0.226	2.604	-0.788	-2.287	127.738243	37.884445
1596707682258	1596707682258	-13.415	-1.849	-0.341	3.019	-1.068	-2.384	127.738243	37.884445
1596707682277	1596707682274	-13.405	-1.454	-0.554	3.333	-1.299	-2.429	127.738243	37.884445
1596707682297	1596707682293	-13.640	-0.507	-0.326	3.454	-1.456	-2.720	127.738243	37.884445
1596707682315	1596707682313	-13.214	0.058	-0.415	3.267	-1.827	-3.041	127.738243	37.884445
1596707682335	1596707682332	-11.800	0.633	-0.906	2.935	-2.229	-3.073	127.738243	37.884445
1596707682354	1596707682354	-11.690	1.124	-0.688	2.450	-2.039	-3.417	127.738243	37.884445
1596707682373	1596707682373	-12.608	-0.306	-0.384	1.952	-1.789	-3.638	127.738243	37.884445
1596707682394	1596707682394	-12.962	-1.054	-1.124	2.453	-1.846	-3.653	127.738243	37.884445
1596707682413	1596707682413	-13.314	0.760	-1.167	2.847	-1.686	-3.872	127.738243	37.884445
1596707682434	1596707682433	-13.024	0.163	-1.584	2.487	-1.768	-3.611	127.738243	37.884445
1596707682459	1596707682453	-12.845	-0.953	-3.366	2.694	-2.083	-3.415	127.738243	37.884445
1596707682474	1596707682470	-12.497	0.549	-2.942	3.796	-1.851	-2.756	127.738243	37.884445
1596707682492	1596707682490	-11.130	0.781	-2.880	4.481	-2.107	-1.831	127.738243	37.884445
1596707682511	1596707682509	-9.311	-1.787	-3.491	4.986	-2.159	-1.589	127.738243	37.884445
1596707682533	1596707682531	-9.450	0.518	-2.628	5.124	-1.977	-1.485	127.738243	37.884445
1596707682551	1596707682550	-9.853	2.465	-4.078	3.789	-2.345	-0.942	127.738243	37.884445
1596707682572	1596707682570	-9.414	0.992	-3.462	2.485	-1.501	-0.471	127.738243	37.884445
1596707682590	1596707682590	-9.117	-0.620	-1.850	1.909	-0.915	-0.514	127.738243	37.884445
1596707682613	1596707682610	-9.022	2.164	-1.294	1.026	-0.896	-0.383	127.738243	37.884445
1596707682629	1596707682629	-10.392	3.354	-1.224	-1.621	-0.306	-0.158	127.738243	37.884445
1596707682652	1596707682652	-10.775	2.317	-1.148	-4.211	0.516	-0.164	127.738243	37.884445
1596707682669	1596707682669	-10.260	1.617	-0.709	-5.553	0.948	0.002	127.738243	37.884445
1596707682690	1596707682688	-9.175	1.129	-0.041	-6.035	1.186	0.279	127.738243	37.884445
1596707682709	1596707682709	-9.101	0.020	1.020	-5.986	1.460	0.622	127.738243	37.884445
1596707682728	1596707682727	-10.224	-1.243	1.717	-5.331	1.666	1.112	127.738243	37.884445
1596707682749	1596707682745	-11.453	-1.348	1.842	-4.048	1.703	1.619	127.738243	37.884445
1596707682767	1596707682765	-12.890	-1.305	1.013	-2.769	1.906	2.143	127.738243	37.884445
1596707682787	1596707682787	-15.061	-1.705	0.891	-1.307	2.302	2.749	127.738243	37.884445
1596707682806	1596707682806	-16.802	-0.553	1.384	-0.364	2.256	2.916	127.738243	37.884445
1596707682827	1596707682826	-16.572	0.149	1.554	-0.354	1.369	2.753	127.738243	37.884445
1596707682847	1596707682846	-14.423	-0.531	1.334	-0.727	0.482	2.646	127.738243	37.884445
1596707682865	1596707682866	-11.834	-0.131	1.324	-1.057	-0.011	2.358	127.738243	37.884445
1596707682886	1596707682886	-9.707	1.119	1.348	-1.649	0.012	2.077	127.738243	37.884445
1596707682908	1596707682909	-8.964	0.951	1.935	-2.580	0.436	2.081	127.738243	37.884445
1596707682924	1596707682923	-9.537	-0.347	1.849	-3.387	0.762	2.063	127.738243	37.884445
1596707682944	1596707682942	-10.253	-2.167	1.674	-3.442	0.690	2.045	127.738243	37.884445
1596707682971	1596707682968	-10.212	-1.772	1.375	-3.134	0.481	2.033	127.738228	37.884438
1596707682990	1596707682981	-10.519	-1.327	0.836	-2.929	0.342	2.181	127.738228	37.884438
1596707683003	1596707683001	-11.201	-1.626	0.424	-2.957	0.146	2.345	127.738228	37.884438
1596707683023	1596707683021	-11.290	-1.779	0.004	-3.100	-0.075	2.392	127.738228	37.884438
1596707683043	1596707683040	-10.756	-1.928	-0.103	-3.005	-0.276	2.449	127.738228	37.884438
1596707683061	1596707683060	-10.454	-2.182	-0.264	-2.850	-0.261	2.612	127.738228	37.884438
1596707683084	1596707683084	-11.309	-3.118	-0.424	-2.615	-0.078	2.598	127.738228	37.884438
1596707683102	1596707683100	-12.332	-3.145	-0.204	-2.233	0.175	2.547	127.738228	37.884438
1596707683123	1596707683122	-12.814	-2.965	0.062	-1.754	0.212	2.452	127.738228	37.884438
1596707683142	1596707683139	-11.990	-3.492	-0.000	-1.300	-0.132	2.189	127.738228	37.884438
1596707683164	1596707683164	-11.213	-3.372	-0.360	-0.957	-0.136	1.713	127.738228	37.884438
1596707683183	1596707683183	-12.598	-3.195	-0.055	-0.437	0.406	1.165	127.738228	37.884438
1596707683204	1596707683204	-13.710	-2.960	0.943	0.239	0.652	0.655	127.738228	37.884438
1596707683221	1596707683221	-12.212	-2.936	1.236	1.024	0.083	0.500	127.738228	37.884438
1596707683241	1596707683241	-10.773	-3.336	0.563	1.707	-0.272	0.256	127.738228	37.884438
1596707683261	1596707683260	-11.230	-3.308	-0.046	2.421	-0.059	-0.198	127.738228	37.884438
1596707683285	1596707683281	-12.289	-3.758	-0.357	3.085	0.030	-0.669	127.738228	37.884438
1596707683301	1596707683299	-12.397	-3.169	-0.846	3.467	-0.283	-0.869	127.738228	37.884438
1596707683319	1596707683317	-12.493	-1.902	-1.030	3.612	-0.597	-1.233	127.738228	37.884438
1596707683339	1596707683337	-12.699	-1.454	-0.901	3.683	-0.874	-1.629	127.738228	37.884438
1596707683358	1596707683356	-12.505	-0.783	-0.736	3.506	-1.132	-2.051	127.738228	37.884438
1596707683378	1596707683377	-12.260	0.132	-0.736	3.018	-1.479	-2.591	127.738228	37.884438
1596707683397	1596707683396	-12.244	0.916	-0.901	2.341	-1.875	-3.172	127.738228	37.884438
1596707683417	1596707683416	-11.769	2.628	-1.052	1.582	-2.035	-3.702	127.738228	37.884438
1596707683437	1596707683436	-10.631	-0.828	-0.242	0.501	-1.949	-4.297	127.738228	37.884438
1596707683457	1596707683455	-13.310	-2.697	-0.300	0.839	-1.407	-4.341	127.738228	37.884438
1596707683478	1596707683477	-14.332	1.428	-0.125	1.523	-0.934	-4.959	127.738228	37.884438
1596707683496	1596707683493	-13.381	1.785	0.189	1.416	-0.987	-4.783	127.738228	37.884438
1596707683514	1596707683513	-13.906	-1.715	-0.467	1.098	-1.091	-4.506	127.738228	37.884438
1596707683541	1596707683536	-12.794	-0.991	-0.551	1.753	-1.004	-4.331	127.738228	37.884438
1596707683553	1596707683552	-12.184	0.204	-0.863	2.608	-1.142	-3.781	127.738228	37.884438
1596707683582	1596707683576	-11.197	0.317	-0.992	2.797	-1.307	-3.267	127.738228	37.884438
1596707683594	1596707683592	-10.552	0.257	-1.392	3.035	-1.114	-2.662	127.738228	37.884438
1596707683615	1596707683613	-10.382	0.480	-1.740	3.070	-1.306	-1.668	127.738228	37.884438
1596707683633	1596707683633	-9.637	0.367	-2.530	3.162	-1.631	-1.111	127.738228	37.884438
1596707683654	1596707683652	-8.677	0.571	-2.382	3.113	-1.446	-0.637	127.738228	37.884438
1596707683676	1596707683675	-7.206	2.671	-0.954	2.571	-1.391	-0.599	127.738228	37.884438
1596707683693	1596707683689	-6.724	3.670	-1.584	0.531	-1.229	-0.197	127.738228	37.884438
1596707683711	1596707683709	-7.802	2.365	-1.395	-1.534	-0.130	0.505	127.738228	37.884438
1596707683731	1596707683729	-10.066	1.603	-0.753	-2.856	0.569	0.744	127.738228	37.884438
1596707683750	1596707683748	-11.288	0.750	-0.182	-3.737	0.889	1.107	127.738228	37.884438
1596707683771	1596707683770	-11.990	-0.431	0.378	-3.928	1.178	1.616	127.738228	37.884438
1596707683791	1596707683789	-11.942	-0.620	1.633	-3.821	1.304	2.126	127.738228	37.884438
1596707683809	1596707683809	-11.247	-1.523	2.354	-3.431	1.044	2.679	127.738228	37.884438
1596707683829	1596707683829	-11.077	-1.906	2.112	-2.802	0.968	2.972	127.738228	37.884438
1596707683849	1596707683849	-12.485	-1.581	1.490	-1.970	1.519	3.135	127.738228	37.884438
1596707683874	1596707683870	-15.358	-1.466	0.999	-1.148	1.927	3.174	127.738228	37.884438
1596707683889	1596707683886	-17.003	-0.424	0.306	-0.767	1.426	3.002	127.738228	37.884438
1596707683909	1596707683905	-16.129	-0.201	0.342	-0.709	0.647	2.742	127.738228	37.884438
1596707683927	1596707683925	-14.021	-0.491	-0.240	-0.971	0.116	2.255	127.738228	37.884438
1596707683948	1596707683945	-12.162	-0.203	0.028	-1.170	-0.040	1.666	127.738228	37.884438
1596707683970	1596707683970	-10.797	0.163	0.354	-1.495	-0.225	1.465	127.738213	37.884438
1596707683996	1596707683990	-9.711	-1.482	0.534	-1.823	-0.202	1.449	127.738213	37.884438
1596707684006	1596707684004	-8.880	-1.245	1.046	-1.715	-0.088	1.318	127.738213	37.884438
1596707684026	1596707684024	-8.461	-1.149	1.355	-1.706	-0.040	1.440	127.738213	37.884438
1596707684046	1596707684044	-8.437	-1.839	1.104	-1.896	0.055	1.471	127.738213	37.884438
1596707684066	1596707684063	-8.947	-2.029	0.919	-1.906	0.214	1.515	127.738213	37.884438
1596707684086	1596707684084	-9.333	-1.765	0.814	-1.836	0.253	1.665	127.738213	37.884438
1596707684107	1596707684103	-9.199	-1.700	0.634	-1.797	0.150	1.823	127.738213	37.884438
1596707684128	1596707684122	-8.964	-1.688	0.311	-1.724	0.124	1.929	127.738213	37.884438
1596707684144	1596707684142	-9.081	-1.827	0.196	-1.599	0.213	2.056	127.738213	37.884438
1596707684164	1596707684162	-9.515	-2.120	0.294	-1.459	0.337	2.203	127.738213	37.884438
1596707684184	1596707684181	-10.425	-2.402	0.663	-1.197	0.498	2.287	127.738213	37.884438
1596707684204	1596707684203	-11.518	-2.575	0.785	-0.870	0.689	2.433	127.738213	37.884438
1596707684222	1596707684222	-12.191	-2.738	1.003	-0.518	0.783	2.424	127.738213	37.884438
1596707684243	1596707684242	-12.323	-2.575	0.421	-0.286	0.582	2.213	127.738213	37.884438
1596707684262	1596707684261	-13.499	-2.685	-0.410	-0.234	0.736	1.940	127.738213	37.884438
1596707684282	1596707684281	-15.516	-2.683	0.301	-0.153	1.179	1.433	127.738213	37.884438
1596707684302	1596707684300	-14.891	-2.824	0.905	-0.036	0.551	0.899	127.738213	37.884438
1596707684322	1596707684321	-12.804	-3.051	-0.331	0.396	-0.126	0.355	127.738213	37.884438
1596707684342	1596707684340	-12.967	-1.684	-0.039	0.774	0.163	-0.417	127.738213	37.884438
1596707684362	1596707684359	-12.208	-1.137	-0.415	0.773	-0.063	-1.110	127.738213	37.884438
1596707684381	1596707684379	-11.774	-2.079	-0.032	0.851	-0.346	-1.639	127.738213	37.884438
1596707684401	1596707684401	-10.742	-1.370	-0.515	0.959	-0.564	-2.206	127.738213	37.884438
1596707684420	1596707684420	-11.063	-1.894	-0.331	1.163	-0.433	-2.488	127.738213	37.884438
1596707684441	1596707684440	-11.769	-1.494	-0.077	1.506	-0.431	-2.853	127.738213	37.884438
1596707684460	1596707684460	-11.951	-1.650	0.153	1.988	-0.567	-2.965	127.738213	37.884438
1596707684481	1596707684480	-11.908	-1.801	0.390	2.415	-0.651	-3.071	127.738213	37.884438
1596707684504	1596707684503	-11.915	-1.456	0.680	2.845	-0.595	-3.139	127.738213	37.884438
1596707684521	1596707684520	-11.381	-0.907	0.443	3.293	-0.733	-3.067	127.738213	37.884438
1596707684541	1596707684539	-10.883	-0.757	-0.135	3.694	-0.949	-2.899	127.738213	37.884438
1596707684558	1596707684556	-11.166	-0.361	-0.671	4.204	-0.895	-2.814	127.738213	37.884438
1596707684580	1596707684576	-11.379	1.234	-1.026	4.459	-0.815	-2.689	127.738213	37.884438
1596707684597	1596707684596	-11.364	1.811	-0.585	3.627	-1.133	-2.480	127.738213	37.884438
1596707684621	1596707684619	-11.412	-0.055	-0.841	2.511	-1.247	-2.212	127.738213	37.884438
1596707684637	1596707684636	-11.726	-0.677	-0.741	2.180	-1.005	-1.817	127.738213	37.884438
1596707684661	1596707684659	-11.367	0.499	-1.198	2.100	-1.191	-1.685	127.738213	37.884438
1596707684674	1596707684675	-10.452	1.270	-1.639	1.778	-1.185	-1.406	127.738213	37.884438
1596707684699	1596707684698	-9.074	-0.328	-1.505	1.541	-1.182	-1.249	127.738213	37.884438
1596707684714	1596707684712	-8.183	-1.597	-3.347	2.489	-1.229	-1.321	127.738213	37.884438
1596707684734	1596707684732	-7.824	0.834	-2.290	3.300	-0.686	-0.764	127.738213	37.884438
1596707684753	1596707684752	-7.735	1.426	-1.998	2.992	-0.942	-0.217	127.738213	37.884438
1596707684773	1596707684771	-7.488	0.659	-1.519	1.888	-0.571	-0.007	127.738213	37.884438
1596707684793	1596707684793	-8.154	0.913	-0.736	0.572	0.001	0.414	127.738213	37.884438
1596707684813	1596707684812	-8.550	0.496	-0.218	-0.417	0.119	0.633	127.738213	37.884438
1596707684833	1596707684832	-9.903	0.389	-0.762	-1.441	0.392	0.635	127.738213	37.884438
1596707684852	1596707684852	-11.642	0.154	-0.911	-2.377	0.941	0.748	127.738213	37.884438
1596707684872	1596707684872	-12.253	-0.165	-0.451	-3.019	1.187	1.010	127.738213	37.884438
1596707684892	1596707684890	-12.445	-0.893	-0.714	-3.191	0.660	1.104	127.738213	37.884438
1596707684911	1596707684909	-12.303	-0.905	-0.290	-3.090	0.624	1.159	127.738213	37.884438
1596707684931	1596707684928	-11.767	-0.495	0.004	-3.090	0.694	1.327	127.738213	37.884438
1596707684950	1596707684948	-11.446	-0.735	0.333	-3.139	0.863	1.363	127.738197	37.884434
1596707684971	1596707684969	-12.064	-1.801	1.449	-2.949	1.022	1.336	127.738197	37.884434
1596707684992	1596707684991	-12.929	-1.595	1.542	-2.613	0.985	1.101	127.738197	37.884434
1596707685012	1596707685008	-13.010	-1.068	1.375	-2.179	1.044	1.014	127.738197	37.884434
1596707685030	1596707685027	-13.341	-1.609	1.957	-1.701	1.064	0.942	127.738197	37.884434
1596707685049	1596707685046	-12.600	-1.542	2.433	-1.258	0.572	0.695	127.738197	37.884434
1596707685069	1596707685067	-10.310	-1.027	2.239	-0.801	-0.061	0.728	127.738197	37.884434
1596707685091	1596707685088	-8.298	-0.783	2.266	-0.644	-0.202	0.790	127.738197	37.884434
1596707685109	1596707685106	-7.371	0.046	2.163	-0.835	-0.014	0.671	127.738197	37.884434
1596707685130	1596707685130	-7.570	-0.390	2.141	-1.156	0.223	0.738	127.738197	37.884434
1596707685148	1596707685146	-8.174	-0.711	1.458	-1.310	0.099	0.699	127.738197	37.884434
1596707685167	1596707685165	-8.305	-0.206	1.269	-1.325	0.120	0.996	127.738197	37.884434
1596707685187	1596707685184	-8.878	-0.505	0.970	-1.703	0.202	1.246	127.738197	37.884434
1596707685206	1596707685205	-9.855	-1.367	0.843	-2.073	0.221	1.422	127.738197	37.884434
1596707685226	1596707685226	-10.253	-2.421	1.111	-1.878	0.138	1.683	127.738197	37.884434
1596707685246	1596707685245	-10.203	-2.639	1.173	-1.521	-0.022	1.973	127.738197	37.884434
1596707685265	1596707685265	-10.210	-2.263	1.001	-1.311	-0.057	1.989	127.738197	37.884434
1596707685285	1596707685285	-10.718	-2.088	0.366	-1.388	0.083	2.084	127.738197	37.884434
1596707685304	1596707685304	-11.189	-2.273	0.570	-1.188	0.278	2.176	127.738197	37.884434
1596707685326	1596707685322	-11.779	-3.135	0.486	-1.174	0.230	2.087	127.738197	37.884434
1596707685344	1596707685344	-11.494	-2.649	0.335	-0.860	0.131	1.852	127.738197	37.884434
1596707685363	1596707685362	-12.347	-2.311	-0.178	-0.397	0.260	1.740	127.738197	37.884434
1596707685384	1596707685381	-14.282	-3.751	0.313	-0.018	0.700	1.179	127.738197	37.884434
1596707685403	1596707685401	-14.153	-2.426	0.805	0.624	0.441	0.751	127.738197	37.884434
1596707685422	1596707685422	-13.101	-2.299	-0.115	1.129	-0.225	0.494	127.738197	37.884434
1596707685442	1596707685442	-13.741	-2.836	-0.712	1.317	-0.009	-0.033	127.738197	37.884434
1596707685462	1596707685462	-14.668	-2.294	-0.343	1.707	0.122	-0.432	127.738197	37.884434
1596707685482	1596707685482	-13.683	-1.770	-0.575	1.992	-0.414	-0.784	127.738197	37.884434
1596707685502	1596707685499	-12.404	-1.988	-0.805	2.175	-0.688	-1.218	127.738197	37.884434
1596707685522	1596707685521	-11.999	-1.329	-0.307	2.258	-0.771	-1.672	127.738197	37.884434
1596707685544	1596707685541	-10.962	-0.495	-0.089	2.204	-1.053	-2.215	127.738197	37.884434
1596707685561	1596707685559	-9.779	0.135	-0.015	1.991	-1.220	-2.591	127.738197	37.884434
1596707685582	1596707685581	-9.242	-0.637	0.167	1.679	-1.184	-2.959	127.738197	37.884434
1596707685601	1596707685599	-9.069	-1.411	0.122	1.420	-1.103	-3.121	127.738197	37.884434
1596707685623	1596707685623	-9.522	0.209	0.484	1.420	-0.771	-3.377	127.738197	37.884434
1596707685641	1596707685641	-9.218	-1.775	0.541	1.690	-0.778	-3.342	127.738197	37.884434
1596707685663	1596707685661	-10.032	-0.333	0.091	1.973	-0.637	-3.383	127.738197	37.884434
1596707685681	1596707685680	-10.921	0.036	-0.024	1.932	-0.527	-3.334	127.738197	37.884434
1596707685706	1596707685703	-10.651	-0.943	-0.621	2.093	-0.557	-2.916	127.738197	37.884434
1596707685726	1596707685721	-10.861	-0.095	-0.276	2.392	-0.441	-2.485	127.738197	37.884434
1596707685740	1596707685735	-10.454	-0.184	-0.472	2.557	-0.741	-2.229	127.738197	37.884434
1596707685758	1596707685755	-9.182	-0.436	-0.820	2.567	-0.837	-1.851	127.738197	37.884434
1596707685777	1596707685774	-8.981	-0.349	-1.004	2.846	-0.936	-1.553	127.738197	37.884434
1596707685797	1596707685794	-8.760	0.499	-1.581	3.048	-1.128	-1.176	127.738197	37.884434
1596707685817	1596707685815	-8.023	1.718	-0.923	2.773	-0.905	-0.715	127.738197	37.884434
1596707685837	1596707685835	-8.655	0.796	-0.913	1.826	-0.672	-0.043	127.738197	37.884434
1596707685855	1596707685855	-8.559	0.544	-0.487	0.914	-0.502	0.153	127.738197	37.884434
1596707685875	1596707685875	-8.739	1.277	-0.812	-0.069	-0.371	0.294	127.738197	37.884434
1596707685894	1596707685894	-9.853	1.153	-0.820	-1.514	0.088	0.456	127.738197	37.884434
1596707685914	1596707685913	-11.348	0.635	-0.527	-2.828	0.645	0.731	127.738197	37.884434
1596707685945	1596707685934	-12.423	0.398	-0.774	-3.893	0.725	1.011	127.738197	37.884434
1596707685953	1596707685952	-12.574	-0.438	-0.216	-4.264	0.857	1.353	127.738197	37.884434
1596707685973	1596707685971	-12.138	-1.454	0.402	-4.276	0.699	1.745	127.738190	37.884426
1596707685994	1596707685991	-11.491	-1.667	0.359	-4.072	0.567	2.017	127.738190	37.884426
1596707686014	1596707686012	-11.930	-2.371	1.375	-3.502	1.123	2.336	127.738190	37.884426
1596707686034	1596707686033	-13.710	-3.212	1.875	-2.505	1.413	2.470	127.738190	37.884426
1596707686052	1596707686050	-15.235	-3.090	1.794	-1.425	1.402	2.287	127.738190	37.884426
1596707686074	1596707686070	-15.212	-2.783	1.732	-0.121	0.871	1.965	127.738190	37.884426
1596707686095	1596707686090	-12.912	-1.502	1.789	0.838	0.107	1.506	127.738190	37.884426
1596707686112	1596707686111	-10.639	0.099	1.717	1.050	-0.061	1.333	127.738190	37.884426
1596707686131	1596707686129	-9.149	-0.292	2.201	1.009	-0.010	1.002	127.738190	37.884426
1596707686154	1596707686153	-7.929	0.511	1.945	0.487	-0.060	0.648	127.738190	37.884426
1596707686170	1596707686168	-7.668	0.868	2.007	-0.077	0.068	0.657	127.738190	37.884426
1596707686191	1596707686189	-8.063	1.150	1.897	-1.080	0.109	0.710	127.738190	37.884426
1596707686209	1596707686207	-8.406	0.372	1.214	-2.167	0.041	0.830	127.738190	37.884426
1596707686230	1596707686229	-8.883	-0.661	0.922	-2.888	0.051	0.964	127.738190	37.884426
1596707686250	1596707686248	-9.211	-1.389	0.694	-3.277	0.017	1.093	127.738190	37.884426
1596707686268	1596707686268	-9.460	-2.014	0.505	-3.269	-0.066	1.321	127.738190	37.884426
1596707686288	1596707686288	-9.620	-2.445	0.819	-2.888	-0.074	1.577	127.738190	37.884426
1596707686308	1596707686307	-9.635	-2.848	1.159	-2.300	-0.198	1.842	127.738190	37.884426
1596707686327	1596707686327	-9.541	-3.200	1.078	-1.535	-0.269	2.058	127.738190	37.884426
1596707686348	1596707686345	-9.963	-2.889	0.807	-0.770	-0.035	2.226	127.738190	37.884426
1596707686367	1596707686365	-11.005	-2.608	1.058	-0.157	0.333	2.403	127.738190	37.884426
1596707686387	1596707686384	-11.762	-2.841	1.183	0.317	0.484	2.408	127.738190	37.884426
1596707686405	1596707686404	-12.639	-2.984	0.400	0.719	0.546	2.255	127.738190	37.884426
1596707686426	1596707686423	-15.104	-2.675	0.103	1.090	1.106	1.945	127.738190	37.884426
1596707686446	1596707686445	-17.001	-2.115	2.081	1.398	1.261	1.399	127.738190	37.884426
1596707686465	1596707686464	-13.786	-1.188	2.486	1.560	-0.162	0.687	127.738190	37.884426
1596707686484	1596707686484	-10.262	-0.745	1.746	1.637	-0.987	-0.071	127.738190	37.884426
1596707686504	1596707686504	-9.968	-0.100	1.600	1.531	-0.621	-0.954	127.738190	37.884426
1596707686524	1596707686524	-11.831	-0.606	0.606	1.457	-0.385	-1.550	127.738190	37.884426
1596707686545	1596707686543	-14.720	-0.946	-2.149	1.424	-0.393	-2.046	127.738190	37.884426
1596707686566	1596707686562	-16.397	2.343	-3.455	1.660	-0.545	-2.291	127.738190	37.884426
1596707686584	1596707686581	-14.524	6.634	-2.609	2.108	-1.469	-2.217	127.738190	37.884426
1596707686602	1596707686601	-9.726	5.548	-1.816	2.066	-2.368	-2.037	127.738190	37.884426
1596707686624	1596707686621	-6.087	2.585	-0.750	1.253	-1.800	-1.750	127.738190	37.884426
1596707686642	1596707686642	-5.831	0.513	-0.532	0.424	-0.611	-1.491	127.738190	37.884426
1596707686664	1596707686664	-7.405	0.039	-0.571	-0.054	0.092	-1.415	127.738190	37.884426
1596707686683	1596707686683	-8.322	1.780	-0.681	-0.103	0.219	-1.054	127.738190	37.884426
1596707686705	1596707686705	-8.257	2.638	-0.767	0.042	0.127	-0.609	127.738190	37.884426
1596707686722	1596707686721	-7.968	1.718	-1.246	-0.161	-0.009	-0.441	127.738190	37.884426
1596707686746	1596707686742	-7.620	1.019	-1.560	-0.282	-0.245	-0.409	127.738190	37.884426
1596707686763	1596707686759	-7.764	0.559	-1.157	-0.138	-0.297	-0.367	127.738190	37.884426
1596707686781	1596707686779	-8.375	0.786	-0.695	-0.038	-0.329	-0.390	127.738190	37.884426
1596707686801	1596707686799	-8.320	0.111	-0.451	0.093	-0.544	-0.456	127.738190	37.884426
1596707686821	1596707686818	-8.095	0.283	-0.192	0.214	-0.755	-0.384	127.738190	37.884426
1596707686841	1596707686839	-8.485	-0.158	-0.115	0.234	-0.498	-0.185	127.738190	37.884426
1596707686860	1596707686858	-9.664	-0.081	-0.396	0.053	-0.053	-0.244	127.738190	37.884426
1596707686879	1596707686879	-10.449	-0.146	-0.446	-0.051	-0.100	-0.314	127.738190	37.884426
1596707686900	1596707686899	-10.430	0.369	-0.678	-0.214	-0.278	-0.223	127.738190	37.884426
1596707686918	1596707686918	-10.627	0.015	-0.477	-0.381	-0.126	0.019	127.738190	37.884426
1596707686941	1596707686941	-11.137	0.022	-1.136	-0.671	-0.021	0.055	127.738190	37.884426
1596707686962	1596707686954	-12.617	-0.160	-1.457	-0.791	0.270	0.036	127.738182	37.884418
1596707686978	1596707686975	-14.059	0.652	-0.923	-0.906	0.501	0.178	127.738182	37.884418
1596707686997	1596707686994	-13.774	-0.222	-0.800	-1.163	0.213	0.257	127.738182	37.884418
1596707687017	1596707687013	-13.228	-0.943	-0.058	-1.090	0.225	0.296	127.738182	37.884418
1596707687042	1596707687036	-12.299	-0.951	0.996	-0.790	0.315	0.306	127.738182	37.884418
1596707687056	1596707687054	-10.504	-0.850	1.197	-0.495	0.111	0.379	127.738182	37.884418
1596707687081	1596707687079	-9.561	-0.927	1.437	-0.197	0.294	0.348	127.738182	37.884418
1596707687095	1596707687095	-10.100	-0.804	1.962	0.259	0.640	0.309	127.738182	37.884418
1596707687121	1596707687121	-11.340	-0.232	2.366	0.692	0.898	0.196	127.738182	37.884418
1596707687134	1596707687134	-12.430	0.336	2.448	0.924	0.965	0.053	127.738182	37.884418
1596707687157	1596707687157	-12.033	0.825	2.153	0.903	0.598	-0.163	127.738182	37.884418
1596707687178	1596707687176	-10.500	1.294	1.940	0.691	0.173	-0.294	127.738182	37.884418
1596707687194	1596707687191	-9.522	1.411	2.266	0.361	-0.039	-0.337	127.738182	37.884418
1596707687216	1596707687214	-8.715	1.316	2.465	0.054	-0.118	-0.359	127.738182	37.884418
1596707687233	1596707687231	-8.071	1.150	2.323	-0.158	-0.116	-0.324	127.738182	37.884418
1596707687253	1596707687253	-7.783	0.939	2.290	-0.388	-0.024	-0.282	127.738182	37.884418
1596707687273	1596707687273	-7.884	0.647	2.417	-0.607	0.009	-0.131	127.738182	37.884418
1596707687293	1596707687293	-8.140	0.082	2.529	-0.627	0.004	0.062	127.738182	37.884418
1596707687312	1596707687312	-8.195	-0.333	2.213	-0.515	-0.008	0.197	127.738182	37.884418
1596707687333	1596707687333	-8.186	-1.020	1.794	-0.201	-0.017	0.340	127.738182	37.884418
1596707687355	1596707687350	-8.298	-1.255	1.588	0.294	0.079	0.443	127.738182	37.884418
1596707687371	1596707687370	-8.416	-1.080	1.463	0.723	0.136	0.548	127.738182	37.884418
1596707687391	1596707687388	-8.566	-0.795	1.401	0.941	0.145	0.636	127.738182	37.884418
1596707687410	1596707687408	-8.921	-0.627	1.267	0.935	0.193	0.680	127.738182	37.884418
1596707687430	1596707687427	-9.335	-0.622	1.264	0.778	0.239	0.685	127.738182	37.884418
1596707687449	1596707687449	-9.644	-0.740	1.252	0.585	0.219	0.666	127.738182	37.884418
1596707687469	1596707687469	-9.997	-0.872	1.154	0.416	0.198	0.597	127.738182	37.884418
1596707687489	1596707687490	-10.270	-0.869	1.034	0.226	0.152	0.456	127.738182	37.884418
1596707687509	1596707687509	-10.097	-0.872	0.872	0.022	0.035	0.290	127.738182	37.884418
1596707687528	1596707687525	-10.109	-0.821	0.242	-0.171	-0.022	0.100	127.738182	37.884418
1596707687549	1596707687549	-11.343	-0.766	-0.697	-0.315	0.257	-0.042	127.738182	37.884418
1596707687567	1596707687567	-13.937	-0.692	0.251	-0.343	0.837	-0.074	127.738182	37.884418
1596707687590	1596707687586	-15.389	-0.491	0.558	-0.408	0.574	-0.161	127.738182	37.884418
1596707687607	1596707687605	-14.119	-0.860	-0.355	-0.545	-0.173	-0.219	127.738182	37.884418
1596707687626	1596707687624	-13.410	-0.927	-0.391	-0.586	-0.234	-0.246	127.738182	37.884418
1596707687646	1596707687644	-12.950	-0.790	-0.374	-0.598	-0.211	-0.205	127.738182	37.884418
1596707687667	1596707687667	-12.100	-0.728	-0.441	-0.627	-0.328	-0.326	127.738182	37.884418
1596707687686	1596707687686	-11.110	-0.416	-0.556	-0.624	-0.491	-0.457	127.738182	37.884418
1596707687707	1596707687707	-10.377	-0.524	-0.690	-0.578	-0.462	-0.590	127.738182	37.884418
1596707687725	1596707687725	-10.286	-0.503	-0.824	-0.442	-0.301	-0.701	127.738182	37.884418
1596707687746	1596707687744	-10.351	-0.459	-0.633	-0.140	-0.127	-0.701	127.738182	37.884418
1596707687767	1596707687767	-10.159	-0.155	-0.429	0.242	-0.090	-0.602	127.738182	37.884418
1596707687785	1596707687782	-9.553	-0.373	-0.671	0.696	-0.121	-0.451	127.738182	37.884418
1596707687804	1596707687801	-8.947	-0.836	-0.645	1.389	-0.111	-0.371	127.738182	37.884418
1596707687823	1596707687821	-8.485	0.103	-0.606	2.037	-0.064	-0.310	127.738182	37.884418
1596707687843	1596707687841	-8.547	0.882	-0.611	2.305	0.103	-0.151	127.738182	37.884418
1596707687862	1596707687861	-8.847	1.249	-0.525	2.274	0.152	-0.034	127.738182	37.884418
1596707687882	1596707687882	-8.916	1.838	-0.515	2.042	0.030	0.084	127.738182	37.884418
1596707687904	1596707687904	-8.746	1.919	-0.405	1.431	-0.037	0.126	127.738182	37.884418
1596707687923	1596707687923	-8.722	1.728	-0.333	0.401	-0.056	0.027	127.738182	37.884418
1596707687976	1596707687975	-8.648	1.179	-0.305	-0.493	-0.094	-0.058	127.738182	37.884418
1596707687976	1596707687976	-8.308	0.218	-0.233	-0.997	-0.164	-0.079	127.738182	37.884418
1596707687979	1596707687978	-8.114	-0.469	-0.362	-1.033	-0.269	-0.113	127.738182	37.884418
1596707688000	1596707687998	-8.128	-0.045	-0.233	-0.804	-0.173	-0.057	127.738182	37.884418
1596707688019	1596707688018	-8.432	-0.103	-0.259	-0.774	-0.100	0.011	127.738174	37.884411
1596707688043	1596707688040	-8.954	-0.028	-0.360	-0.801	-0.122	0.101	127.738174	37.884411
1596707688060	1596707688060	-9.252	0.111	-0.472	-0.807	-0.148	0.219	127.738174	37.884411
1596707688085	1596707688081	-9.484	0.072	-0.374	-0.933	-0.131	0.350	127.738174	37.884411
1596707688100	1596707688097	-9.208	-0.287	-0.266	-1.052	-0.170	0.473	127.738174	37.884411
1596707688123	1596707688119	-9.546	-0.745	-0.743	-1.049	-0.110	0.577	127.738174	37.884411
1596707688139	1596707688137	-11.297	-1.123	-0.626	-0.918	0.421	0.671	127.738174	37.884411
1596707688165	1596707688165	-13.264	-0.867	-1.189	-0.760	0.772	0.788	127.738174	37.884411
1596707688179	1596707688178	-15.384	-1.061	-2.173	-0.733	0.932	1.039	127.738174	37.884411
1596707688200	1596707688194	-17.569	-1.511	-0.975	-0.638	1.163	1.113	127.738174	37.884411
1596707688217	1596707688215	-16.654	-2.172	0.539	-0.528	0.452	1.030	127.738174	37.884411
1596707688238	1596707688234	-12.349	-2.716	1.106	-0.289	-0.471	0.736	127.738174	37.884411
1596707688255	1596707688255	-9.220	-2.623	1.612	0.303	-0.419	0.354	127.738174	37.884411
1596707688276	1596707688275	-8.669	-2.086	2.115	1.021	0.256	-0.054	127.738174	37.884411
1596707688302	1596707688302	-9.855	-1.734	1.722	1.683	0.698	-0.463	127.738174	37.884411
1596707688321	1596707688321	-10.749	-0.287	1.367	2.107	0.630	-0.772	127.738174	37.884411
1596707688341	1596707688342	-10.456	0.532	0.896	1.848	0.097	-1.029	127.738174	37.884411
1596707688357	1596707688357	-9.422	1.433	0.337	1.117	-0.503	-1.338	127.738174	37.884411
1596707688373	1596707688373	-8.106	2.518	0.091	0.320	-1.001	-1.602	127.738174	37.884411
1596707688399	1596707688394	-6.784	3.184	-0.024	-0.502	-1.234	-1.660	127.738174	37.884411
1596707688412	1596707688412	-6.123	2.647	-0.118	-1.132	-1.094	-1.426	127.738174	37.884411
1596707688432	1596707688432	-6.152	1.728	-0.170	-1.523	-0.795	-1.183	127.738174	37.884411
1596707688453	1596707688451	-6.578	0.640	0.040	-1.718	-0.500	-0.902	127.738174	37.884411
1596707688472	1596707688472	-7.323	-0.376	0.359	-1.848	-0.281	-0.641	127.738174	37.884411
1596707688499	1596707688499	-8.289	-1.319	0.495	-1.758	-0.151	-0.364	127.738174	37.884411
1596707688519	1596707688519	-9.311	-1.569	0.572	-1.476	0.014	-0.030	127.738174	37.884411
1596707688538	1596707688537	-10.296	-1.152	0.627	-1.120	0.277	0.396	127.738174	37.884411
1596707688562	1596707688562	-11.010	-1.154	0.805	-0.876	0.437	0.738	127.738174	37.884411
1596707688575	1596707688576	-11.240	-1.413	0.843	-0.766	0.386	0.843	127.738174	37.884411
1596707688590	1596707688590	-11.328	-1.619	0.634	-0.569	0.365	0.872	127.738174	37.884411
1596707688613	1596707688609	-11.288	-1.535	0.165	-0.209	0.371	0.912	127.738174	37.884411
1596707688631	1596707688629	-12.284	-1.949	-0.336	0.125	0.561	0.818	127.738174	37.884411
1596707688649	1596707688647	-14.059	-1.715	-0.127	0.408	1.028	0.762	127.738174	37.884411
1596707688670	1596707688668	-15.219	-1.317	0.318	0.842	1.033	0.840	127.738174	37.884411
1596707688687	1596707688685	-16.107	-1.559	-0.060	1.048	0.732	0.745	127.738174	37.884411
1596707688707	1596707688705	-15.904	-2.237	0.397	1.057	0.404	0.573	127.738174	37.884411
1596707688726	1596707688726	-13.647	-1.875	-0.043	1.241	-0.577	0.472	127.738174	37.884411
1596707688746	1596707688745	-11.331	-1.341	-0.755	1.347	-1.229	0.364	127.738174	37.884411
1596707688766	1596707688765	-10.229	-0.931	-0.757	1.073	-0.982	0.157	127.738174	37.884411
1596707688792	1596707688785	-10.332	-1.260	-0.369	1.191	-0.553	-0.095	127.738174	37.884411
1596707688807	1596707688804	-10.739	-1.238	-0.396	1.633	-0.431	-0.327	127.738174	37.884411
1596707688825	1596707688824	-11.003	-0.335	-0.475	2.143	-0.313	-0.452	127.738174	37.884411
1596707688846	1596707688845	-10.619	-0.158	-0.956	2.563	-0.432	-0.640	127.738174	37.884411
1596707688865	1596707688864	-9.319	0.321	-0.405	2.466	-0.582	-0.919	127.738174	37.884411
1596707688893	1596707688893	-7.850	0.597	-0.043	2.194	-0.762	-0.861	127.738174	37.884411
1596707688912	1596707688912	-6.621	-0.012	-0.743	2.180	-0.789	-0.654	127.738174	37.884411
1596707688930	1596707688930	-6.010	-0.186	-0.659	2.277	-0.339	-0.524	127.738174	37.884411
1596707688948	1596707688942	-6.518	0.202	-0.154	2.084	0.060	-0.385	127.738174	37.884411
1596707688972	1596707688972	-7.244	0.760	0.321	1.496	-0.011	-0.353	127.738167	37.884399
1596707688985	1596707688985	-7.424	0.997	0.517	0.349	-0.186	-0.419	127.738167	37.884399
1596707689002	1596707689002	-7.591	-0.174	0.366	-0.616	-0.179	-0.385	127.738167	37.884399
1596707689022	1596707689022	-7.807	-1.008	0.517	-1.030	-0.271	-0.298	127.738167	37.884399
1596707689044	1596707689042	-7.673	-1.106	0.179	-1.032	-0.453	-0.331	127.738167	37.884399
1596707689062	1596707689061	-7.929	-0.824	-0.111	-0.841	-0.467	-0.343	127.738167	37.884399
1596707689086	1596707689084	-8.931	-0.582	-0.094	-0.672	-0.349	-0.280	127.738167	37.884399
1596707689107	1596707689107	-10.152	-0.043	-0.250	-0.736	-0.281	-0.237	127.738167	37.884399
1596707689130	1596707689130	-11.527	1.069	-0.254	-1.009	-0.238	-0.101	127.738167	37.884399
1596707689151	1596707689151	-12.627	0.983	-0.664	-1.506	-0.371	0.058	127.738167	37.884399
1596707689170	1596707689170	-14.313	1.835	-2.779	-2.016	-0.257	0.072	127.738167	37.884399
1596707689189	1596707689187	-16.740	2.113	-3.689	-2.145	0.223	0.226	127.738167	37.884399
1596707689203	1596707689202	-17.262	1.150	-2.734	-1.958	-0.236	0.421	127.738167	37.884399
1596707689221	1596707689220	-14.419	0.065	-0.575	-1.754	-0.775	0.563	127.738167	37.884399
1596707689241	1596707689239	-10.857	-1.401	1.451	-1.254	-0.606	0.907	127.738167	37.884399
1596707689260	1596707689258	-8.576	-1.427	2.290	-0.479	-0.168	1.061	127.738167	37.884399
1596707689280	1596707689277	-8.241	0.283	1.933	0.166	0.570	1.219	127.738167	37.884399
1596707689299	1596707689299	-9.934	0.609	2.275	0.442	1.531	1.350	127.738167	37.884399
1596707689320	1596707689320	-12.303	0.154	2.203	0.278	1.849	1.084	127.738167	37.884399
1596707689338	1596707689338	-13.271	-0.002	1.502	0.201	1.496	0.839	127.738167	37.884399
1596707689358	1596707689357	-12.663	0.015	0.560	0.302	0.985	0.966	127.738167	37.884399
1596707689378	1596707689376	-10.835	0.326	0.198	0.314	0.341	1.012	127.738167	37.884399
1596707689400	1596707689400	-8.437	0.391	0.352	0.078	-0.244	0.853	127.738167	37.884399
1596707689416	1596707689414	-6.540	0.065	0.543	-0.338	-0.446	0.698	127.738167	37.884399
1596707689437	1596707689434	-5.888	-0.244	0.764	-0.611	-0.262	0.649	127.738167	37.884399
1596707689456	1596707689453	-6.372	-0.498	1.123	-0.847	0.034	0.540	127.738167	37.884399
1596707689475	1596707689473	-6.904	-0.824	1.140	-0.998	0.086	0.458	127.738167	37.884399
1596707689495	1596707689494	-7.383	-1.238	1.058	-0.943	0.078	0.459	127.738167	37.884399
1596707689515	1596707689515	-7.912	-1.549	1.046	-0.670	0.138	0.514	127.738167	37.884399
