1596707601025	1596707601022	-16.294	-1.183	-0.616	4.529	-1.854	-3.781	127.738449	37.885250
1596707601044	1596707601041	-16.448	-0.802	-0.582	2.441	-1.699	-3.537	127.738449	37.885250
1596707601064	1596707601061	-15.521	-0.536	-1.196	0.541	-1.922	-3.082	127.738449	37.885250
1596707601082	1596707601080	-14.744	-0.651	-1.469	-1.107	-1.904	-2.541	127.738449	37.885250
1596707601103	1596707601101	-14.083	-0.160	-2.449	-2.330	-2.054	-2.425	127.738449	37.885250
1596707601122	1596707601120	-13.518	0.072	-3.646	-3.074	-2.125	-2.270	127.738449	37.885250
1596707601144	1596707601141	-12.921	-0.148	-4.262	-3.385	-2.221	-2.353	127.738449	37.885250
1596707601162	1596707601160	-11.712	0.135	-4.382	-3.491	-2.363	-2.800	127.738449	37.885250
1596707601182	1596707601180	-9.963	0.144	-4.061	-3.573	-2.151	-3.208	127.738449	37.885250
1596707601207	1596707601204	-8.471	-0.124	-3.368	-3.448	-1.773	-3.463	127.738449	37.885250
1596707601221	1596707601219	-7.426	-1.082	-2.638	-3.010	-1.311	-3.386	127.738449	37.885250
1596707601242	1596707601240	-7.275	-0.922	-0.959	-3.029	-0.398	-3.179	127.738449	37.885250
1596707601261	1596707601259	-7.496	-0.448	0.824	-2.536	0.451	-2.787	127.738449	37.885250
1596707601280	1596707601279	-6.238	2.276	1.818	-1.171	0.738	-2.308	127.738449	37.885250
1596707601302	1596707601301	-4.693	3.891	0.826	0.428	0.571	-1.115	127.738449	37.885250
1596707601320	1596707601318	-4.346	3.455	-0.008	0.943	1.120	0.309	127.738449	37.885250
1596707601340	1596707601338	-5.668	0.470	1.329	1.476	2.148	1.706	127.738449	37.885250
1596707601360	1596707601357	-8.840	-3.372	2.096	2.312	2.587	3.179	127.738449	37.885250
1596707601378	1596707601377	-11.460	-4.302	1.861	3.466	2.574	3.867	127.738449	37.885250
1596707601398	1596707601396	-12.811	-1.636	1.379	4.843	2.362	4.243	127.738449	37.885250
1596707601420	1596707601415	-14.023	1.414	0.699	5.569	2.345	5.224	127.738449	37.885250
1596707601437	1596707601434	-15.386	3.254	0.390	4.768	2.360	5.784	127.738449	37.885250
1596707601458	1596707601454	-16.524	2.259	0.824	3.644	2.435	6.253	127.738449	37.885250
1596707601488	1596707601477	-16.960	2.240	0.982	2.679	2.361	6.224	127.738449	37.885250
1596707601504	1596707601497	-17.164	2.226	1.492	1.316	2.345	5.994	127.738449	37.885250
1596707601515	1596707601513	-16.510	2.077	2.302	-0.368	2.246	5.609	127.738449	37.885250
1596707601535	1596707601533	-16.210	1.409	2.953	-1.874	2.580	5.239	127.738449	37.885250
1596707601555	1596707601553	-17.049	0.369	2.474	-2.733	2.989	4.531	127.738449	37.885250
1596707601574	1596707601572	-19.265	-0.208	2.220	-2.564	2.629	4.020	127.738449	37.885250
1596707601595	1596707601592	-20.458	-0.021	1.768	-3.303	2.662	3.705	127.738449	37.885250
1596707601615	1596707601613	-19.938	-1.827	2.668	-3.267	2.405	3.588	127.738449	37.885250
1596707601633	1596707601631	-17.971	-0.627	2.199	-2.861	1.559	3.796	127.738449	37.885250
1596707601658	1596707601654	-16.737	-0.903	1.372	-3.136	1.541	4.011	127.738449	37.885250
1596707601672	1596707601671	-16.524	-1.755	1.030	-3.471	1.313	3.963	127.738449	37.885250
1596707601697	1596707601691	-15.810	-2.721	1.008	-3.669	0.837	3.967	127.738449	37.885250
1596707601712	1596707601710	-14.416	-3.837	0.201	-3.895	0.221	3.838	127.738449	37.885250
1596707601732	1596707601731	-13.096	-6.436	-0.537	-3.539	-0.191	3.640	127.738449	37.885250
1596707601752	1596707601749	-11.539	-10.566	-1.296	-2.300	-0.646	3.299	127.738449	37.885250
1596707601770	1596707601769	-9.941	-13.474	-2.034	-0.195	-1.056	2.634	127.738449	37.885250
1596707601790	1596707601789	-9.762	-9.903	-0.273	1.763	-0.510	1.570	127.738449	37.885250
1596707601812	1596707601810	-11.635	-3.411	1.324	2.682	0.048	0.522	127.738449	37.885250
1596707601831	1596707601830	-13.032	-0.565	1.585	2.845	-0.002	-0.481	127.738449	37.885250
1596707601852	1596707601850	-12.045	-0.280	1.114	2.356	-0.591	-1.376	127.738449	37.885250
1596707601870	1596707601870	-10.974	-0.455	0.426	1.349	-1.005	-2.316	127.738449	37.885250
1596707601890	1596707601890	-11.534	-1.013	0.115	0.583	-0.871	-3.274	127.738449	37.885250
1596707601910	1596707601908	-12.981	-1.858	-0.101	0.332	-0.826	-3.836	127.738449	37.885250
1596707601930	1596707601927	-14.644	-3.360	-0.341	0.485	-0.759	-4.086	127.738449	37.885250
1596707601952	1596707601952	-16.608	-3.899	-0.173	0.827	-0.630	-4.395	127.738434	37.885242
1596707601969	1596707601966	-18.534	-3.511	0.069	1.345	-0.831	-4.736	127.738434	37.885242
1596707601991	1596707601991	-18.647	-2.623	-0.501	2.364	-1.420	-4.794	127.738434	37.885242
1596707602009	1596707602006	-18.417	-1.926	-0.963	4.229	-1.686	-4.825	127.738434	37.885242
1596707602032	1596707602028	-19.006	2.348	-0.400	4.736	-2.030	-4.950	127.738434	37.885242
1596707602048	1596707602045	-18.704	2.410	-0.681	3.531	-1.838	-5.226	127.738434	37.885242
1596707602069	1596707602066	-18.898	0.674	-0.793	3.392	-1.993	-5.136	127.738434	37.885242
1596707602090	1596707602090	-18.381	1.713	-1.282	3.107	-2.227	-5.279	127.738434	37.885242
1596707602108	1596707602108	-17.310	1.938	-1.536	2.545	-2.304	-5.269	127.738434	37.885242
1596707602129	1596707602124	-16.196	1.086	-1.143	1.934	-2.305	-4.900	127.738434	37.885242
1596707602147	1596707602143	-14.926	0.729	-1.050	1.165	-2.406	-4.643	127.738434	37.885242
1596707602165	1596707602163	-13.583	0.194	-0.729	0.562	-2.364	-4.242	127.738434	37.885242
1596707602185	1596707602183	-12.229	0.731	-0.748	0.065	-2.341	-3.983	127.738434	37.885242
1596707602208	1596707602206	-11.197	1.215	-0.384	-0.113	-2.191	-3.624	127.738434	37.885242
1596707602224	1596707602223	-10.162	2.295	0.091	-0.372	-2.057	-3.459	127.738434	37.885242
1596707602245	1596707602244	-8.739	2.930	-0.690	-0.790	-2.140	-3.144	127.738434	37.885242
1596707602263	1596707602263	-6.729	3.124	-0.400	-1.386	-1.853	-2.737	127.738434	37.885242
1596707602283	1596707602283	-5.153	3.052	-0.760	-1.765	-1.936	-2.153	127.738434	37.885242
1596707602303	1596707602303	-3.902	2.583	-1.023	-2.321	-1.722	-1.440	127.738434	37.885242
1596707602324	1596707602324	-3.962	1.816	-1.354	-2.695	-0.858	-0.794	127.738434	37.885242
1596707602344	1596707602341	-5.639	1.538	-1.081	-2.709	0.034	-0.084	127.738434	37.885242
1596707602362	1596707602360	-7.524	1.122	-0.951	-2.536	0.575	0.579	127.738434	37.885242
1596707602383	1596707602381	-8.789	0.456	-0.693	-2.125	0.586	1.419	127.738434	37.885242
1596707602403	1596707602401	-9.747	-0.946	-0.484	-1.495	0.712	2.530	127.738434	37.885242
1596707602422	1596707602422	-10.890	-2.009	0.649	-0.791	1.292	3.441	127.738434	37.885242
1596707602442	1596707602441	-12.011	-1.988	0.831	-0.061	1.135	4.051	127.738434	37.885242
1596707602462	1596707602461	-12.886	-1.252	0.457	0.759	1.228	4.744	127.738434	37.885242
1596707602481	1596707602481	-14.433	-0.663	0.704	1.643	1.771	5.275	127.738434	37.885242
1596707602501	1596707602501	-16.963	-0.639	0.977	2.231	2.266	5.752	127.738434	37.885242
1596707602525	1596707602521	-19.133	-0.654	-0.125	2.377	2.620	6.117	127.738434	37.885242
1596707602543	1596707602538	-19.653	-1.394	-0.810	2.453	2.373	6.207	127.738434	37.885242
1596707602561	1596707602559	-18.196	-1.226	-0.781	2.107	2.082	6.008	127.738434	37.885242
1596707602579	1596707602577	-16.479	0.080	1.173	0.918	2.137	5.491	127.738434	37.885242
1596707602600	1596707602596	-14.713	-0.694	1.717	-0.118	1.770	5.018	127.738434	37.885242
1596707602620	1596707602616	-13.654	-0.665	2.687	-1.433	2.225	4.514	127.738434	37.885242
1596707602639	1596707602636	-13.283	-0.517	1.914	-2.727	2.548	3.809	127.738434	37.885242
1596707602658	1596707602657	-13.211	-1.164	0.270	-2.725	1.730	3.604	127.738434	37.885242
1596707602678	1596707602676	-12.943	-0.299	-0.276	-3.130	1.981	2.970	127.738434	37.885242
1596707602698	1596707602696	-13.319	-0.699	-0.357	-3.367	1.950	2.488	127.738434	37.885242
1596707602719	1596707602719	-13.151	-0.996	-0.463	-3.393	1.389	1.960	127.738434	37.885242
1596707602736	1596707602734	-12.888	-1.113	-0.410	-3.463	1.039	1.367	127.738434	37.885242
1596707602755	1596707602754	-12.792	-1.487	-0.111	-3.559	0.913	1.081	127.738434	37.885242
1596707602775	1596707602773	-13.065	-1.990	0.395	-3.844	0.837	0.999	127.738434	37.885242
1596707602795	1596707602792	-13.496	-3.102	0.649	-4.156	0.832	1.007	127.738434	37.885242
1596707602814	1596707602814	-13.829	-4.292	0.759	-4.144	0.719	1.085	127.738434	37.885242
1596707602834	1596707602834	-13.108	-5.128	0.287	-3.803	0.211	1.154	127.738434	37.885242
1596707602854	1596707602854	-12.411	-6.034	-0.674	-3.149	-0.081	1.071	127.738434	37.885242
1596707602873	1596707602873	-12.830	-6.015	-0.211	-2.049	0.117	0.771	127.738434	37.885242
1596707602893	1596707602893	-12.699	-5.277	0.409	-0.748	-0.001	0.405	127.738434	37.885242
1596707602919	1596707602912	-11.834	-4.716	0.479	0.455	-0.227	-0.049	127.738434	37.885242
1596707602932	1596707602931	-10.761	-3.983	0.555	1.531	-0.343	-0.583	127.738434	37.885242
1596707602952	1596707602952	-10.449	-3.159	-0.096	2.416	-0.412	-1.171	127.738434	37.885242
1596707602971	1596707602969	-11.889	-2.474	-0.547	2.978	-0.301	-1.853	127.738426	37.885235
1596707602992	1596707602992	-13.772	-2.323	-0.923	3.372	-0.392	-2.455	127.738426	37.885235
1596707603014	1596707603013	-15.020	-1.801	-1.387	3.721	-0.623	-2.948	127.738426	37.885235
1596707603034	1596707603032	-15.607	-1.228	-1.212	3.911	-0.854	-3.279	127.738426	37.885235
1596707603050	1596707603048	-15.106	-0.562	-0.781	3.875	-1.320	-3.578	127.738426	37.885235
1596707603072	1596707603069	-14.328	-0.395	-0.798	3.877	-1.795	-3.561	127.738426	37.885235
1596707603090	1596707603088	-13.992	0.082	-0.571	3.426	-1.785	-3.860	127.738426	37.885235
1596707603116	1596707603111	-13.918	0.784	-0.202	2.562	-1.564	-4.291	127.738426	37.885235
1596707603130	1596707603127	-13.904	0.410	0.071	1.940	-1.600	-4.240	127.738426	37.885235
1596707603153	1596707603150	-14.076	0.010	0.110	1.555	-1.664	-4.210	127.738426	37.885235
1596707603173	1596707603166	-14.050	0.525	-0.216	1.044	-1.512	-4.440	127.738426	37.885235
1596707603188	1596707603186	-14.342	0.005	-0.398	0.631	-1.419	-4.258	127.738426	37.885235
1596707603208	1596707603205	-14.045	-0.196	-0.887	0.353	-1.543	-4.218	127.738426	37.885235
1596707603228	1596707603225	-13.161	-0.110	-1.114	0.255	-1.490	-3.954	127.738426	37.885235
1596707603247	1596707603246	-12.703	-0.184	-0.808	0.231	-1.322	-3.724	127.738426	37.885235
1596707603266	1596707603266	-12.596	0.106	-0.709	0.223	-1.269	-3.524	127.738426	37.885235
1596707603286	1596707603286	-12.222	0.230	-0.489	0.244	-1.259	-3.347	127.738426	37.885235
1596707603306	1596707603306	-11.357	1.385	-0.724	0.040	-1.382	-3.498	127.738426	37.885235
1596707603326	1596707603324	-10.040	2.099	-0.568	-0.070	-1.625	-2.931	127.738426	37.885235
1596707603347	1596707603347	-8.449	2.693	-0.149	-0.355	-1.590	-2.294	127.738426	37.885235
1596707603366	1596707603363	-7.182	2.032	-0.089	-0.528	-1.450	-1.756	127.738426	37.885235
1596707603384	1596707603382	-7.100	2.027	-0.590	-0.763	-0.888	-1.302	127.738426	37.885235
1596707603405	1596707603402	-8.365	1.890	-0.398	-0.599	-0.070	-0.622	127.738426	37.885235
1596707603424	1596707603422	-7.991	1.941	0.249	-0.231	-0.196	-0.120	127.738426	37.885235
1596707603444	1596707603441	-7.067	1.498	0.110	-0.020	-0.579	0.540	127.738426	37.885235
1596707603463	1596707603463	-8.205	1.074	-0.511	0.012	0.246	1.375	127.738426	37.885235
1596707603483	1596707603483	-10.972	0.683	-0.032	0.035	1.418	2.265	127.738426	37.885235
1596707603503	1596707603503	-13.683	0.240	0.467	-0.188	1.762	3.014	127.738426	37.885235
1596707603526	1596707603526	-15.741	-0.546	0.919	-0.435	1.823	3.567	127.738426	37.885235
1596707603544	1596707603544	-16.852	-0.898	1.279	-0.428	1.791	4.015	127.738426	37.885235
1596707603567	1596707603563	-16.613	-0.373	1.185	-0.436	1.610	4.289	127.738426	37.885235
1596707603583	1596707603581	-15.774	-0.603	0.800	-0.486	1.547	4.489	127.738426	37.885235
1596707603604	1596707603601	-14.728	-0.828	0.565	-0.614	1.687	4.508	127.738426	37.885235
1596707603623	1596707603620	-13.504	-0.742	0.766	-0.634	1.553	4.405	127.738426	37.885235
1596707603642	1596707603641	-12.126	-1.176	0.294	-0.473	1.067	4.172	127.738426	37.885235
1596707603662	1596707603661	-10.933	0.065	-0.487	-0.554	1.120	3.694	127.738426	37.885235
1596707603681	1596707603679	-11.154	0.707	-0.305	-1.134	1.548	3.521	127.738426	37.885235
1596707603704	1596707603703	-12.529	-0.280	-0.350	-1.971	1.700	3.448	127.738426	37.885235
1596707603720	1596707603720	-13.535	-0.570	-0.477	-2.547	1.529	3.558	127.738426	37.885235
1596707603744	1596707603744	-14.189	-1.262	-0.132	-3.180	1.677	3.792	127.738426	37.885235
1596707603759	1596707603757	-14.476	-2.189	-0.357	-3.360	1.086	3.578	127.738426	37.885235
1596707603779	1596707603776	-13.963	-2.069	-0.870	-3.645	0.564	3.512	127.738426	37.885235
1596707603799	1596707603796	-13.928	-2.656	-0.724	-3.623	0.618	3.513	127.738426	37.885235
1596707603818	1596707603815	-14.356	-3.142	-0.494	-3.232	0.676	3.432	127.738426	37.885235
1596707603838	1596707603836	-14.330	-3.370	-0.120	-2.727	0.707	3.283	127.738426	37.885235
1596707603858	1596707603856	-14.071	-3.722	-0.101	-2.229	0.604	3.013	127.738426	37.885235
1596707603877	1596707603876	-13.494	-4.141	-0.252	-1.762	0.597	2.486	127.738426	37.885235
1596707603897	1596707603896	-12.687	-4.752	-0.451	-1.191	0.481	2.044	127.738426	37.885235
1596707603916	1596707603915	-12.888	-4.874	-0.257	-0.184	0.636	1.710	127.738426	37.885235
1596707603942	1596707603936	-13.118	-3.832	0.608	0.562	0.811	0.909	127.738426	37.885235
1596707603962	1596707603960	-11.827	-3.327	1.080	0.934	0.459	0.214	127.738426	37.885235
1596707603980	1596707603978	-10.385	-2.881	1.375	0.989	0.180	-0.495	127.738426	37.885223
1596707603995	1596707603992	-9.355	-2.402	1.284	0.918	-0.022	-1.236	127.738426	37.885223
1596707604014	1596707604012	-8.847	-2.105	0.402	0.848	-0.180	-1.940	127.738426	37.885223
1596707604034	1596707604032	-10.301	-2.218	-0.396	0.865	-0.002	-2.509	127.738426	37.885223
1596707604054	1596707604051	-12.737	-2.683	-0.923	1.077	-0.027	-2.906	127.738426	37.885223
1596707604075	1596707604073	-14.874	-2.591	-1.203	1.345	-0.188	-3.294	127.738426	37.885223
1596707604095	1596707604093	-16.373	-2.350	-1.318	1.839	-0.404	-3.505	127.738426	37.885223
1596707604116	1596707604116	-16.730	-2.096	-0.810	2.534	-0.929	-3.599	127.738426	37.885223
1596707604132	1596707604132	-15.396	-0.071	-1.304	2.954	-1.462	-3.809	127.738426	37.885223
1596707604156	1596707604154	-14.366	0.463	-0.971	3.872	-1.474	-3.345	127.738426	37.885223
1596707604172	1596707604169	-14.891	-0.227	0.419	4.351	-1.347	-3.549	127.738426	37.885223
1596707604197	1596707604190	-14.165	0.350	0.165	4.104	-1.842	-4.145	127.738426	37.885223
1596707604211	1596707604209	-12.097	1.819	-0.156	4.055	-2.108	-4.336	127.738426	37.885223
1596707604230	1596707604228	-11.645	1.780	-0.350	3.467	-1.950	-4.041	127.738426	37.885223
1596707604250	1596707604248	-12.315	0.333	-0.106	1.994	-1.524	-3.527	127.738426	37.885223
1596707604269	1596707604269	-12.802	-0.043	-0.020	0.171	-0.575	-3.713	127.738426	37.885223
1596707604289	1596707604289	-13.527	-1.681	-0.527	-0.176	-1.065	-3.152	127.738426	37.885223
1596707604309	1596707604309	-12.845	-1.875	-1.574	-0.152	-1.501	-2.941	127.738426	37.885223
1596707604329	1596707604329	-11.920	-0.194	-1.459	-0.186	-1.254	-3.090	127.738426	37.885223
1596707604350	1596707604347	-11.582	-0.263	-1.572	-0.207	-1.519	-2.568	127.738426	37.885223
1596707604369	1596707604368	-11.281	-0.912	-1.766	-0.367	-1.593	-2.241	127.738426	37.885223
1596707604389	1596707604387	-11.259	-0.826	-1.740	-0.534	-1.559	-2.222	127.738426	37.885223
1596707604408	1596707604405	-11.345	-0.397	-1.572	-0.686	-1.554	-2.150	127.738426	37.885223
1596707604427	1596707604425	-10.818	0.434	-1.402	-0.945	-1.536	-1.981	127.738426	37.885223
1596707604447	1596707604444	-10.176	1.222	-1.816	-1.245	-1.494	-1.735	127.738426	37.885223
1596707604465	1596707604465	-9.819	1.867	-1.919	-1.617	-1.101	-1.412	127.738426	37.885223
1596707604486	1596707604485	-9.352	2.307	-1.234	-1.909	-0.726	-1.104	127.738426	37.885223
1596707604506	1596707604506	-8.401	1.692	-0.695	-1.673	-0.551	-0.607	127.738426	37.885223
1596707604527	1596707604527	-8.099	0.719	0.491	-1.286	-0.038	0.085	127.738426	37.885223
1596707604545	1596707604545	-8.856	-0.196	1.451	-0.733	0.566	0.690	127.738426	37.885223
1596707604574	1596707604565	-10.126	-0.792	1.243	0.001	0.942	1.470	127.738426	37.885223
1596707604587	1596707604582	-11.058	-0.862	1.135	0.812	1.221	2.257	127.738426	37.885223
1596707604604	1596707604602	-11.884	-0.670	1.617	1.421	1.438	2.881	127.738426	37.885223
1596707604623	1596707604622	-12.854	-0.385	1.487	1.639	1.593	3.336	127.738426	37.885223
1596707604643	1596707604641	-13.662	-0.057	0.965	1.614	1.706	3.681	127.738426	37.885223
1596707604667	1596707604665	-13.695	0.968	0.325	1.253	1.769	3.957	127.738426	37.885223
1596707604683	1596707604682	-13.230	0.992	0.064	0.420	1.638	4.279	127.738426	37.885223
1596707604706	1596707604705	-12.641	0.741	-0.422	-0.606	1.311	3.865	127.738426	37.885223
1596707604724	1596707604723	-12.351	0.930	-0.523	-1.746	1.295	3.838	127.738426	37.885223
1596707604744	1596707604743	-12.514	-0.701	-0.230	-2.802	1.728	3.948	127.738426	37.885223
1596707604765	1596707604765	-13.195	-1.078	-0.321	-3.201	1.495	3.887	127.738426	37.885223
1596707604782	1596707604780	-13.882	-1.492	-0.348	-3.337	1.280	3.841	127.738426	37.885223
1596707604802	1596707604800	-14.560	-1.751	-0.353	-3.307	0.998	3.597	127.738426	37.885223
1596707604822	1596707604820	-15.051	-2.124	-0.750	-3.173	0.418	3.615	127.738426	37.885223
1596707604841	1596707604840	-15.089	-2.261	-1.304	-3.205	0.259	3.812	127.738426	37.885223
1596707604862	1596707604861	-14.946	-2.996	-1.035	-2.937	0.204	4.060	127.738426	37.885223
1596707604882	1596707604880	-14.505	-3.284	-0.151	-2.728	0.220	4.050	127.738426	37.885223
1596707604900	1596707604900	-13.729	-3.583	0.256	-2.613	0.225	3.721	127.738426	37.885223
1596707604920	1596707604920	-13.329	-4.587	0.275	-2.061	0.047	3.559	127.738426	37.885223
1596707604947	1596707604947	-13.168	-4.723	0.402	-1.504	0.164	3.149	127.738419	37.885212
1596707604962	1596707604957	-12.847	-5.430	0.589	-0.870	0.190	2.950	127.738419	37.885212
1596707604979	1596707604976	-12.248	-5.789	0.481	-0.457	0.071	2.502	127.738419	37.885212
1596707604998	1596707604995	-13.266	-5.864	0.031	-0.141	0.392	1.768	127.738419	37.885212
1596707605018	1596707605015	-14.045	-6.096	1.027	0.257	0.466	0.869	127.738419	37.885212
1596707605038	1596707605035	-12.497	-5.957	0.797	0.558	-0.143	-0.133	127.738419	37.885212
1596707605058	1596707605054	-11.918	-4.872	-0.158	1.066	-0.312	-1.114	127.738419	37.885212
1596707605075	1596707605075	-12.397	-3.174	-1.086	1.643	-0.409	-2.015	127.738419	37.885212
1596707605096	1596707605096	-12.938	-2.139	-1.627	1.941	-0.540	-2.872	127.738419	37.885212
1596707605115	1596707605115	-13.602	-2.050	-2.087	2.109	-0.759	-3.595	127.738419	37.885212
1596707605135	1596707605135	-14.948	-2.290	-2.216	2.562	-1.002	-3.996	127.738419	37.885212
1596707605159	1596707605157	-16.210	-2.249	-1.639	3.230	-1.300	-4.322	127.738419	37.885212
1596707605177	1596707605177	-15.988	-0.038	-0.966	3.695	-1.464	-4.441	127.738419	37.885212
1596707605195	1596707605193	-15.808	1.459	0.115	3.826	-1.612	-3.700	127.738419	37.885212
1596707605213	1596707605212	-16.400	-0.529	-0.146	3.267	-2.186	-3.846	127.738419	37.885212
1596707605233	1596707605231	-15.717	-1.763	-0.714	2.836	-2.297	-4.762	127.738419	37.885212
1596707605253	1596707605251	-13.920	-0.910	-0.824	3.830	-1.892	-4.807	127.738419	37.885212
1596707605272	1596707605270	-13.650	0.504	-1.584	3.852	-1.933	-4.385	127.738419	37.885212
1596707605292	1596707605292	-14.249	1.486	-1.419	2.765	-1.271	-4.248	127.738419	37.885212
1596707605312	1596707605312	-14.855	0.748	-0.616	0.772	-0.987	-3.571	127.738419	37.885212
1596707605332	1596707605332	-15.341	-0.642	-1.682	-0.727	-1.421	-3.018	127.738419	37.885212
1596707605352	1596707605351	-15.257	-1.787	-1.974	-0.958	-1.431	-2.956	127.738419	37.885212
1596707605370	1596707605370	-14.347	-2.208	-2.422	-0.603	-1.819	-2.949	127.738419	37.885212
1596707605393	1596707605389	-12.754	0.070	-2.518	-0.409	-1.902	-3.052	127.738419	37.885212
1596707605412	1596707605410	-12.351	-0.083	-1.759	-0.298	-1.554	-2.877	127.738419	37.885212
1596707605430	1596707605428	-12.378	-0.639	-0.901	-0.335	-1.313	-3.149	127.738419	37.885212
1596707605450	1596707605448	-12.272	0.681	-0.194	-0.280	-1.331	-3.463	127.738419	37.885212
1596707605470	1596707605467	-11.178	2.398	0.038	0.064	-1.452	-3.760	127.738419	37.885212
1596707605489	1596707605489	-9.113	3.879	0.364	0.420	-1.536	-3.723	127.738419	37.885212
1596707605509	1596707605509	-6.914	4.660	0.599	0.488	-1.528	-3.242	127.738419	37.885212
1596707605533	1596707605531	-6.130	4.399	0.251	0.368	-0.835	-2.345	127.738419	37.885212
1596707605549	1596707605548	-7.103	3.958	-0.067	0.015	0.041	-1.474	127.738419	37.885212
1596707605573	1596707605571	-7.563	3.479	0.922	-0.009	0.106	-0.827	127.738419	37.885212
1596707605588	1596707605586	-8.085	3.800	-0.633	-0.156	-0.093	0.294	127.738419	37.885212
1596707605610	1596707605610	-9.079	3.967	-1.129	-0.371	0.523	1.482	127.738419	37.885212
1596707605630	1596707605626	-10.945	2.588	-0.875	-0.619	1.151	2.718	127.738419	37.885212
1596707605647	1596707605645	-13.607	0.338	-0.681	-0.849	1.593	3.703	127.738419	37.885212
1596707605666	1596707605664	-16.328	-0.709	-0.264	-0.987	1.809	4.387	127.738419	37.885212
1596707605685	1596707605684	-17.466	-0.644	0.246	-0.783	1.472	4.957	127.738419	37.885212
1596707605706	1596707605705	-16.656	-0.416	0.019	-0.628	1.006	5.427	127.738419	37.885212
1596707605728	1596707605728	-15.442	-0.241	-0.721	-0.742	1.202	5.383	127.738419	37.885212
1596707605746	1596707605745	-15.418	-0.543	-0.765	-0.507	1.626	5.301	127.738419	37.885212
1596707605764	1596707605764	-15.425	-0.706	-0.429	-0.381	1.469	5.222	127.738419	37.885212
1596707605788	1596707605782	-14.361	-0.450	-1.320	-0.646	0.965	4.939	127.738419	37.885212
1596707605808	1596707605803	-13.688	-0.975	-1.311	-1.271	1.557	4.747	127.738419	37.885212
1596707605823	1596707605821	-14.548	-0.718	-1.912	-1.940	2.000	4.246	127.738419	37.885212
1596707605844	1596707605841	-15.842	-1.595	-1.713	-1.886	1.889	4.248	127.738419	37.885212
1596707605863	1596707605861	-16.486	-1.432	-1.409	-2.232	1.847	4.272	127.738419	37.885212
1596707605883	1596707605881	-17.188	-1.456	-1.256	-2.076	1.784	4.204	127.738419	37.885212
1596707605903	1596707605902	-17.624	-1.434	-0.760	-2.172	1.830	4.257	127.738419	37.885212
1596707605923	1596707605923	-17.559	-1.765	-0.518	-2.201	1.677	4.086	127.738419	37.885212
1596707605948	1596707605948	-16.922	-2.340	-0.206	-2.169	1.624	3.898	127.738419	37.885212
1596707605963	1596707605963	-16.642	-2.891	0.299	-2.045	1.574	3.768	127.738419	37.885204
1596707605988	1596707605980	-16.359	-4.467	1.348	-1.843	1.357	3.696	127.738419	37.885204
1596707606003	1596707606000	-15.317	-5.931	2.532	-1.167	0.883	3.678	127.738419	37.885204
1596707606021	1596707606019	-13.202	-5.433	2.206	-0.954	0.337	3.272	127.738419	37.885204
1596707606041	1596707606039	-12.011	-6.077	1.250	-1.024	0.144	2.581	127.738419	37.885204
1596707606063	1596707606060	-12.330	-9.603	0.558	-0.884	0.435	1.697	127.738419	37.885204
1596707606081	1596707606079	-12.260	-10.523	0.893	-0.378	0.405	0.304	127.738419	37.885204
1596707606101	1596707606101	-12.229	-5.528	0.599	0.275	0.294	-1.031	127.738419	37.885204
1596707606120	1596707606118	-13.190	-0.886	0.074	0.602	0.475	-2.081	127.738419	37.885204
1596707606140	1596707606138	-13.968	-0.313	0.134	0.114	0.199	-3.185	127.738419	37.885204
1596707606159	1596707606158	-14.318	-1.008	0.285	-0.595	-0.265	-4.273	127.738419	37.885204
1596707606179	1596707606177	-14.534	-2.345	0.644	-0.748	-0.481	-4.836	127.738419	37.885204
1596707606214	1596707606214	-14.802	-4.304	-0.120	-0.021	-0.596	-4.951	127.738419	37.885204
1596707606225	1596707606220	-15.068	-5.679	-0.508	1.508	-0.626	-4.971	127.738419	37.885204
1596707606241	1596707606234	-15.695	-4.858	-0.173	3.326	-0.741	-5.150	127.738419	37.885204
1596707606256	1596707606253	-16.912	-3.030	-1.522	5.172	-1.007	-4.742	127.738419	37.885204
1596707606276	1596707606273	-17.684	-1.101	-1.737	6.949	-1.017	-4.529	127.738419	37.885204
1596707606296	1596707606294	-18.489	0.695	-2.676	8.271	-1.788	-4.328	127.738419	37.885204
1596707606315	1596707606315	-18.124	2.954	-2.758	7.435	-2.084	-3.768	127.738419	37.885204
1596707606336	1596707606335	-17.518	1.605	-3.816	5.557	-2.051	-3.864	127.738419	37.885204
1596707606354	1596707606352	-16.917	0.482	-5.850	4.595	-2.290	-2.880	127.738419	37.885204
1596707606374	1596707606371	-14.502	-1.691	-5.388	6.940	-2.879	-2.378	127.738419	37.885204
1596707606393	1596707606391	-14.294	0.956	-3.692	5.977	-2.868	-1.970	127.738419	37.885204
1596707606413	1596707606411	-13.700	2.336	-1.519	2.534	-2.590	-1.820	127.738419	37.885204
1596707606437	1596707606432	-13.844	1.002	-0.829	-0.534	-2.731	-1.744	127.738419	37.885204
1596707606455	1596707606454	-12.893	1.045	-2.825	-3.061	-3.038	-2.399	127.738419	37.885204
1596707606472	1596707606470	-11.446	0.048	-2.621	-3.786	-2.857	-2.265	127.738419	37.885204
1596707606492	1596707606490	-10.006	-0.052	-2.386	-3.866	-2.519	-2.871	127.738419	37.885204
1596707606511	1596707606510	-9.283	0.429	-2.492	-3.922	-2.270	-3.165	127.738419	37.885204
1596707606533	1596707606531	-9.129	1.134	-1.828	-3.753	-1.773	-3.076	127.738419	37.885204
1596707606552	1596707606550	-8.370	2.959	-1.220	-3.333	-1.489	-2.963	127.738419	37.885204
1596707606573	1596707606571	-6.382	4.753	-1.241	-2.647	-1.726	-2.888	127.738419	37.885204
1596707606590	1596707606590	-5.115	4.597	-2.183	-2.139	-1.513	-2.456	127.738419	37.885204
1596707606615	1596707606613	-5.843	3.256	-2.252	-1.749	-0.414	-1.506	127.738419	37.885204
1596707606632	1596707606632	-7.845	1.684	-0.482	-1.188	0.270	-0.090	127.738419	37.885204
1596707606651	1596707606648	-9.781	0.930	0.335	-0.667	0.329	1.485	127.738419	37.885204
1596707606670	1596707606667	-10.658	0.801	0.807	-0.044	0.414	2.858	127.738419	37.885204
1596707606689	1596707606687	-11.415	0.123	1.415	0.304	0.951	3.814	127.738419	37.885204
1596707606710	1596707606707	-13.094	-0.570	2.189	0.313	1.644	4.638	127.738419	37.885204
1596707606728	1596707606728	-15.279	-0.651	2.299	0.557	2.157	5.298	127.738419	37.885204
1596707606749	1596707606748	-17.075	0.355	1.722	1.097	2.435	5.319	127.738419	37.885204
1596707606769	1596707606767	-18.606	1.026	1.018	1.484	2.587	5.444	127.738419	37.885204
1596707606788	1596707606787	-19.387	-0.021	0.237	1.617	2.980	5.753	127.738419	37.885204
1596707606808	1596707606807	-18.192	-0.776	0.519	1.993	2.726	5.370	127.738419	37.885204
1596707606831	1596707606830	-16.182	-0.654	-0.228	2.137	1.746	4.938	127.738419	37.885204
1596707606846	1596707606846	-13.604	0.659	-0.376	1.266	1.761	4.304	127.738419	37.885204
1596707606866	1596707606864	-12.890	0.825	0.071	-0.049	2.227	4.028	127.738419	37.885204
1596707606886	1596707606883	-14.004	0.906	-0.123	-1.172	2.431	3.489	127.738419	37.885204
1596707606906	1596707606903	-15.092	1.752	-0.587	-2.164	2.253	3.047	127.738419	37.885204
1596707606925	1596707606923	-15.542	0.448	-0.051	-3.228	2.193	3.149	127.738419	37.885204
1596707606944	1596707606943	-15.487	-0.225	0.239	-4.335	1.925	2.864	127.738419	37.885204
1596707606974	1596707606968	-14.900	-1.617	0.371	-5.361	1.751	3.077	127.738411	37.885193
1596707606990	1596707606982	-13.932	-3.377	0.321	-5.863	1.424	2.925	127.738411	37.885193
1596707607004	1596707607002	-12.785	-3.832	0.117	-5.256	0.817	2.830	127.738411	37.885193
1596707607024	1596707607022	-12.296	-4.110	0.462	-4.130	0.726	3.087	127.738411	37.885193
1596707607044	1596707607041	-12.699	-4.357	0.608	-2.877	0.771	3.060	127.738411	37.885193
1596707607065	1596707607062	-12.938	-4.589	0.606	-1.777	0.551	2.885	127.738411	37.885193
1596707607083	1596707607080	-12.823	-5.873	0.258	-0.774	0.257	2.787	127.738411	37.885193
1596707607105	1596707607102	-14.004	-6.688	0.079	0.462	0.390	2.546	127.738411	37.885193
1596707607123	1596707607121	-14.982	-6.166	0.788	1.145	0.434	1.749	127.738411	37.885193
1596707607144	1596707607143	-13.254	-6.257	1.288	1.496	-0.182	0.772	127.738411	37.885193
1596707607163	1596707607162	-10.500	-4.788	1.015	1.776	-0.710	-0.223	127.738411	37.885193
1596707607183	1596707607183	-9.925	-2.206	0.416	2.175	-0.702	-1.221	127.738411	37.885193
1596707607202	1596707607201	-11.970	-0.725	-0.065	2.307	-0.407	-2.166	127.738411	37.885193
1596707607222	1596707607222	-14.316	-0.632	-0.221	1.981	-0.515	-3.133	127.738411	37.885193
1596707607241	1596707607241	-15.624	-1.025	-0.676	1.835	-1.086	-3.942	127.738411	37.885193
1596707607261	1596707607259	-16.908	-1.643	-0.889	2.182	-1.611	-4.507	127.738411	37.885193
1596707607285	1596707607278	-18.192	-1.497	-0.623	2.676	-2.031	-5.007	127.738411	37.885193
1596707607300	1596707607298	-18.656	-0.795	-0.640	2.853	-2.601	-5.264	127.738411	37.885193
1596707607320	1596707607317	-17.382	1.387	-1.653	2.998	-2.829	-5.445	127.738411	37.885193
1596707607339	1596707607337	-18.239	1.162	-1.004	3.921	-2.446	-4.828	127.738411	37.885193
1596707607360	1596707607358	-19.698	1.189	-0.326	3.900	-2.891	-4.822	127.738411	37.885193
1596707607378	1596707607377	-17.241	2.113	-1.272	4.269	-3.902	-5.554	127.738411	37.885193
1596707607398	1596707607397	-15.379	3.699	-0.556	4.071	-3.249	-5.036	127.738411	37.885193
1596707607417	1596707607416	-15.887	3.040	0.661	1.605	-2.552	-4.164	127.738411	37.885193
1596707607437	1596707607436	-16.421	-0.680	-0.717	-0.846	-2.353	-3.931	127.738411	37.885193
1596707607459	1596707607454	-15.614	-1.372	-2.178	-1.549	-2.265	-4.023	127.738411	37.885193
1596707607477	1596707607474	-13.808	0.496	-2.403	-1.704	-2.017	-3.793	127.738411	37.885193
1596707607496	1596707607493	-11.954	0.810	-1.833	-1.873	-1.822	-3.400	127.738411	37.885193
1596707607515	1596707607513	-10.631	0.070	-1.773	-2.186	-1.776	-3.500	127.738411	37.885193
1596707607535	1596707607533	-9.922	-0.177	-1.960	-2.537	-1.265	-4.186	127.738411	37.885193
1596707607555	1596707607553	-10.131	0.266	-1.766	-2.023	-0.827	-4.209	127.738411	37.885193
1596707607575	1596707607575	-10.492	0.537	-1.081	-0.938	-0.840	-3.398	127.738411	37.885193
1596707607594	1596707607593	-9.508	2.801	-0.995	-0.434	-1.154	-3.393	127.738411	37.885193
1596707607616	1596707607616	-7.115	4.200	-0.846	-0.078	-1.666	-3.180	127.738411	37.885193
1596707607633	1596707607633	-4.626	3.733	-0.616	-0.324	-1.810	-2.476	127.738411	37.885193
1596707607655	1596707607653	-4.441	2.065	-1.033	-0.720	-0.923	-1.417	127.738411	37.885193
1596707607674	1596707607670	-6.523	1.375	-0.731	-1.009	0.166	-0.398	127.738411	37.885193
1596707607692	1596707607690	-8.463	1.490	-0.355	-1.220	0.408	0.616	127.738411	37.885193
1596707607716	1596707607714	-9.376	0.508	-0.288	-1.343	0.222	1.836	127.738411	37.885193
1596707607732	1596707607730	-9.769	-0.687	0.134	-1.256	0.303	2.981	127.738411	37.885193
1596707607753	1596707607751	-10.706	-1.590	1.348	-1.076	0.743	4.025	127.738411	37.885193
1596707607770	1596707607769	-12.205	-1.511	2.153	-1.172	1.118	4.783	127.738411	37.885193
1596707607790	1596707607790	-13.901	-0.574	1.940	-1.347	1.411	5.380	127.738411	37.885193
1596707607811	1596707607810	-16.745	-0.009	1.217	-1.540	1.875	6.099	127.738411	37.885193
1596707607829	1596707607829	-20.431	-0.136	0.172	-1.727	2.232	6.407	127.738411	37.885193
1596707607854	1596707607853	-21.572	-0.644	0.074	-1.323	1.634	6.290	127.738411	37.885193
1596707607869	1596707607869	-18.992	-1.202	-0.551	-1.105	0.512	6.106	127.738411	37.885193
1596707607889	1596707607887	-16.347	-1.061	-1.682	-1.353	0.142	5.757	127.738411	37.885193
1596707607909	1596707607906	-15.075	-1.427	-1.627	-1.487	0.138	4.902	127.738411	37.885193
1596707607928	1596707607926	-14.158	0.568	-2.901	-1.725	0.137	4.407	127.738411	37.885193
1596707607948	1596707607945	-14.859	0.245	-2.037	-2.055	1.122	4.340	127.738411	37.885193
1596707607972	1596707607971	-16.321	-1.111	-1.299	-2.355	0.957	3.930	127.738403	37.885181
1596707607992	1596707607991	-15.983	-0.893	-1.373	-2.693	0.290	3.580	127.738403	37.885181
1596707608010	1596707608006	-15.545	-0.685	-1.189	-3.232	0.352	2.943	127.738403	37.885181
1596707608029	1596707608027	-16.093	-1.564	-0.990	-3.471	-0.142	2.565	127.738403	37.885181
1596707608048	1596707608045	-15.161	-2.024	-1.026	-3.097	-1.018	2.433	127.738403	37.885181
1596707608067	1596707608065	-13.916	-1.470	-1.991	-2.995	-1.266	2.543	127.738403	37.885181
1596707608087	1596707608088	-13.544	-1.717	-1.751	-3.368	-0.698	3.027	127.738403	37.885181
1596707608110	1596707608110	-13.238	-3.039	-1.759	-3.280	-0.606	3.088	127.738403	37.885181
1596707608126	1596707608124	-13.295	-3.990	-1.984	-2.654	-0.483	3.027	127.738403	37.885181
1596707608146	1596707608143	-13.130	-3.679	-1.948	-2.096	-0.354	2.830	127.738403	37.885181
1596707608169	1596707608165	-13.757	-4.225	-2.652	-1.583	-0.565	2.795	127.738403	37.885181
1596707608185	1596707608185	-15.106	-5.564	-3.074	-1.203	-0.409	2.627	127.738403	37.885181
1596707608217	1596707608217	-14.050	-6.453	-2.683	-0.800	-0.508	2.005	127.738403	37.885181
1596707608224	1596707608224	-10.370	-7.258	-2.434	-0.226	-0.984	1.226	127.738403	37.885181
1596707608247	1596707608247	-7.486	-6.863	-1.054	0.177	-0.688	0.134	127.738403	37.885181
1596707608276	1596707608276	-7.134	-3.919	-0.391	0.743	-0.070	-0.938	127.738403	37.885181
1596707608289	1596707608284	-9.546	-1.375	-0.388	1.556	0.789	-1.846	127.738403	37.885181
1596707608304	1596707608302	-11.817	-1.015	-0.429	1.723	1.131	-2.667	127.738403	37.885181
1596707608325	1596707608323	-13.144	-1.708	-1.208	1.563	0.917	-3.456	127.738403	37.885181
1596707608343	1596707608341	-14.637	-2.362	-1.866	1.627	0.898	-4.295	127.738403	37.885181
1596707608364	1596707608362	-16.287	-3.205	-1.663	1.749	1.069	-4.784	127.738403	37.885181
1596707608382	1596707608382	-17.149	-2.826	-0.238	1.762	1.140	-5.034	127.738403	37.885181
1596707608404	1596707608404	-17.166	-2.678	0.289	2.131	0.679	-5.015	127.738403	37.885181
1596707608423	1596707608423	-16.773	-0.934	-0.729	2.518	0.715	-5.790	127.738403	37.885181
1596707608443	1596707608443	-15.667	-0.009	-1.629	3.121	1.028	-5.694	127.738403	37.885181
1596707608462	1596707608462	-16.057	-1.566	-2.159	4.090	1.460	-5.532	127.738403	37.885181
1596707608482	1596707608482	-17.226	-0.637	-2.463	4.613	1.705	-5.888	127.738403	37.885181
1596707608507	1596707608504	-18.699	-0.419	-3.354	4.527	1.034	-5.305	127.738403	37.885181
1596707608533	1596707608527	-17.638	1.838	-2.770	3.802	0.567	-5.027	127.738403	37.885181
1596707608540	1596707608536	-15.413	-0.761	-2.456	3.582	-0.205	-4.401	127.738403	37.885181
1596707608562	1596707608560	-14.234	-0.905	-2.434	3.134	-0.353	-4.064	127.738403	37.885181
1596707608579	1596707608576	-13.642	-1.049	-2.398	3.343	-0.604	-3.596	127.738403	37.885181
1596707608610	1596707608614	-13.051	-0.838	-2.564	3.734	-1.048	-3.543	127.738403	37.885181
1596707608623	1596707608623	-12.452	1.086	-3.335	4.194	-1.475	-3.282	127.738403	37.885181
1596707608642	1596707608641	-12.083	1.378	-1.840	4.139	-1.723	-1.969	127.738403	37.885181
1596707608657	1596707608657	-10.301	1.531	-1.581	2.550	-2.198	-1.735	127.738403	37.885181
1596707608691	1596707608699	-8.751	1.304	-0.935	0.774	-1.907	-1.685	127.738403	37.885181
1596707608707	1596707608703	-8.368	0.729	-1.339	-0.302	-1.973	-1.430	127.738403	37.885181
1596707608719	1596707608714	-7.752	2.406	-1.272	-1.216	-1.740	-1.403	127.738403	37.885181
1596707608736	1596707608733	-7.330	3.246	-1.651	-2.059	-1.333	-1.092	127.738403	37.885181
1596707608756	1596707608753	-7.953	2.796	-1.859	-2.951	-0.533	-0.630	127.738403	37.885181
1596707608775	1596707608772	-9.374	1.272	-0.796	-3.749	0.191	-0.120	127.738403	37.885181
1596707608796	1596707608794	-9.937	-0.718	-0.527	-4.038	0.147	0.598	127.738403	37.885181
1596707608814	1596707608814	-10.009	-2.364	-0.467	-3.746	0.078	1.449	127.738403	37.885181
1596707608834	1596707608834	-10.425	-2.781	-0.240	-3.049	0.180	2.052	127.738403	37.885181
1596707608856	1596707608856	-11.681	-2.740	0.335	-1.900	0.447	2.865	127.738403	37.885181
1596707608873	1596707608873	-13.432	-2.242	0.733	-0.747	0.584	3.776	127.738403	37.885181
1596707608898	1596707608897	-14.490	-1.588	0.872	0.095	0.418	4.397	127.738403	37.885181
1596707608912	1596707608911	-14.512	-1.480	1.102	0.551	0.223	4.991	127.738403	37.885181
1596707608936	1596707608934	-13.760	-2.067	0.819	0.965	-0.049	5.181	127.738403	37.885181
1596707608952	1596707608952	-12.931	-0.345	0.603	0.932	0.156	4.997	127.738403	37.885181
1596707608972	1596707608970	-13.295	0.103	0.347	0.188	0.550	5.162	127.738403	37.885170
1596707608991	1596707608991	-14.076	0.305	0.098	-0.638	0.779	5.265	127.738403	37.885170
1596707609017	1596707609016	-14.701	0.575	-0.333	-1.863	0.853	5.540	127.738403	37.885170
1596707609035	1596707609029	-15.698	-0.749	-1.131	-3.097	1.121	5.488	127.738403	37.885170
1596707609051	1596707609048	-17.133	-1.389	-0.882	-3.781	1.039	4.950	127.738403	37.885170
1596707609071	1596707609068	-17.602	-2.309	-1.660	-3.659	-0.022	4.387	127.738403	37.885170
1596707609093	1596707609091	-16.634	-1.846	-1.936	-3.595	-0.468	4.210	127.738403	37.885170
1596707609110	1596707609107	-16.124	-1.997	-2.039	-3.770	-0.511	4.188	127.738403	37.885170
1596707609134	1596707609127	-15.722	-3.047	-2.029	-3.967	-0.468	4.012	127.738403	37.885170
1596707609149	1596707609147	-15.080	-3.396	-1.898	-4.005	-0.495	3.648	127.738403	37.885170
1596707609167	1596707609166	-14.435	-4.505	-1.565	-3.606	-0.697	3.284	127.738403	37.885170
1596707609187	1596707609186	-13.281	-5.655	-1.586	-2.927	-1.017	2.936	127.738403	37.885170
1596707609208	1596707609208	-12.521	-7.220	-2.312	-1.995	-0.946	2.603	127.738403	37.885170
1596707609233	1596707609233	-12.835	-7.876	-2.496	-1.076	-0.404	1.936	127.738403	37.885170
1596707609253	1596707609253	-12.933	-7.327	-1.991	-0.367	-0.147	1.010	127.738403	37.885170
1596707609275	1596707609275	-12.102	-5.351	-1.421	0.266	-0.012	0.116	127.738403	37.885170
1596707609291	1596707609291	-11.592	-2.450	-0.781	0.859	0.348	-0.647	127.738403	37.885170
1596707609320	1596707609320	-11.800	-0.910	-0.278	1.132	0.533	-1.478	127.738403	37.885170
1596707609328	1596707609323	-12.375	-0.840	-0.072	0.794	0.563	-2.395	127.738403	37.885170
1596707609346	1596707609345	-12.473	-1.564	-0.166	0.451	0.507	-3.158	127.738403	37.885170
1596707609364	1596707609364	-12.397	-3.193	-0.571	0.652	0.461	-3.563	127.738403	37.885170
1596707609384	1596707609382	-12.488	-4.113	-0.937	1.320	0.493	-3.666	127.738403	37.885170
1596707609405	1596707609402	-12.998	-4.261	-1.014	2.310	0.565	-3.793	127.738403	37.885170
1596707609428	1596707609428	-13.563	-2.203	-1.143	2.774	0.445	-3.963	127.738403	37.885170
1596707609447	1596707609448	-13.928	-1.724	-1.141	3.354	0.538	-3.877	127.738403	37.885170
1596707609472	1596707609472	-13.087	-2.393	-0.618	3.959	0.159	-3.545	127.738403	37.885170
1596707609491	1596707609491	-12.821	-0.838	-1.021	4.456	-0.165	-3.881	127.738403	37.885170
1596707609505	1596707609505	-13.401	-0.167	-0.705	5.184	0.014	-3.795	127.738403	37.885170
1596707609529	1596707609529	-14.016	-0.512	-0.791	5.507	-0.221	-3.421	127.738403	37.885170
1596707609545	1596707609545	-14.852	0.798	-1.284	5.221	-0.496	-3.643	127.738403	37.885170
1596707609563	1596707609562	-15.631	-0.117	-1.883	5.309	-0.713	-3.282	127.738403	37.885170
1596707609583	1596707609583	-16.067	0.151	-1.229	5.275	-0.697	-3.226	127.738403	37.885170
1596707609603	1596707609601	-15.468	1.186	-1.603	4.540	-1.606	-3.257	127.738403	37.885170
1596707609622	1596707609622	-13.496	0.113	-3.919	4.368	-2.144	-3.005	127.738403	37.885170
1596707609641	1596707609641	-13.614	-1.751	-4.545	5.444	-1.602	-2.979	127.738403	37.885170
1596707609668	1596707609668	-14.107	1.804	-4.298	7.457	-1.708	-2.982	127.738403	37.885170
1596707609683	1596707609684	-12.409	2.338	-3.562	7.708	-2.806	-1.507	127.738403	37.885170
1596707609713	1596707609713	-11.063	3.067	-2.961	6.219	-3.411	-0.955	127.738403	37.885170
1596707609729	1596707609729	-9.230	5.417	-1.565	2.820	-3.269	-1.066	127.738403	37.885170
1596707609743	1596707609743	-7.668	5.829	-2.813	-0.876	-3.286	-0.514	127.738403	37.885170
1596707609764	1596707609758	-7.177	5.074	-3.713	-4.109	-2.024	-0.889	127.738403	37.885170
1596707609780	1596707609776	-8.085	4.705	-3.586	-6.198	-0.632	-0.808	127.738403	37.885170
1596707609799	1596707609796	-8.339	3.867	-3.043	-7.278	-0.076	-0.614	127.738403	37.885170
1596707609821	1596707609817	-8.346	1.778	-2.585	-7.690	0.320	-0.183	127.738403	37.885170
1596707609836	1596707609835	-9.407	-0.491	-1.730	-7.465	0.958	1.062	127.738403	37.885170
1596707609862	1596707609862	-10.593	-2.517	-0.067	-6.266	1.457	2.078	127.738403	37.885170
1596707609881	1596707609881	-12.097	-2.764	0.759	-4.470	1.616	2.885	127.738403	37.885170
1596707609901	1596707609901	-13.228	-2.029	1.746	-2.636	1.342	3.578	127.738403	37.885170
1596707609921	1596707609921	-13.734	-1.811	1.387	-0.869	1.100	3.943	127.738403	37.885170
1596707609936	1596707609936	-14.529	-1.672	0.994	0.556	1.327	4.278	127.738403	37.885170
1596707609962	1596707609959	-15.008	-0.838	1.171	1.614	1.436	4.283	127.738403	37.885170
1596707609976	1596707609976	-14.335	-0.390	0.634	1.678	1.582	4.248	127.738403	37.885170
1596707609993	1596707609992	-13.434	-1.125	1.032	1.963	1.316	4.023	127.738403	37.885159
1596707610013	1596707610013	-11.673	0.789	0.273	0.913	0.787	3.205	127.738403	37.885159
1596707610036	1596707610035	-10.742	0.801	-0.357	-0.598	0.960	2.960	127.738403	37.885159
1596707610054	1596707610052	-11.314	-0.380	-0.511	-1.671	1.270	3.112	127.738403	37.885159
1596707610072	1596707610072	-12.608	-1.068	-0.460	-2.249	1.439	2.859	127.738403	37.885159
1596707610093	1596707610093	-13.722	-1.617	-0.072	-2.320	1.239	2.803	127.738403	37.885159
1596707610113	1596707610113	-13.853	-1.643	0.242	-2.400	0.817	2.829	127.738403	37.885159
1596707610131	1596707610131	-13.631	-1.878	0.220	-2.792	0.808	3.041	127.738403	37.885159
1596707610155	1596707610155	-13.621	-2.977	0.369	-3.022	0.766	3.217	127.738403	37.885159
1596707610177	1596707610170	-13.362	-3.020	1.109	-3.049	0.346	3.073	127.738403	37.885159
1596707610190	1596707610189	-12.902	-2.917	0.948	-2.882	-0.010	3.251	127.738403	37.885159
1596707610210	1596707610208	-13.384	-4.467	2.002	-2.712	0.461	3.322	127.738403	37.885159
1596707610230	1596707610228	-14.043	-5.298	2.287	-2.204	0.420	2.927	127.738403	37.885159
1596707610251	1596707610251	-13.082	-5.600	2.014	-1.810	0.033	2.432	127.738403	37.885159
1596707610270	1596707610270	-11.022	-5.540	1.717	-1.685	-0.356	1.773	127.738403	37.885159
1596707610290	1596707610290	-10.483	-4.793	0.788	-1.509	-0.274	1.151	127.738403	37.885159
1596707610310	1596707610310	-12.409	-4.352	1.023	-0.983	0.431	0.409	127.738403	37.885159
1596707610333	1596707610333	-13.619	-3.665	1.648	-0.142	0.408	-0.384	127.738403	37.885159
1596707610350	1596707610347	-13.000	-3.293	0.984	0.632	-0.164	-1.186	127.738403	37.885159
1596707610369	1596707610369	-12.356	-2.766	-0.353	1.051	-0.519	-2.177	127.738403	37.885159
1596707610389	1596707610385	-12.541	-2.417	-1.375	1.302	-0.575	-2.976	127.738403	37.885159
1596707610408	1596707610406	-13.413	-2.433	-1.481	1.824	-0.624	-3.352	127.738403	37.885159
1596707610427	1596707610425	-13.774	-1.832	-1.694	2.459	-1.003	-3.507	127.738403	37.885159
1596707610447	1596707610447	-13.894	-1.274	-1.385	2.785	-1.276	-3.528	127.738403	37.885159
1596707610467	1596707610466	-14.184	-0.855	-0.721	2.803	-1.287	-3.541	127.738403	37.885159
1596707610487	1596707610487	-14.462	-0.553	-0.484	2.510	-1.096	-3.413	127.738403	37.885159
1596707610505	1596707610503	-14.114	-0.790	0.230	2.465	-0.984	-3.114	127.738403	37.885159
1596707610527	1596707610527	-11.942	-1.866	0.795	2.849	-1.443	-2.907	127.738403	37.885159
1596707610545	1596707610545	-9.702	-1.446	0.337	2.922	-1.602	-2.930	127.738403	37.885159
1596707610568	1596707610567	-9.460	-0.883	-0.513	2.790	-0.999	-2.843	127.738403	37.885159
1596707610586	1596707610582	-10.873	-0.665	-0.858	2.362	-0.255	-2.820	127.738403	37.885159
1596707610605	1596707610602	-12.220	-1.080	-0.997	1.969	-0.041	-2.826	127.738403	37.885159
1596707610623	1596707610622	-12.806	-1.171	-1.646	1.716	-0.281	-2.898	127.738403	37.885159
1596707610644	1596707610642	-12.850	-0.958	-1.981	1.525	-0.231	-3.005	127.738403	37.885159
1596707610663	1596707610661	-13.350	-0.685	-2.020	1.446	-0.029	-3.348	127.738403	37.885159
1596707610683	1596707610683	-14.004	0.120	-1.526	1.344	-0.091	-3.588	127.738403	37.885159
1596707610704	1596707610704	-14.155	0.865	-0.997	1.208	-0.518	-3.611	127.738403	37.885159
1596707610727	1596707610727	-13.798	2.195	-0.465	0.843	-0.693	-3.635	127.738403	37.885159
1596707610748	1596707610747	-12.749	3.785	0.546	0.335	-0.852	-3.562	127.738403	37.885159
1596707610774	1596707610767	-10.444	5.378	0.484	-0.289	-1.446	-3.651	127.738403	37.885159
1596707610783	1596707610781	-8.181	6.109	-0.882	-1.273	-1.620	-3.367	127.738403	37.885159
1596707610807	1596707610803	-7.831	5.287	-1.744	-2.206	-0.763	-2.459	127.738403	37.885159
1596707610821	1596707610819	-8.988	4.097	-1.081	-2.605	0.301	-1.545	127.738403	37.885159
1596707610841	1596707610839	-9.913	2.384	0.541	-2.227	0.499	-0.567	127.738403	37.885159
