1596707650213	1596707650213	-12.414	-3.051	-1.184	-4.076	-0.081	1.340	127.738457	37.884739
1596707650220	1596707650215	-12.299	-3.008	-1.217	-3.150	-0.253	1.096	127.738457	37.884739
1596707650249	1596707650233	-12.141	-2.917	-1.229	-2.448	-0.368	0.910	127.738457	37.884739
1596707650256	1596707650253	-12.045	-3.521	-1.378	-1.738	-0.383	0.882	127.738457	37.884739
1596707650274	1596707650272	-11.760	-3.703	-1.088	-0.983	-0.217	0.956	127.738457	37.884739
1596707650294	1596707650292	-11.664	-3.655	-0.571	-0.392	-0.123	1.018	127.738457	37.884739
1596707650313	1596707650312	-12.394	-3.586	-0.398	0.015	0.103	0.865	127.738457	37.884739
1596707650333	1596707650331	-12.811	-3.404	0.292	0.251	0.299	0.554	127.738457	37.884739
1596707650358	1596707650352	-12.143	-3.883	0.222	0.606	0.122	0.278	127.738457	37.884739
1596707650372	1596707650371	-11.863	-4.127	0.122	1.175	0.300	-0.060	127.738457	37.884739
1596707650399	1596707650393	-11.348	-3.574	0.642	1.678	0.329	-0.600	127.738457	37.884739
1596707650413	1596707650412	-10.255	-2.809	0.606	2.093	0.009	-1.327	127.738457	37.884739
1596707650432	1596707650431	-10.444	-2.261	-0.149	2.498	0.071	-2.065	127.738457	37.884739
1596707650451	1596707650449	-12.145	-1.549	-0.491	2.892	0.333	-2.763	127.738457	37.884739
1596707650470	1596707650469	-13.707	-1.420	-1.093	3.207	0.019	-3.300	127.738457	37.884739
1596707650492	1596707650490	-14.958	-1.327	-1.510	3.327	-0.329	-3.794	127.738457	37.884739
1596707650512	1596707650510	-16.040	-0.713	-1.165	3.786	-0.657	-4.216	127.738457	37.884739
1596707650532	1596707650529	-16.230	0.642	-0.932	3.973	-1.350	-4.201	127.738457	37.884739
1596707650550	1596707650547	-15.422	0.681	-1.153	3.825	-1.641	-4.318	127.738457	37.884739
1596707650568	1596707650567	-14.546	1.157	-0.350	3.538	-1.480	-4.443	127.738457	37.884739
1596707650589	1596707650587	-15.017	0.281	-0.242	3.672	-1.934	-4.559	127.738457	37.884739
1596707650612	1596707650608	-13.956	2.353	0.184	3.369	-2.027	-4.889	127.738457	37.884739
1596707650631	1596707650626	-12.902	3.117	-0.091	2.561	-1.493	-4.300	127.738457	37.884739
1596707650649	1596707650646	-14.593	0.290	0.366	1.640	-0.913	-3.656	127.738457	37.884739
1596707650667	1596707650665	-14.464	-0.203	-0.765	1.015	-1.344	-3.778	127.738457	37.884739
1596707650689	1596707650686	-12.888	1.093	-0.925	0.813	-1.288	-3.576	127.738457	37.884739
1596707650708	1596707650706	-11.793	0.686	-0.429	0.339	-1.284	-2.987	127.738457	37.884739
1596707650728	1596707650725	-10.550	-0.347	-0.719	0.062	-1.624	-2.733	127.738457	37.884739
1596707650746	1596707650744	-9.731	-0.325	-0.484	-0.047	-1.454	-2.604	127.738457	37.884739
1596707650765	1596707650764	-9.098	-0.584	-0.503	0.190	-1.472	-2.671	127.738457	37.884739
1596707650786	1596707650784	-7.991	0.645	-1.107	0.453	-1.615	-2.768	127.738457	37.884739
1596707650808	1596707650807	-7.290	0.262	-2.015	0.488	-1.271	-1.820	127.738457	37.884739
1596707650825	1596707650823	-7.752	-0.189	-0.451	0.619	-0.771	-1.118	127.738457	37.884739
1596707650845	1596707650843	-7.802	0.801	-0.321	0.208	-0.871	-1.078	127.738457	37.884739
1596707650864	1596707650862	-7.273	0.496	-0.841	-0.519	-0.753	-0.684	127.738457	37.884739
1596707650884	1596707650882	-8.027	0.216	-0.822	-1.204	-0.069	-0.068	127.738457	37.884739
1596707650904	1596707650901	-8.895	0.630	-0.719	-1.667	0.339	0.346	127.738457	37.884739
1596707650924	1596707650921	-9.580	1.028	-1.244	-2.174	0.435	0.969	127.738457	37.884739
1596707650950	1596707650950	-10.485	0.554	-0.369	-2.774	0.798	1.763	127.738449	37.884727
1596707650968	1596707650967	-10.646	-0.263	0.776	-3.056	0.804	2.379	127.738449	37.884727
1596707650983	1596707650980	-10.119	-1.300	0.033	-2.891	0.605	2.993	127.738449	37.884727
1596707651003	1596707651000	-10.188	-1.818	-1.368	-2.524	1.026	3.571	127.738449	37.884727
1596707651023	1596707651021	-12.603	-2.036	-1.555	-2.113	1.903	4.272	127.738449	37.884727
1596707651044	1596707651041	-16.754	-2.515	-0.154	-1.208	2.556	4.872	127.738449	37.884727
1596707651062	1596707651061	-20.738	-3.051	1.360	0.045	2.579	5.142	127.738449	37.884727
1596707651082	1596707651081	-20.549	-2.357	2.093	1.108	1.659	4.914	127.738449	37.884727
1596707651103	1596707651101	-17.011	-1.231	1.660	1.424	0.673	4.869	127.738449	37.884727
1596707651123	1596707651123	-14.026	-0.963	1.298	0.900	0.421	4.578	127.738449	37.884727
1596707651143	1596707651140	-12.263	-1.248	1.118	0.159	0.492	4.057	127.738449	37.884727
1596707651161	1596707651161	-10.509	-0.551	0.158	0.128	-0.040	3.416	127.738449	37.884727
1596707651182	1596707651182	-9.120	0.403	-0.146	-0.238	0.211	3.099	127.738449	37.884727
1596707651202	1596707651201	-9.929	-0.141	0.776	-0.792	0.812	2.624	127.738449	37.884727
1596707651224	1596707651222	-11.479	-0.517	0.850	-1.377	0.914	2.157	127.738449	37.884727
1596707651244	1596707651239	-12.531	-1.066	0.421	-1.839	0.753	1.867	127.738449	37.884727
1596707651264	1596707651260	-12.847	-1.413	-0.101	-2.111	0.456	1.616	127.738449	37.884727
1596707651279	1596707651277	-12.756	-1.437	-0.312	-2.342	0.222	1.446	127.738449	37.884727
1596707651301	1596707651299	-12.121	-1.765	-0.705	-2.554	0.058	1.506	127.738449	37.884727
1596707651319	1596707651316	-11.295	-2.632	-0.724	-2.564	0.097	1.773	127.738449	37.884727
1596707651340	1596707651336	-10.861	-3.095	-0.511	-2.312	0.060	1.957	127.738449	37.884727
1596707651359	1596707651359	-10.948	-3.346	-0.329	-2.049	0.040	2.170	127.738449	37.884727
1596707651377	1596707651376	-11.281	-3.243	0.174	-1.971	0.360	2.040	127.738449	37.884727
1596707651398	1596707651397	-11.551	-3.622	0.725	-1.847	0.319	1.964	127.738449	37.884727
1596707651422	1596707651416	-10.871	-4.386	0.484	-1.599	-0.171	1.862	127.738449	37.884727
1596707651438	1596707651438	-10.495	-5.236	0.258	-1.205	-0.190	1.465	127.738449	37.884727
1596707651456	1596707651456	-11.146	-5.524	0.242	-0.677	0.217	0.840	127.738449	37.884727
1596707651474	1596707651472	-11.860	-5.382	0.146	0.121	0.227	0.024	127.738449	37.884727
1596707651494	1596707651492	-12.109	-3.768	-0.029	0.956	0.102	-0.808	127.738449	37.884727
1596707651514	1596707651512	-12.725	-1.648	-0.333	1.684	-0.055	-1.647	127.738449	37.884727
1596707651534	1596707651532	-13.695	-0.366	-1.181	1.949	-0.094	-2.601	127.738449	37.884727
1596707651555	1596707651553	-14.879	-0.699	-1.304	1.837	0.015	-3.539	127.738449	37.884727
1596707651573	1596707651573	-15.147	-0.816	-1.284	1.687	-0.371	-4.204	127.738449	37.884727
1596707651594	1596707651593	-14.632	-1.025	-1.421	1.860	-0.944	-4.470	127.738449	37.884727
1596707651613	1596707651613	-14.004	-1.360	-0.923	2.360	-1.170	-4.574	127.738449	37.884727
1596707651632	1596707651632	-14.423	-0.766	-0.357	2.328	-0.915	-4.511	127.738449	37.884727
1596707651657	1596707651655	-15.049	-0.951	0.479	2.322	-0.556	-4.339	127.738449	37.884727
1596707651671	1596707651670	-14.790	-1.449	0.172	2.755	-0.727	-4.406	127.738449	37.884727
1596707651692	1596707651690	-14.658	-0.632	-0.360	2.776	-0.719	-4.440	127.738449	37.884727
1596707651710	1596707651710	-14.833	-0.337	-0.729	3.093	-0.634	-4.232	127.738449	37.884727
1596707651731	1596707651729	-14.785	0.674	-0.832	2.782	-0.547	-3.952	127.738449	37.884727
1596707651752	1596707651750	-13.880	-0.280	-0.947	2.708	-0.843	-3.465	127.738449	37.884727
1596707651770	1596707651770	-12.725	-0.359	-1.045	2.707	-1.038	-3.128	127.738449	37.884727
1596707651791	1596707651791	-11.999	-0.050	-0.954	2.540	-0.994	-2.954	127.738449	37.884727
1596707651811	1596707651812	-11.573	-0.172	-0.662	2.385	-0.932	-2.557	127.738449	37.884727
1596707651834	1596707651834	-10.900	-0.012	-0.662	2.042	-1.170	-2.228	127.738449	37.884727
1596707651860	1596707651854	-9.896	-0.124	-0.666	1.690	-1.459	-2.172	127.738449	37.884727
1596707651868	1596707651868	-8.909	0.065	-0.841	1.353	-1.587	-2.161	127.738449	37.884727
1596707651890	1596707651888	-8.578	0.106	-0.834	1.101	-1.530	-1.860	127.738449	37.884727
1596707651907	1596707651906	-8.880	-0.038	-0.947	0.734	-1.320	-1.606	127.738449	37.884727
1596707651928	1596707651926	-8.974	0.036	-0.568	0.347	-1.192	-1.559	127.738449	37.884727
1596707651951	1596707651951	-8.679	0.341	-0.839	-0.299	-1.229	-1.429	127.738449	37.884727
1596707651973	1596707651965	-9.077	0.489	-1.189	-1.120	-0.877	-1.181	127.738449	37.884716
1596707651989	1596707651989	-10.076	0.214	-1.114	-1.826	-0.350	-1.003	127.738449	37.884716
1596707652006	1596707652004	-10.258	0.587	-1.153	-2.393	-0.187	-0.609	127.738449	37.884716
1596707652026	1596707652024	-10.097	0.341	-1.090	-2.889	-0.064	0.100	127.738449	37.884716
1596707652045	1596707652044	-9.493	-0.483	-0.923	-3.387	0.204	0.679	127.738449	37.884716
1596707652064	1596707652063	-8.765	-1.193	-0.750	-3.677	0.321	1.384	127.738449	37.884716
1596707652084	1596707652084	-8.277	-1.679	-0.664	-3.692	0.392	2.094	127.738449	37.884716
1596707652105	1596707652103	-8.914	-1.753	-0.441	-3.495	0.664	2.891	127.738449	37.884716
1596707652124	1596707652122	-11.590	-2.984	0.019	-2.881	1.617	3.789	127.738449	37.884716
1596707652143	1596707652142	-15.058	-2.800	0.450	-1.889	1.988	4.425	127.738449	37.884716
1596707652167	1596707652167	-16.840	-1.823	0.805	-0.795	1.584	4.562	127.738449	37.884716
1596707652189	1596707652189	-16.812	-1.248	2.024	-0.223	1.042	4.398	127.738449	37.884716
1596707652204	1596707652204	-15.451	-1.135	2.532	-0.082	0.357	4.360	127.738449	37.884716
1596707652225	1596707652224	-13.350	-1.401	2.563	-0.315	0.078	4.228	127.738449	37.884716
1596707652253	1596707652245	-11.879	0.173	3.078	-1.138	0.210	4.132	127.738449	37.884716
1596707652267	1596707652266	-12.145	0.159	3.605	-3.531	0.157	3.573	127.738449	37.884716
1596707652287	1596707652287	-13.458	-3.916	3.159	-5.974	0.291	3.436	127.738449	37.884716
1596707652305	1596707652302	-14.040	-3.818	0.347	-6.239	-0.169	3.311	127.738449	37.884716
1596707652323	1596707652321	-13.662	-3.978	-1.433	-3.646	-1.392	3.420	127.738449	37.884716
1596707652341	1596707652340	-12.414	-2.395	-1.289	-2.513	-1.587	3.011	127.738449	37.884716
1596707652361	1596707652361	-12.296	-2.972	-1.028	-2.412	-1.320	2.663	127.738449	37.884716
1596707652383	1596707652383	-12.318	-4.184	-0.884	-1.909	-1.474	2.511	127.738449	37.884716
1596707652402	1596707652401	-11.822	-3.341	-1.090	-1.086	-1.581	2.477	127.738449	37.884716
1596707652421	1596707652421	-11.762	-3.305	-0.985	-0.342	-1.426	2.727	127.738449	37.884716
1596707652442	1596707652440	-12.059	-3.411	-0.693	0.082	-1.149	2.351	127.738449	37.884716
1596707652460	1596707652458	-12.033	-3.011	-0.444	0.427	-0.950	1.927	127.738449	37.884716
1596707652479	1596707652477	-11.400	-2.881	-0.508	0.430	-0.821	1.703	127.738449	37.884716
1596707652503	1596707652503	-11.098	-2.874	-1.153	0.369	-0.639	1.265	127.738449	37.884716
1596707652518	1596707652517	-11.970	-2.558	-1.066	0.471	-0.165	0.728	127.738449	37.884716
1596707652538	1596707652535	-11.937	-2.189	-0.762	0.725	-0.024	0.201	127.738449	37.884716
1596707652557	1596707652554	-11.407	-2.189	-0.987	0.774	-0.049	-0.266	127.738449	37.884716
1596707652576	1596707652576	-11.429	-2.170	-0.748	0.644	0.065	-0.766	127.738449	37.884716
1596707652597	1596707652597	-10.653	-2.199	-0.559	0.577	-0.088	-1.209	127.738449	37.884716
1596707652616	1596707652615	-9.894	-2.117	-1.169	0.568	-0.216	-1.655	127.738449	37.884716
1596707652636	1596707652636	-10.787	-2.072	-1.526	0.599	0.176	-2.106	127.738449	37.884716
1596707652659	1596707652659	-12.241	-2.019	-1.407	0.769	0.533	-2.505	127.738449	37.884716
1596707652678	1596707652678	-13.111	-1.823	-1.304	1.110	0.494	-2.791	127.738449	37.884716
1596707652696	1596707652692	-13.293	-1.755	-1.203	1.600	0.240	-2.831	127.738449	37.884716
1596707652715	1596707652713	-12.850	-1.801	-0.987	2.098	0.124	-2.852	127.738449	37.884716
1596707652734	1596707652732	-12.327	-1.561	-0.451	2.525	0.127	-2.906	127.738449	37.884716
1596707652754	1596707652751	-11.901	-0.426	0.642	2.599	0.149	-2.841	127.738449	37.884716
1596707652774	1596707652771	-12.318	1.256	-0.293	2.235	0.680	-3.229	127.738449	37.884716
1596707652794	1596707652794	-11.659	-3.952	0.311	3.834	0.033	-2.549	127.738449	37.884716
1596707652813	1596707652813	-11.216	0.391	-1.572	4.163	-0.350	-2.812	127.738449	37.884716
1596707652834	1596707652833	-12.009	1.004	-1.474	5.179	0.125	-2.894	127.738449	37.884716
1596707652855	1596707652853	-12.296	-0.507	-2.207	6.695	-0.363	-2.395	127.738449	37.884716
1596707652876	1596707652876	-12.447	-1.427	-4.502	9.112	-0.957	-1.773	127.738449	37.884716
1596707652891	1596707652889	-13.760	-0.246	-4.830	12.134	-0.961	-1.283	127.738449	37.884716
1596707652909	1596707652907	-12.912	6.119	-2.173	11.445	-2.020	-0.752	127.738449	37.884716
1596707652929	1596707652928	-10.028	6.126	-0.769	7.613	-3.297	-0.408	127.738449	37.884716
1596707652949	1596707652947	-8.978	2.291	-2.698	3.466	-2.752	-0.590	127.738449	37.884705
1596707652968	1596707652966	-9.913	0.281	-3.963	2.263	-1.936	-0.931	127.738449	37.884705
1596707652989	1596707652987	-9.441	1.083	-3.910	2.328	-1.730	-1.099	127.738449	37.884705
1596707653009	1596707653007	-7.867	2.997	-1.375	1.478	-1.737	-0.908	127.738449	37.884705
1596707653027	1596707653026	-7.397	2.715	-0.865	-0.794	-1.883	-0.242	127.738449	37.884705
1596707653048	1596707653045	-9.788	1.577	-1.282	-3.005	-1.345	-0.308	127.738449	37.884705
1596707653066	1596707653065	-11.086	1.416	-1.615	-4.682	-0.766	-0.534	127.738449	37.884705
1596707653088	1596707653085	-11.372	1.328	-1.792	-5.929	-0.070	-0.431	127.738449	37.884705
1596707653106	1596707653104	-12.337	0.860	-2.159	-6.968	0.672	-0.228	127.738449	37.884705
1596707653130	1596707653129	-12.663	0.621	-2.015	-8.008	1.131	0.001	127.738449	37.884705
1596707653146	1596707653144	-12.133	-0.273	-1.591	-8.663	1.308	0.524	127.738449	37.884705
1596707653166	1596707653165	-11.664	-1.432	-0.604	-8.665	1.309	0.976	127.738449	37.884705
1596707653186	1596707653186	-11.642	-1.547	0.088	-8.206	1.084	1.511	127.738449	37.884705
1596707653206	1596707653206	-11.889	-2.764	0.028	-6.972	0.749	2.333	127.738449	37.884705
1596707653228	1596707653228	-13.008	-5.272	1.566	-4.988	0.741	3.203	127.738449	37.884705
1596707653246	1596707653246	-13.496	-5.940	2.896	-2.561	0.551	3.469	127.738449	37.884705
1596707653268	1596707653268	-12.936	-4.872	3.068	-0.325	0.223	3.328	127.738449	37.884705
1596707653287	1596707653287	-11.386	-1.667	4.666	0.728	-0.131	2.805	127.738449	37.884705
1596707653311	1596707653305	-10.054	-2.872	4.501	-0.213	-0.586	1.859	127.738449	37.884705
1596707653324	1596707653324	-7.740	-0.280	2.853	-2.333	-1.020	0.594	127.738449	37.884705
1596707653344	1596707653342	-7.151	1.011	1.006	-3.776	-0.828	1.033	127.738449	37.884705
1596707653363	1596707653361	-8.291	-2.057	-0.556	-3.436	-0.391	1.181	127.738449	37.884705
1596707653383	1596707653381	-9.156	-2.378	-0.508	-2.375	-0.360	0.553	127.738449	37.884705
1596707653404	1596707653404	-9.249	-0.910	0.009	-2.079	-0.620	0.154	127.738449	37.884705
1596707653424	1596707653424	-9.683	-1.185	0.222	-2.627	-0.852	0.127	127.738449	37.884705
1596707653443	1596707653443	-10.215	-1.094	-0.039	-3.617	-1.010	0.188	127.738449	37.884705
1596707653464	1596707653464	-10.526	-0.517	-0.506	-4.379	-1.153	0.507	127.738449	37.884705
1596707653483	1596707653483	-11.499	-0.237	-0.341	-5.421	-1.172	0.854	127.738449	37.884705
1596707653504	1596707653500	-13.082	0.530	-1.004	-6.938	-1.116	0.783	127.738449	37.884705
1596707653525	1596707653521	-14.443	0.470	-2.794	-8.075	-1.321	0.752	127.738449	37.884705
1596707653542	1596707653539	-14.253	0.286	-3.488	-9.177	-1.879	0.566	127.738449	37.884705
1596707653562	1596707653559	-12.567	-0.031	-5.692	-10.158	-2.318	0.282	127.738449	37.884705
1596707653582	1596707653579	-12.418	-0.282	-7.079	-10.081	-1.539	0.094	127.738449	37.884705
1596707653602	1596707653602	-13.379	-2.172	-6.825	-9.164	-0.927	0.006	127.738449	37.884705
1596707653620	1596707653620	-11.980	-3.451	-6.255	-7.996	-1.164	-0.250	127.738449	37.884705
1596707653654	1596707653654	-9.776	-2.522	-5.424	-7.266	-0.873	-0.332	127.738449	37.884705
1596707653660	1596707653659	-9.333	-1.351	-5.266	-6.302	-0.162	-0.420	127.738449	37.884705
1596707653685	1596707653685	-10.267	-2.536	-5.879	-5.142	0.714	-0.338	127.738449	37.884705
1596707653701	1596707653701	-10.296	-4.884	-5.884	-3.571	1.159	-0.260	127.738449	37.884705
1596707653721	1596707653721	-9.005	-3.947	-5.905	-1.615	1.360	-0.073	127.738449	37.884705
1596707653739	1596707653736	-9.057	-3.207	-5.311	0.298	1.750	0.355	127.738449	37.884705
1596707653758	1596707653755	-9.580	-2.833	-4.600	1.837	2.344	0.618	127.738449	37.884705
1596707653778	1596707653775	-9.664	-1.537	-2.322	2.923	2.666	0.876	127.738449	37.884705
1596707653795	1596707653794	-9.889	0.918	1.334	3.316	2.430	1.260	127.738449	37.884705
1596707653815	1596707653815	-10.258	-0.709	4.407	3.030	1.833	1.461	127.738449	37.884705
1596707653839	1596707653839	-8.830	0.527	3.277	2.493	0.971	1.307	127.738449	37.884705
1596707653860	1596707653859	-8.078	0.223	2.352	1.750	0.524	1.194	127.738449	37.884705
1596707653879	1596707653879	-9.053	-2.821	2.884	1.465	0.376	1.114	127.738449	37.884705
1596707653896	1596707653896	-9.721	-2.314	3.162	2.086	0.039	1.033	127.738449	37.884705
1596707653914	1596707653915	-8.777	0.202	3.327	2.400	-0.291	0.978	127.738449	37.884705
1596707653936	1596707653934	-8.832	-0.407	2.982	2.012	-0.176	0.876	127.738449	37.884705
1596707653953	1596707653953	-9.244	-2.572	1.993	1.913	-0.163	0.588	127.738449	37.884705
1596707653975	1596707653975	-9.096	-4.019	0.855	2.666	-0.410	0.421	127.738449	37.884693
1596707653992	1596707653992	-8.578	-3.171	-0.003	3.459	-0.680	0.388	127.738449	37.884693
1596707654017	1596707654013	-8.248	-2.565	-1.311	3.969	-0.739	0.312	127.738449	37.884693
1596707654035	1596707654032	-8.708	-2.589	-2.609	4.571	-0.526	0.207	127.738449	37.884693
1596707654051	1596707654050	-9.850	-2.333	-3.028	5.279	-0.359	0.195	127.738449	37.884693
1596707654072	1596707654069	-11.345	-2.292	-2.029	6.000	-0.391	0.563	127.738449	37.884693
1596707654094	1596707654092	-11.762	-0.416	-1.428	6.739	-0.773	0.688	127.738449	37.884693
1596707654115	1596707654114	-12.514	0.904	-2.161	7.459	-0.889	1.221	127.738449	37.884693
1596707654134	1596707654134	-13.769	1.169	-0.896	7.384	-0.370	1.354	127.738449	37.884693
1596707654156	1596707654155	-14.201	1.641	-0.793	6.950	-0.339	0.608	127.738449	37.884693
1596707654169	1596707654168	-13.815	2.401	-0.281	5.950	-0.386	0.340	127.738449	37.884693
1596707654190	1596707654188	-12.160	2.132	1.178	4.579	-0.471	0.379	127.738449	37.884693
1596707654207	1596707654206	-9.872	1.543	2.093	2.561	-0.648	-0.151	127.738449	37.884693
1596707654228	1596707654226	-8.837	-1.015	1.997	1.010	-0.101	-0.497	127.738449	37.884693
1596707654249	1596707654246	-9.611	-3.648	1.449	0.738	0.467	-0.696	127.738449	37.884693
1596707654266	1596707654265	-11.482	-2.247	0.527	0.967	0.784	-0.898	127.738449	37.884693
1596707654286	1596707654285	-12.878	-0.471	-0.125	1.863	0.946	-0.884	127.738449	37.884693
1596707654307	1596707654305	-12.989	0.360	-0.602	2.951	0.720	-0.821	127.738449	37.884693
1596707654325	1596707654324	-12.049	-0.215	-1.021	4.709	0.220	-0.679	127.738449	37.884693
1596707654350	1596707654344	-10.236	0.362	0.567	7.056	-0.427	-0.508	127.738449	37.884693
1596707654369	1596707654366	-7.385	3.117	1.954	9.953	-1.301	-0.542	127.738449	37.884693
1596707654387	1596707654384	-4.192	7.915	1.497	8.662	-1.146	-0.161	127.738449	37.884693
1596707654405	1596707654404	-3.953	4.966	2.251	6.230	-0.089	0.810	127.738449	37.884693
1596707654426	1596707654423	-5.845	4.851	2.172	4.440	0.467	1.363	127.738449	37.884693
1596707654450	1596707654450	-7.821	3.769	1.983	3.158	0.632	1.809	127.738449	37.884693
1596707654469	1596707654469	-8.384	2.049	0.493	2.675	-0.043	1.444	127.738449	37.884693
1596707654489	1596707654489	-8.008	3.318	0.040	2.134	0.095	1.314	127.738449	37.884693
1596707654511	1596707654511	-8.969	3.371	0.244	1.552	0.584	1.276	127.738449	37.884693
1596707654527	1596707654527	-10.198	2.279	0.567	0.853	0.673	1.017	127.738449	37.884693
1596707654546	1596707654545	-10.768	1.390	0.721	0.006	0.681	0.787	127.738449	37.884693
1596707654564	1596707654564	-11.029	-0.287	0.242	-0.358	0.500	0.571	127.738449	37.884693
1596707654583	1596707654582	-11.561	-1.113	-0.034	-0.105	0.441	0.348	127.738449	37.884693
1596707654603	1596707654601	-13.858	-0.488	-0.326	0.392	0.819	0.171	127.738449	37.884693
1596707654624	1596707654621	-17.027	0.532	0.311	0.614	1.328	-0.055	127.738449	37.884693
1596707654643	1596707654641	-18.048	0.360	1.264	0.257	0.800	-0.336	127.738449	37.884693
1596707654663	1596707654663	-14.431	-0.402	0.426	-0.179	-0.330	-0.469	127.738449	37.884693
1596707654683	1596707654683	-11.597	-0.529	-0.060	-0.324	-0.659	-0.651	127.738449	37.884693
1596707654703	1596707654703	-11.031	-0.134	-0.312	-0.651	-0.539	-1.017	127.738449	37.884693
1596707654724	1596707654723	-10.809	0.089	-0.096	-1.290	-0.219	-1.143	127.738449	37.884693
1596707654749	1596707654744	-10.418	-1.214	0.270	-1.429	-0.105	-1.185	127.738449	37.884693
1596707654768	1596707654764	-10.416	-2.716	0.407	-0.404	0.077	-1.083	127.738449	37.884693
1596707654780	1596707654779	-10.428	-2.136	1.300	1.381	0.211	-0.810	127.738449	37.884693
1596707654803	1596707654801	-10.013	-2.259	1.523	2.785	0.087	-0.410	127.738449	37.884693
1596707654819	1596707654818	-9.386	-2.189	1.353	3.941	-0.004	-0.067	127.738449	37.884693
1596707654840	1596707654838	-9.093	-1.240	0.960	5.127	-0.227	0.392	127.738449	37.884693
1596707654859	1596707654859	-8.138	0.008	0.112	6.313	-0.668	0.676	127.738449	37.884693
1596707654879	1596707654879	-7.491	1.431	-0.733	6.941	-0.819	0.572	127.738449	37.884693
1596707654899	1596707654898	-7.800	3.062	0.107	6.407	-0.541	0.462	127.738449	37.884693
1596707654918	1596707654918	-8.171	3.558	1.046	4.508	-0.768	0.673	127.738449	37.884693
1596707654954	1596707654942	-7.912	4.219	1.722	1.537	-1.189	0.450	127.738457	37.884682
1596707654957	1596707654954	-8.392	3.560	0.515	-1.520	-1.271	0.105	127.738457	37.884682
1596707654976	1596707654974	-8.725	2.307	-0.230	-3.613	-1.066	-0.191	127.738457	37.884682
1596707654996	1596707654994	-8.823	1.363	-0.314	-4.842	-1.164	-0.458	127.738457	37.884682
1596707655014	1596707655014	-8.938	0.853	-0.621	-5.623	-1.427	-1.035	127.738457	37.884682
1596707655035	1596707655033	-8.916	-0.294	-1.201	-5.752	-1.523	-1.469	127.738457	37.884682
1596707655055	1596707655053	-9.745	-2.584	-2.226	-4.884	-1.322	-1.890	127.738457	37.884682
1596707655075	1596707655072	-11.479	-1.746	-1.510	-3.543	-0.950	-2.318	127.738457	37.884682
1596707655094	1596707655092	-12.617	0.369	-2.080	-2.745	-1.138	-2.119	127.738457	37.884682
1596707655113	1596707655114	-13.626	1.284	-1.977	-2.505	-1.317	-1.744	127.738457	37.884682
1596707655135	1596707655132	-15.305	2.370	-2.358	-2.775	-1.345	-1.132	127.738457	37.884682
1596707655153	1596707655150	-15.295	1.198	-2.025	-3.545	-1.201	-0.615	127.738457	37.884682
1596707655174	1596707655173	-12.581	0.082	-1.234	-4.283	-1.346	-0.305	127.738457	37.884682
1596707655192	1596707655189	-9.656	0.307	-0.115	-4.696	-1.159	0.109	127.738457	37.884682
1596707655211	1596707655209	-8.154	0.171	0.987	-4.815	-0.381	0.452	127.738457	37.884682
1596707655231	1596707655229	-7.905	0.151	1.607	-4.531	0.420	0.474	127.738457	37.884682
1596707655253	1596707655252	-9.041	0.185	1.641	-3.835	0.964	0.915	127.738457	37.884682
1596707655272	1596707655272	-11.568	-0.752	2.005	-2.721	1.608	1.160	127.738457	37.884682
1596707655292	1596707655293	-14.110	-1.377	2.065	-1.290	1.955	1.207	127.738457	37.884682
1596707655312	1596707655312	-14.704	-1.212	1.957	0.372	1.451	1.344	127.738457	37.884682
1596707655331	1596707655330	-12.576	-0.886	0.769	1.594	0.287	1.334	127.738457	37.884682
1596707655352	1596707655350	-9.316	-0.431	0.155	2.083	-0.520	1.264	127.738457	37.884682
1596707655376	1596707655368	-6.849	0.180	0.227	1.764	-0.553	1.355	127.738457	37.884682
1596707655389	1596707655388	-5.907	0.178	0.766	1.492	-0.138	1.565	127.738457	37.884682
1596707655407	1596707655406	-6.537	0.532	1.032	0.859	0.362	1.672	127.738457	37.884682
1596707655428	1596707655426	-7.754	0.789	0.960	-0.023	0.607	1.728	127.738457	37.884682
1596707655447	1596707655445	-8.801	-0.184	0.915	-0.844	0.455	1.717	127.738457	37.884682
1596707655466	1596707655466	-9.141	-0.809	0.491	-1.558	0.295	1.724	127.738457	37.884682
1596707655487	1596707655487	-9.580	-0.941	0.567	-2.096	0.269	1.700	127.738457	37.884682
1596707655507	1596707655507	-10.085	-1.099	0.632	-2.623	0.271	1.741	127.738457	37.884682
1596707655527	1596707655527	-10.655	-1.602	0.565	-2.999	0.341	1.771	127.738457	37.884682
1596707655547	1596707655546	-11.333	-2.057	0.505	-3.035	0.362	1.865	127.738457	37.884682
1596707655567	1596707655567	-12.121	-2.294	0.251	-2.889	0.419	2.138	127.738457	37.884682
1596707655587	1596707655583	-12.924	-3.118	0.529	-2.557	0.596	2.288	127.738457	37.884682
1596707655604	1596707655603	-13.139	-3.552	0.364	-2.176	0.451	2.302	127.738457	37.884682
1596707655625	1596707655623	-12.483	-4.218	-0.197	-1.599	0.022	2.420	127.738457	37.884682
1596707655645	1596707655644	-11.894	-4.599	-0.604	-0.714	0.030	2.211	127.738457	37.884682
1596707655665	1596707655665	-12.945	-4.232	-0.616	-0.031	0.569	1.682	127.738457	37.884682
1596707655685	1596707655685	-13.834	-4.060	0.294	0.723	0.591	1.057	127.738457	37.884682
1596707655704	1596707655705	-13.825	-2.915	-0.345	1.536	0.235	0.441	127.738457	37.884682
1596707655728	1596707655728	-14.306	-1.535	-0.192	2.070	0.332	-0.425	127.738457	37.884682
1596707655744	1596707655744	-13.628	-0.977	0.043	2.417	-0.057	-1.124	127.738457	37.884682
1596707655773	1596707655765	-12.167	-1.087	-0.326	2.576	-0.620	-1.842	127.738457	37.884682
1596707655783	1596707655782	-11.673	-1.101	-1.167	2.573	-0.885	-2.708	127.738457	37.884682
1596707655804	1596707655802	-11.091	-0.797	-1.541	2.578	-0.941	-3.031	127.738457	37.884682
1596707655822	1596707655821	-11.360	-1.264	-1.560	2.808	-0.922	-2.996	127.738457	37.884682
1596707655844	1596707655842	-12.198	-0.354	-1.109	3.234	-0.831	-2.989	127.738457	37.884682
1596707655867	1596707655867	-12.081	0.575	-0.506	3.714	-1.011	-2.887	127.738457	37.884682
1596707655889	1596707655889	-10.591	0.997	-0.848	3.941	-1.115	-2.574	127.738457	37.884682
1596707655914	1596707655914	-10.483	-1.360	1.243	4.188	-0.742	-2.442	127.738457	37.884682
1596707655932	1596707655932	-11.518	0.762	-0.597	4.165	-1.358	-2.680	127.738457	37.884682
1596707655943	1596707655941	-10.423	1.083	0.119	4.904	-1.811	-2.501	127.738457	37.884682
1596707655965	1596707655960	-8.878	2.715	-0.170	2.793	-1.747	-2.266	127.738457	37.884682
1596707655979	1596707655978	-8.526	-0.282	-0.554	1.662	-1.330	-2.122	127.738457	37.884682
1596707655999	1596707655997	-9.237	-0.086	-1.428	1.466	-0.568	-2.037	127.738457	37.884666
1596707656020	1596707656017	-9.872	-0.311	-2.657	2.122	-0.540	-1.855	127.738457	37.884666
1596707656040	1596707656037	-9.038	-0.733	-3.155	3.546	-0.813	-1.512	127.738457	37.884666
1596707656059	1596707656056	-9.369	-0.910	-1.316	4.689	-1.561	-0.451	127.738457	37.884666
1596707656079	1596707656076	-8.988	1.538	-3.639	3.899	-2.128	-0.725	127.738457	37.884666
1596707656101	1596707656101	-9.132	1.663	-2.540	2.159	-1.252	-0.832	127.738457	37.884666
1596707656117	1596707656118	-9.359	1.102	-3.043	0.787	-1.477	-0.303	127.738457	37.884666
1596707656144	1596707656144	-8.305	1.962	-2.564	-0.591	-1.459	-0.235	127.738457	37.884666
1596707656155	1596707656155	-8.689	2.837	-1.414	-2.494	-0.745	-0.336	127.738457	37.884666
1596707656177	1596707656176	-10.531	2.887	-1.658	-4.304	-0.063	-0.193	127.738457	37.884666
1596707656196	1596707656195	-11.563	1.694	-1.790	-5.745	0.562	-0.020	127.738457	37.884666
1596707656218	1596707656215	-13.197	0.357	-2.077	-6.709	1.121	0.450	127.738457	37.884666
1596707656236	1596707656234	-15.530	-0.404	-2.449	-7.564	1.713	1.062	127.738457	37.884666
1596707656255	1596707656253	-16.117	-2.052	-2.111	-7.620	1.424	1.599	127.738457	37.884666
1596707656274	1596707656273	-14.833	-2.831	-1.828	-7.360	0.521	2.292	127.738457	37.884666
1596707656299	1596707656299	-14.002	-3.801	-0.733	-6.228	0.190	2.907	127.738457	37.884666
1596707656320	1596707656320	-14.397	-5.004	0.793	-4.143	0.253	3.166	127.738457	37.884666
1596707656340	1596707656340	-14.193	-3.629	1.985	-2.254	0.165	3.287	127.738457	37.884666
1596707656358	1596707656357	-12.972	-2.529	1.413	-0.885	-0.084	3.257	127.738457	37.884666
1596707656377	1596707656377	-11.060	-3.665	2.177	0.404	-0.286	3.066	127.738457	37.884666
1596707656393	1596707656393	-9.271	-2.750	2.043	1.320	-0.735	2.631	127.738457	37.884666
1596707656416	1596707656413	-7.625	-0.888	1.578	1.541	-0.613	2.103	127.738457	37.884666
1596707656431	1596707656430	-7.194	2.238	1.310	0.238	0.012	2.104	127.738457	37.884666
1596707656451	1596707656450	-8.085	1.057	1.185	-1.614	0.425	2.134	127.738457	37.884666
1596707656471	1596707656471	-9.347	-1.379	0.184	-2.710	0.071	1.628	127.738457	37.884666
1596707656492	1596707656492	-10.253	-1.463	-0.506	-2.718	-0.328	1.174	127.738457	37.884666
1596707656510	1596707656510	-11.091	-0.951	-0.604	-2.688	-0.264	1.000	127.738457	37.884666
1596707656531	1596707656531	-11.798	-0.874	-0.743	-3.008	-0.134	0.813	127.738457	37.884666
1596707656551	1596707656551	-12.064	-1.636	-0.537	-3.140	-0.276	0.832	127.738457	37.884666
1596707656571	1596707656571	-11.388	-2.630	-0.772	-2.963	-0.611	1.134	127.738457	37.884666
1596707656590	1596707656589	-10.234	-3.327	-1.042	-2.376	-0.778	1.252	127.738457	37.884666
1596707656610	1596707656606	-9.410	-3.909	-1.294	-1.546	-0.753	1.407	127.738457	37.884666
1596707656628	1596707656626	-9.465	-4.266	-0.669	-0.623	-0.329	1.632	127.738457	37.884666
1596707656647	1596707656645	-10.483	-3.933	0.256	0.102	0.108	1.700	127.738457	37.884666
1596707656666	1596707656665	-11.501	-3.162	0.440	0.684	0.156	1.579	127.738457	37.884666
1596707656688	1596707656687	-12.600	-3.193	0.282	1.200	0.166	1.443	127.738457	37.884666
1596707656706	1596707656705	-14.440	-2.781	0.227	1.469	0.537	1.122	127.738457	37.884666
1596707656727	1596707656728	-15.298	-2.551	1.003	1.675	0.476	0.752	127.738457	37.884666
1596707656747	1596707656747	-12.497	-2.481	1.109	1.708	-0.356	0.320	127.738457	37.884666
1596707656767	1596707656766	-9.522	-2.390	0.800	1.654	-1.015	-0.295	127.738457	37.884666
1596707656789	1596707656789	-8.799	-2.009	-0.144	1.548	-0.953	-1.114	127.738457	37.884666
1596707656813	1596707656808	-10.857	-2.110	-0.685	1.627	-0.152	-1.801	127.738457	37.884666
1596707656826	1596707656823	-13.432	-1.578	-0.750	1.781	0.225	-2.353	127.738457	37.884666
1596707656845	1596707656843	-14.656	-1.626	-1.124	2.034	0.102	-2.814	127.738457	37.884666
1596707656863	1596707656862	-15.082	-1.811	-0.501	2.334	-0.102	-3.089	127.738457	37.884666
1596707656883	1596707656882	-14.325	-1.264	-0.343	2.774	-0.487	-3.235	127.738457	37.884666
1596707656905	1596707656903	-13.805	-0.637	-0.482	3.387	-0.801	-3.361	127.738457	37.884666
1596707656924	1596707656924	-13.024	-0.692	-0.585	4.015	-1.197	-3.640	127.738457	37.884666
1596707656946	1596707656942	-11.913	0.817	-0.503	4.178	-1.420	-3.836	127.738457	37.884651
1596707656975	1596707656975	-11.290	0.987	-0.295	4.022	-1.498	-3.720	127.738457	37.884651
1596707656991	1596707656982	-10.571	1.054	-0.194	3.610	-1.627	-3.575	127.738457	37.884651
1596707657004	1596707657004	-9.450	0.710	-1.066	3.217	-1.590	-3.285	127.738457	37.884651
1596707657024	1596707657021	-9.618	-0.471	-1.613	3.690	-1.380	-2.885	127.738457	37.884651
1596707657042	1596707657041	-9.965	0.978	-2.971	3.952	-1.392	-2.648	127.738457	37.884651
1596707657061	1596707657061	-10.035	0.595	-2.602	4.351	-1.697	-2.192	127.738457	37.884651
1596707657082	1596707657080	-8.557	4.322	-2.904	1.608	-2.091	-2.597	127.738457	37.884651
1596707657102	1596707657100	-7.845	3.539	-2.935	-1.681	-1.412	-2.428	127.738457	37.884651
1596707657122	1596707657122	-8.368	0.317	-3.675	-3.185	-0.512	-2.077	127.738457	37.884651
1596707657142	1596707657142	-8.447	1.924	-3.091	-3.713	-0.328	-2.082	127.738457	37.884651
1596707657162	1596707657162	-9.745	3.872	-2.772	-4.830	-0.199	-1.469	127.738457	37.884651
1596707657181	1596707657181	-11.482	2.154	-3.294	-6.164	0.304	-0.518	127.738457	37.884651
1596707657201	1596707657201	-13.616	0.707	-2.396	-7.541	0.978	0.118	127.738457	37.884651
1596707657225	1596707657221	-14.682	-2.278	-0.891	-7.499	0.509	0.502	127.738457	37.884651
1596707657245	1596707657238	-12.387	-3.811	-0.032	-6.321	-0.772	1.228	127.738457	37.884651
1596707657261	1596707657259	-9.829	-3.705	-0.281	-5.069	-1.243	1.975	127.738457	37.884651
1596707657279	1596707657275	-9.316	-3.023	-0.717	-4.051	-0.866	2.490	127.738457	37.884651
1596707657300	1596707657295	-11.899	-3.792	0.342	-2.961	-0.087	3.406	127.738457	37.884651
1596707657319	1596707657317	-16.095	-5.380	2.278	-1.796	0.325	3.842	127.738457	37.884651
1596707657338	1596707657337	-18.814	-5.409	3.475	-0.575	-0.078	3.883	127.738457	37.884651
1596707657360	1596707657360	-17.427	-4.383	4.209	-0.073	-1.080	3.901	127.738457	37.884651
1596707657377	1596707657377	-13.456	-0.677	2.630	-1.845	-2.050	3.071	127.738457	37.884651
1596707657398	1596707657398	-10.294	-1.947	0.361	-2.966	-2.578	2.603	127.738457	37.884651
1596707657417	1596707657413	-8.329	-1.887	-0.374	-3.740	-2.293	1.661	127.738457	37.884651
1596707657437	1596707657433	-8.075	-1.252	-0.341	-3.893	-1.836	1.262	127.738457	37.884651
1596707657455	1596707657453	-8.624	-0.929	-0.731	-4.368	-1.526	0.819	127.738457	37.884651
1596707657474	1596707657472	-9.072	-1.662	-1.351	-5.369	-1.404	0.392	127.738457	37.884651
1596707657494	1596707657492	-8.988	-2.972	-2.434	-5.424	-1.629	-0.022	127.738457	37.884651
1596707657514	1596707657511	-8.849	-2.793	-2.223	-5.381	-1.435	-0.386	127.738457	37.884651
1596707657534	1596707657534	-9.410	-2.781	-1.893	-5.022	-1.093	-0.620	127.738457	37.884651
1596707657554	1596707657554	-9.783	-2.946	-2.027	-4.341	-1.103	-0.690	127.738457	37.884651
1596707657573	1596707657573	-9.704	-2.948	-2.468	-3.572	-1.182	-0.562	127.738457	37.884651
1596707657593	1596707657593	-9.997	-2.965	-2.882	-2.719	-1.145	-0.465	127.738457	37.884651
1596707657613	1596707657613	-10.737	-3.190	-2.978	-1.654	-1.096	-0.157	127.738457	37.884651
1596707657635	1596707657635	-11.391	-3.210	-2.834	-0.620	-1.136	0.199	127.738457	37.884651
1596707657653	1596707657649	-11.178	-2.819	-2.523	0.249	-1.294	0.484	127.738457	37.884651
1596707657670	1596707657670	-10.550	-2.163	-2.710	0.808	-1.384	0.719	127.738457	37.884651
1596707657690	1596707657689	-11.525	-2.165	-2.856	1.238	-1.023	1.045	127.738457	37.884651
1596707657711	1596707657708	-13.401	-2.951	-2.214	1.424	-0.468	1.220	127.738457	37.884651
1596707657732	1596707657733	-13.501	-3.027	-2.120	1.547	-0.543	1.101	127.738457	37.884651
1596707657750	1596707657750	-12.576	-2.630	-2.583	1.622	-0.629	0.749	127.738457	37.884651
1596707657774	1596707657774	-11.676	-1.861	-2.542	1.415	-0.104	0.339	127.738457	37.884651
1596707657795	1596707657795	-10.516	-1.686	-1.974	1.331	0.182	0.247	127.738457	37.884651
1596707657810	1596707657807	-9.153	-2.108	-1.828	1.529	0.264	-0.074	127.738457	37.884651
1596707657833	1596707657833	-8.816	-2.821	-1.672	1.933	0.816	-0.549	127.738457	37.884651
1596707657849	1596707657847	-9.728	-3.456	-1.397	2.574	1.487	-0.877	127.738457	37.884651
1596707657868	1596707657866	-10.588	-3.210	-1.318	3.449	1.788	-1.121	127.738457	37.884651
1596707657887	1596707657886	-11.348	-3.080	-1.819	4.331	1.815	-1.249	127.738457	37.884651
1596707657907	1596707657905	-12.327	-2.920	-3.105	5.221	1.840	-1.548	127.738457	37.884651
1596707657926	1596707657926	-13.053	-1.827	-3.136	6.004	2.101	-1.941	127.738457	37.884651
1596707657952	1596707657951	-13.372	-0.551	-3.141	6.405	2.009	-2.203	127.738457	37.884651
1596707657964	1596707657962	-12.969	0.774	-3.306	6.494	1.781	-2.625	127.738457	37.884651
1596707657992	1596707657991	-12.608	2.101	-2.583	6.264	1.777	-2.863	127.738449	37.884644
1596707658011	1596707658003	-12.588	1.337	-1.313	5.849	1.816	-3.107	127.738449	37.884644
1596707658024	1596707658022	-11.693	0.089	-0.709	5.789	1.613	-3.246	127.738449	37.884644
1596707658046	1596707658043	-11.520	1.186	-0.458	5.854	1.393	-3.170	127.738449	37.884644
1596707658064	1596707658062	-11.031	2.465	0.079	5.489	0.859	-3.008	127.738449	37.884644
1596707658083	1596707658082	-9.244	1.917	-0.139	5.345	-0.080	-2.774	127.738449	37.884644
1596707658104	1596707658102	-7.330	2.516	-0.245	5.154	-0.567	-2.127	127.738449	37.884644
1596707658123	1596707658121	-6.087	1.143	-0.230	4.650	-0.671	-1.409	127.738449	37.884644
1596707658148	1596707658148	-5.354	1.229	-0.247	3.266	-0.382	-0.997	127.738449	37.884644
1596707658170	1596707658170	-5.596	1.787	0.493	1.935	-0.120	-0.513	127.738449	37.884644
1596707658187	1596707658187	-6.727	1.716	0.395	0.789	0.121	0.193	127.738449	37.884644
1596707658208	1596707658208	-7.512	2.159	0.922	-0.300	0.395	0.564	127.738449	37.884644
1596707658226	1596707658224	-9.149	1.811	-0.290	-1.239	0.171	0.816	127.738449	37.884644
1596707658244	1596707658242	-11.130	1.807	-2.032	-2.566	0.531	1.036	127.738449	37.884644
1596707658266	1596707658263	-14.879	1.179	-1.320	-3.825	1.541	1.590	127.738449	37.884644
1596707658282	1596707658280	-18.735	-0.527	-0.139	-4.571	1.477	1.879	127.738449	37.884644
1596707658303	1596707658301	-17.765	-2.184	1.173	-4.665	0.198	1.975	127.738449	37.884644
1596707658321	1596707658320	-13.456	-3.059	0.965	-4.144	-1.210	2.118	127.738449	37.884644
1596707658345	1596707658345	-10.768	-3.413	0.740	-3.366	-1.136	2.274	127.738449	37.884644
1596707658366	1596707658366	-11.086	-3.828	1.205	-2.449	-0.204	2.229	127.738449	37.884644
1596707658385	1596707658385	-13.642	-2.953	1.233	-1.353	0.667	1.876	127.738449	37.884644
1596707658405	1596707658405	-15.786	-1.748	1.868	-0.233	0.808	1.650	127.738449	37.884644
1596707658419	1596707658419	-15.286	-1.856	1.653	0.854	0.045	1.362	127.738449	37.884644
1596707658441	1596707658436	-12.670	-0.895	0.642	1.241	-0.598	0.923	127.738449	37.884644
1596707658460	1596707658458	-10.651	0.053	0.392	0.904	-0.735	0.565	127.738449	37.884644
1596707658478	1596707658475	-9.481	0.439	0.201	0.153	-0.772	0.310	127.738449	37.884644
1596707658499	1596707658495	-8.485	0.712	0.515	-0.894	-0.868	0.220	127.738449	37.884644
1596707658518	1596707658515	-7.716	0.391	0.510	-2.196	-0.899	0.231	127.738449	37.884644
1596707658540	1596707658540	-7.251	-0.512	0.115	-3.108	-0.869	0.298	127.738449	37.884644
1596707658560	1596707658560	-7.120	-1.348	-0.015	-3.483	-0.693	0.445	127.738449	37.884644
1596707658585	1596707658585	-7.347	-1.930	-0.010	-3.486	-0.613	0.686	127.738449	37.884644
1596707658606	1596707658606	-7.611	-2.563	0.048	-3.159	-0.624	0.980	127.738449	37.884644
1596707658615	1596707658615	-7.958	-2.771	0.007	-2.716	-0.613	1.200	127.738449	37.884644
1596707658639	1596707658633	-8.480	-2.795	-0.125	-2.185	-0.593	1.500	127.738449	37.884644
1596707658657	1596707658654	-9.120	-2.553	-0.343	-1.661	-0.482	1.828	127.738449	37.884644
1596707658674	1596707658672	-10.068	-2.481	-0.376	-1.102	-0.266	2.223	127.738449	37.884644
1596707658693	1596707658691	-11.046	-2.747	0.024	-0.585	-0.153	2.506	127.738449	37.884644
1596707658713	1596707658711	-11.994	-2.958	0.067	-0.080	-0.129	2.629	127.738449	37.884644
1596707658733	1596707658734	-13.844	-2.718	-0.858	0.415	0.240	2.664	127.738449	37.884644
1596707658754	1596707658751	-17.068	-2.223	-2.039	0.581	0.915	2.562	127.738449	37.884644
1596707658773	1596707658773	-19.349	-1.880	-1.929	0.443	0.875	2.060	127.738449	37.884644
1596707658793	1596707658793	-16.613	-1.264	-1.785	0.267	-0.345	1.146	127.738449	37.884644
1596707658812	1596707658813	-11.755	-0.840	-1.651	0.312	-0.948	0.278	127.738449	37.884644
1596707658832	1596707658832	-8.662	-0.879	-0.750	0.878	-0.580	-0.512	127.738449	37.884644
1596707658859	1596707658855	-8.027	-0.893	-0.158	1.617	0.078	-1.038	127.738449	37.884644
1596707658871	1596707658869	-9.170	-0.476	0.728	2.119	0.858	-1.302	127.738449	37.884644
1596707658893	1596707658891	-10.579	0.017	1.585	2.363	1.259	-1.425	127.738449	37.884644
1596707658910	1596707658908	-11.300	-0.979	2.299	2.762	1.033	-1.382	127.738449	37.884644
1596707658932	1596707658929	-11.316	-1.624	2.091	3.035	0.670	-1.246	127.738449	37.884644
1596707658948	1596707658948	-10.222	0.091	1.564	2.904	0.160	-1.268	127.738441	37.884632
1596707658975	1596707658975	-8.301	1.646	0.749	2.334	-0.531	-1.223	127.738441	37.884632
1596707659001	1596707658994	-6.660	2.152	0.048	1.404	-0.757	-1.088	127.738441	37.884632
1596707659011	1596707659008	-6.291	1.756	-0.087	0.793	-0.536	-0.859	127.738441	37.884632
1596707659029	1596707659025	-7.146	1.145	0.337	0.870	-0.142	-0.609	127.738441	37.884632
1596707659047	1596707659046	-8.346	1.054	0.062	1.839	-0.129	-0.234	127.738441	37.884632
1596707659066	1596707659065	-8.981	2.161	-0.173	2.639	-0.512	-0.185	127.738441	37.884632
1596707659088	1596707659085	-9.170	2.221	-0.350	2.217	-0.704	-0.048	127.738441	37.884632
1596707659107	1596707659105	-9.089	1.665	-0.530	1.115	-0.856	-0.029	127.738441	37.884632
1596707659126	1596707659124	-8.816	1.081	-0.264	0.464	-0.792	-0.215	127.738441	37.884632
1596707659146	1596707659146	-8.895	1.186	-0.101	0.101	-0.746	-0.099	127.738441	37.884632
1596707659166	1596707659166	-9.589	1.536	-0.211	-0.361	-0.757	-0.150	127.738441	37.884632
1596707659186	1596707659186	-10.677	1.064	-0.559	-1.178	-0.517	-0.151	127.738441	37.884632
1596707659206	1596707659206	-11.221	0.556	-0.709	-1.875	-0.376	-0.145	127.738441	37.884632
1596707659227	1596707659227	-11.156	0.149	-0.769	-2.286	-0.429	0.006	127.738441	37.884632
1596707659245	1596707659246	-10.885	-0.153	-1.011	-2.431	-0.520	0.044	127.738441	37.884632
1596707659268	1596707659266	-11.403	-0.230	-1.814	-2.344	-0.329	0.029	127.738441	37.884632
1596707659288	1596707659282	-13.266	-0.249	-1.962	-2.234	0.247	0.139	127.738441	37.884632
1596707659307	1596707659303	-14.402	-0.922	-1.356	-1.989	0.339	0.156	127.738441	37.884632
1596707659324	1596707659321	-13.983	-1.537	-1.066	-1.523	-0.048	0.122	127.738441	37.884632
1596707659343	1596707659341	-12.354	-2.270	0.191	-0.722	-0.230	0.206	127.738441	37.884632
1596707659363	1596707659363	-9.707	-2.656	0.999	0.162	-0.559	0.098	127.738441	37.884632
1596707659385	1596707659385	-7.659	-3.217	0.627	1.090	-0.371	-0.103	127.738441	37.884632
1596707659404	1596707659404	-7.989	-2.879	0.757	2.064	0.614	-0.371	127.738441	37.884632
1596707659424	1596707659424	-10.622	-2.017	1.130	3.131	1.451	-0.653	127.738441	37.884632
1596707659443	1596707659443	-13.115	-0.769	1.006	3.880	1.488	-0.955	127.738441	37.884632
1596707659462	1596707659461	-13.642	0.841	0.548	3.975	0.824	-1.230	127.738441	37.884632
1596707659486	1596707659481	-12.306	1.457	-0.012	3.638	-0.080	-1.434	127.738441	37.884632
1596707659502	1596707659500	-10.526	2.264	-0.594	2.776	-0.616	-1.557	127.738441	37.884632
1596707659520	1596707659518	-9.378	2.413	-0.218	1.705	-0.702	-1.484	127.738441	37.884632
1596707659541	1596707659539	-8.485	1.354	0.151	0.786	-0.801	-1.398	127.738441	37.884632
1596707659561	1596707659561	-7.627	0.997	0.294	0.246	-0.748	-1.265	127.738441	37.884632
1596707659582	1596707659580	-7.165	0.729	0.534	0.044	-0.511	-1.098	127.738441	37.884632
1596707659600	1596707659600	-7.163	0.520	0.716	-0.053	-0.236	-0.979	127.738441	37.884632
1596707659620	1596707659618	-7.560	-0.721	1.025	-0.141	-0.102	-0.795	127.738441	37.884632
1596707659643	1596707659641	-7.017	-1.070	0.694	-0.211	-0.153	-0.430	127.738441	37.884632
1596707659660	1596707659655	-6.446	-1.161	0.800	-0.072	0.082	-0.053	127.738441	37.884632
1596707659680	1596707659679	-7.567	-0.301	0.639	0.157	0.548	0.008	127.738441	37.884632
1596707659698	1596707659695	-8.665	-0.733	0.989	0.126	0.720	0.128	127.738441	37.884632
1596707659719	1596707659716	-9.189	-1.173	1.238	0.114	0.784	0.449	127.738441	37.884632
1596707659736	1596707659734	-9.860	-1.049	1.676	-0.058	1.089	0.409	127.738441	37.884632
1596707659759	1596707659759	-11.113	-0.742	2.345	-0.535	1.280	0.425	127.738441	37.884632
1596707659781	1596707659781	-11.738	-0.584	1.806	-1.429	0.854	0.486	127.738441	37.884632
1596707659800	1596707659800	-11.146	-1.257	0.476	-2.233	0.290	0.522	127.738441	37.884632
1596707659820	1596707659820	-11.566	-2.479	-0.101	-2.384	0.825	0.475	127.738441	37.884632
1596707659839	1596707659839	-14.481	-2.304	1.288	-2.484	1.778	0.378	127.738441	37.884632
1596707659859	1596707659855	-16.603	-1.743	1.947	-2.703	1.628	0.194	127.738441	37.884632
1596707659875	1596707659875	-15.037	-2.304	1.653	-1.885	0.173	0.047	127.738441	37.884632
1596707659894	1596707659892	-11.304	-2.247	-1.121	-1.065	-1.554	0.122	127.738441	37.884632
1596707659913	1596707659912	-9.853	-3.660	-1.728	-0.435	-1.432	0.476	127.738441	37.884632
1596707659935	1596707659935	-12.078	-5.126	-1.191	0.262	-0.419	0.535	127.738441	37.884632
1596707659952	1596707659951	-13.875	-2.752	-1.270	1.253	0.040	0.469	127.738441	37.884632
1596707659974	1596707659974	-13.688	-1.339	-1.292	2.191	-0.336	0.540	127.738426	37.884628
1596707659991	1596707659991	-11.554	-1.554	-1.172	2.465	-1.034	0.290	127.738426	37.884628
1596707660015	1596707660015	-8.863	-2.029	-1.157	2.525	-1.278	0.066	127.738426	37.884628
