1596707630527	1596707630526	-14.237	-0.560	0.500	-1.746	1.892	4.145	127.738426	37.884953
1596707630547	1596707630544	-15.226	-1.315	1.605	-2.080	1.747	4.034	127.738426	37.884953
1596707630570	1596707630564	-15.367	-1.276	1.320	-2.403	1.477	3.988	127.738426	37.884953
1596707630589	1596707630587	-15.125	-1.892	0.855	-2.777	1.214	3.916	127.738426	37.884953
1596707630608	1596707630604	-14.349	-2.903	1.257	-2.725	0.707	4.075	127.738426	37.884953
1596707630625	1596707630623	-14.062	-3.432	2.881	-2.283	1.048	4.194	127.738426	37.884953
1596707630645	1596707630643	-15.006	-5.478	4.625	-1.087	1.182	4.374	127.738426	37.884953
1596707630665	1596707630662	-15.851	-7.359	5.675	0.665	1.067	4.233	127.738426	37.884953
1596707630683	1596707630682	-14.929	-7.040	4.410	1.593	0.592	3.631	127.738426	37.884953
1596707630704	1596707630702	-13.961	-6.343	1.233	1.925	0.179	2.808	127.738426	37.884953
1596707630724	1596707630722	-14.821	-4.580	1.039	2.244	0.272	1.896	127.738426	37.884953
1596707630744	1596707630741	-14.014	-1.523	1.423	2.129	-0.129	0.754	127.738426	37.884953
1596707630766	1596707630763	-13.405	0.295	1.272	1.600	-0.545	-0.200	127.738426	37.884953
1596707630785	1596707630780	-12.972	0.971	1.439	0.706	-0.994	-1.241	127.738426	37.884953
1596707630806	1596707630802	-11.913	0.827	0.697	-0.301	-1.773	-2.088	127.738426	37.884953
1596707630822	1596707630820	-11.606	-0.349	-0.362	-0.947	-2.190	-2.739	127.738426	37.884953
1596707630846	1596707630842	-12.105	-1.324	-0.477	-1.249	-2.159	-3.391	127.738426	37.884953
1596707630862	1596707630860	-12.450	-2.029	-0.357	-1.483	-2.237	-3.736	127.738426	37.884953
1596707630884	1596707630883	-12.521	-2.405	-0.228	-1.686	-2.138	-3.861	127.738426	37.884953
1596707630903	1596707630900	-12.993	-2.781	0.666	-1.598	-1.681	-3.865	127.738426	37.884953
1596707630921	1596707630919	-13.084	-2.529	1.391	-1.272	-1.411	-3.818	127.738426	37.884953
1596707630947	1596707630940	-12.255	-2.069	1.787	-0.912	-1.277	-3.624	127.738434	37.884941
1596707630965	1596707630959	-11.237	-1.777	1.645	-0.700	-1.083	-3.457	127.738434	37.884941
1596707630980	1596707630979	-10.921	-1.411	1.130	-0.719	-0.580	-3.320	127.738434	37.884941
1596707631000	1596707630998	-11.269	-1.365	0.845	-0.640	0.049	-3.181	127.738434	37.884941
1596707631020	1596707631017	-11.719	-1.602	0.297	-0.302	0.185	-3.124	127.738434	37.884941
1596707631040	1596707631037	-11.970	-1.051	-0.748	0.084	0.411	-3.215	127.738434	37.884941
1596707631059	1596707631057	-12.325	-1.042	-1.102	0.583	0.719	-3.284	127.738434	37.884941
1596707631079	1596707631076	-12.902	-1.015	-1.763	1.346	0.463	-3.278	127.738434	37.884941
1596707631098	1596707631096	-12.672	-1.006	-1.316	1.970	0.218	-3.155	127.738434	37.884941
1596707631118	1596707631115	-12.107	-0.807	-0.662	2.400	-0.136	-3.143	127.738434	37.884941
1596707631137	1596707631134	-11.381	-0.622	-0.190	2.705	-0.528	-3.061	127.738434	37.884941
1596707631158	1596707631154	-10.706	-0.134	0.083	2.853	-0.825	-3.068	127.738434	37.884941
1596707631179	1596707631174	-10.399	0.872	0.083	2.632	-0.991	-3.118	127.738434	37.884941
1596707631197	1596707631194	-10.143	2.140	0.479	1.954	-0.902	-3.056	127.738434	37.884941
1596707631221	1596707631217	-9.419	3.704	1.272	1.070	-0.863	-2.787	127.738434	37.884941
1596707631234	1596707631233	-7.666	4.315	2.062	0.348	-1.079	-2.272	127.738434	37.884941
1596707631258	1596707631253	-5.862	3.771	2.299	-0.336	-1.075	-1.750	127.738434	37.884941
1596707631276	1596707631273	-6.257	2.250	1.497	-1.074	-0.512	-0.908	127.738434	37.884941
1596707631296	1596707631294	-8.480	0.678	0.960	-1.718	0.454	0.004	127.738434	37.884941
1596707631315	1596707631315	-11.039	-0.031	0.740	-2.185	1.097	0.897	127.738434	37.884941
1596707631335	1596707631336	-12.735	-0.232	2.029	-2.386	1.158	1.771	127.738434	37.884941
1596707631359	1596707631359	-12.524	-0.725	3.174	-2.232	0.522	2.660	127.738434	37.884941
1596707631375	1596707631375	-11.137	-1.236	3.219	-1.950	0.053	3.304	127.738434	37.884941
1596707631397	1596707631397	-11.396	-1.478	2.381	-1.607	0.637	3.792	127.738434	37.884941
1596707631416	1596707631413	-13.743	-0.625	2.479	-1.110	1.427	4.432	127.738434	37.884941
1596707631434	1596707631434	-14.998	0.024	2.376	-1.082	1.299	4.343	127.738434	37.884941
1596707631453	1596707631452	-14.656	-0.491	1.662	-1.211	0.588	3.932	127.738434	37.884941
1596707631473	1596707631471	-13.805	-1.039	1.193	-0.856	0.141	3.692	127.738434	37.884941
1596707631493	1596707631492	-13.051	-0.407	0.795	-0.575	0.064	3.381	127.738434	37.884941
1596707631517	1596707631517	-12.629	-0.704	0.728	-0.893	-0.041	3.042	127.738434	37.884941
1596707631540	1596707631540	-11.688	-0.747	-0.168	-1.167	-0.498	2.734	127.738434	37.884941
1596707631560	1596707631559	-10.777	-0.366	-0.611	-1.710	-0.628	2.601	127.738434	37.884941
1596707631580	1596707631580	-11.194	-0.764	-0.568	-2.274	-0.440	2.489	127.738434	37.884941
1596707631594	1596707631593	-12.452	-0.917	-0.345	-2.623	-0.241	2.441	127.738434	37.884941
1596707631616	1596707631610	-13.508	-1.113	-0.036	-3.025	-0.174	2.470	127.738434	37.884941
1596707631631	1596707631631	-13.556	-1.617	0.050	-3.388	-0.413	2.418	127.738434	37.884941
1596707631649	1596707631649	-12.771	-2.340	0.040	-3.543	-0.641	2.538	127.738434	37.884941
1596707631668	1596707631668	-12.095	-2.881	0.122	-3.441	-0.719	2.728	127.738434	37.884941
1596707631688	1596707631688	-11.760	-3.104	-0.096	-3.341	-0.694	2.935	127.738434	37.884941
1596707631709	1596707631709	-11.549	-3.459	-0.372	-3.127	-0.758	3.212	127.738434	37.884941
1596707631739	1596707631739	-11.592	-4.283	-0.535	-2.779	-0.653	3.392	127.738434	37.884941
1596707631754	1596707631754	-12.426	-4.582	-0.638	-2.349	-0.255	3.263	127.738434	37.884941
1596707631774	1596707631774	-12.929	-4.781	-0.697	-1.972	-0.133	3.043	127.738434	37.884941
1596707631801	1596707631798	-12.378	-5.272	-1.565	-1.487	-0.515	2.691	127.738434	37.884941
1596707631818	1596707631812	-12.174	-5.828	-2.384	-0.765	-0.413	2.137	127.738434	37.884941
1596707631829	1596707631825	-11.913	-5.672	-1.751	0.013	-0.024	1.371	127.738434	37.884941
1596707631849	1596707631845	-11.230	-4.882	-1.392	0.836	-0.001	0.598	127.738434	37.884941
1596707631864	1596707631863	-11.542	-3.171	-0.983	1.401	0.414	-0.359	127.738434	37.884941
1596707631888	1596707631887	-11.585	-2.103	-0.398	1.723	0.620	-1.094	127.738434	37.884941
1596707631904	1596707631903	-11.328	-1.815	-0.041	1.671	0.537	-1.832	127.738434	37.884941
1596707631923	1596707631922	-11.688	-1.878	-0.269	1.352	0.548	-2.534	127.738434	37.884941
1596707631944	1596707631941	-12.028	-2.371	-0.606	1.249	0.603	-3.021	127.738434	37.884941
1596707631964	1596707631964	-12.435	-2.606	-1.119	1.398	0.767	-3.258	127.738441	37.884930
1596707631987	1596707631982	-13.317	-2.678	-1.052	1.821	1.060	-3.411	127.738441	37.884930
1596707632002	1596707632001	-14.086	-2.409	-0.477	2.267	1.125	-3.446	127.738441	37.884930
1596707632022	1596707632021	-14.256	-2.342	-0.271	2.630	0.927	-3.421	127.738441	37.884930
1596707632043	1596707632043	-14.086	-1.803	-0.046	2.856	0.915	-3.552	127.738441	37.884930
1596707632063	1596707632063	-13.762	-1.940	-0.721	3.105	0.727	-3.620	127.738441	37.884930
1596707632083	1596707632082	-13.446	-1.552	-0.808	4.234	0.885	-4.114	127.738441	37.884930
1596707632104	1596707632105	-13.671	2.446	-1.162	3.450	0.530	-3.625	127.738441	37.884930
1596707632123	1596707632122	-13.386	1.167	-1.074	2.929	0.309	-2.998	127.738441	37.884930
1596707632143	1596707632143	-14.445	-2.750	-1.586	2.298	0.012	-3.423	127.738441	37.884930
1596707632164	1596707632165	-13.935	-1.451	-2.070	2.957	-0.238	-3.768	127.738441	37.884930
1596707632185	1596707632183	-13.999	0.767	-1.888	4.236	-0.266	-3.320	127.738441	37.884930
1596707632206	1596707632206	-14.744	1.177	-1.138	4.408	-0.447	-3.233	127.738441	37.884930
1596707632226	1596707632222	-13.415	1.869	-0.628	3.507	-1.213	-3.169	127.738441	37.884930
1596707632240	1596707632239	-10.931	0.590	-0.741	2.590	-1.948	-3.099	127.738441	37.884930
1596707632263	1596707632262	-9.172	0.844	-0.836	1.549	-1.972	-3.054	127.738441	37.884930
1596707632278	1596707632277	-8.832	1.534	-0.961	0.369	-1.494	-2.789	127.738441	37.884930
1596707632300	1596707632297	-9.398	0.980	-1.040	-0.411	-1.007	-2.350	127.738441	37.884930
1596707632320	1596707632317	-9.383	1.876	-0.925	-1.150	-0.867	-2.183	127.738441	37.884930
1596707632339	1596707632339	-9.007	2.482	-1.354	-1.588	-0.877	-1.700	127.738441	37.884930
1596707632365	1596707632365	-8.784	1.253	-1.105	-1.967	-0.487	-0.918	127.738441	37.884930
1596707632379	1596707632378	-8.123	0.180	-0.163	-2.222	-0.394	-0.313	127.738441	37.884930
1596707632399	1596707632397	-7.853	-1.473	0.699	-2.016	-0.153	0.354	127.738441	37.884930
1596707632417	1596707632415	-8.909	-2.352	1.176	-1.492	0.580	1.048	127.738441	37.884930
1596707632440	1596707632435	-10.226	-1.712	1.691	-0.787	0.836	1.647	127.738441	37.884930
1596707632458	1596707632458	-10.789	-1.245	1.835	-0.143	0.658	2.245	127.738441	37.884930
1596707632476	1596707632473	-11.005	-1.149	1.571	0.174	0.715	2.716	127.738441	37.884930
1596707632495	1596707632493	-11.987	-0.852	1.274	0.270	1.081	3.170	127.738441	37.884930
1596707632515	1596707632513	-13.875	-0.812	1.327	0.245	1.589	3.630	127.738441	37.884930
1596707632533	1596707632533	-15.597	-0.268	1.590	0.133	1.689	3.639	127.738441	37.884930
1596707632554	1596707632554	-15.449	-0.503	1.456	-0.240	1.054	3.565	127.738441	37.884930
1596707632576	1596707632575	-13.698	-0.915	0.958	-0.503	0.365	3.431	127.738441	37.884930
1596707632594	1596707632594	-11.843	-0.953	0.781	-0.668	-0.058	3.244	127.738441	37.884930
1596707632618	1596707632618	-10.430	-1.284	0.685	-0.747	-0.143	3.250	127.738441	37.884930
1596707632633	1596707632633	-10.023	-1.537	0.702	-0.847	0.149	3.422	127.738441	37.884930
1596707632653	1596707632653	-10.888	-1.334	1.044	-0.940	0.671	3.369	127.738441	37.884930
1596707632672	1596707632670	-12.358	-0.931	1.351	-1.089	0.715	3.255	127.738441	37.884930
1596707632692	1596707632690	-12.900	-0.737	1.152	-1.617	0.479	3.487	127.738441	37.884930
1596707632712	1596707632709	-12.648	-1.022	0.563	-2.204	0.254	3.465	127.738441	37.884930
1596707632732	1596707632731	-12.562	-1.061	-0.494	-2.693	-0.054	3.425	127.738441	37.884930
1596707632752	1596707632752	-12.541	-0.426	-0.621	-3.067	0.046	3.551	127.738441	37.884930
1596707632772	1596707632772	-12.921	-1.535	-0.453	-3.303	0.329	3.481	127.738441	37.884930
1596707632792	1596707632792	-13.781	-3.734	-0.956	-3.457	0.103	3.217	127.738441	37.884930
1596707632811	1596707632811	-13.777	-4.635	-1.157	-3.057	-0.113	2.791	127.738441	37.884930
1596707632838	1596707632831	-13.341	-4.426	-0.834	-2.618	-0.251	2.754	127.738441	37.884930
1596707632851	1596707632848	-12.349	-4.014	-0.798	-2.180	-0.561	2.491	127.738441	37.884930
1596707632868	1596707632867	-11.185	-4.683	-0.937	-1.731	-0.644	2.114	127.738441	37.884930
1596707632891	1596707632886	-11.132	-6.015	-1.629	-1.113	-0.434	1.639	127.738441	37.884930
1596707632906	1596707632906	-11.918	-5.782	-1.493	-0.452	0.070	0.923	127.738441	37.884930
1596707632931	1596707632927	-12.864	-4.014	-0.314	0.175	0.463	0.040	127.738441	37.884930
1596707632950	1596707632950	-12.897	-1.959	-0.053	0.664	0.497	-0.696	127.738449	37.884918
1596707632977	1596707632977	-12.184	-1.106	-0.214	1.108	0.381	-1.321	127.738449	37.884918
1596707632996	1596707632992	-11.633	-1.530	-0.479	1.349	0.217	-2.016	127.738449	37.884918
1596707633011	1596707633004	-11.561	-2.110	-0.695	1.424	0.277	-2.735	127.738449	37.884918
1596707633030	1596707633024	-11.822	-2.421	-0.903	1.762	0.403	-3.222	127.738449	37.884918
1596707633046	1596707633044	-12.315	-2.417	-1.210	2.307	0.427	-3.366	127.738449	37.884918
1596707633065	1596707633063	-13.324	-2.318	-1.320	2.916	0.367	-3.455	127.738449	37.884918
1596707633084	1596707633083	-14.407	-1.988	-1.447	3.392	0.252	-3.476	127.738449	37.884918
1596707633105	1596707633103	-15.065	-1.147	-0.868	3.676	0.159	-3.437	127.738449	37.884918
1596707633124	1596707633122	-14.673	0.017	-0.058	3.784	-0.361	-3.279	127.738449	37.884918
1596707633144	1596707633142	-13.293	0.039	-0.930	3.827	-1.046	-2.954	127.738449	37.884918
1596707633164	1596707633164	-12.361	-0.771	0.069	4.041	-0.780	-3.028	127.738449	37.884918
1596707633184	1596707633184	-12.862	0.056	0.064	3.517	-0.574	-3.231	127.738449	37.884918
1596707633204	1596707633204	-13.504	0.096	-0.302	3.210	-0.665	-3.210	127.738449	37.884918
1596707633227	1596707633227	-13.611	0.424	-0.530	2.558	-0.717	-3.389	127.738449	37.884918
1596707633244	1596707633241	-13.324	0.537	-0.853	1.876	-0.941	-3.267	127.738449	37.884918
1596707633265	1596707633262	-12.495	0.048	-0.331	1.351	-1.042	-3.073	127.738449	37.884918
1596707633284	1596707633281	-11.875	-0.153	-0.848	1.132	-1.440	-3.098	127.738449	37.884918
1596707633307	1596707633303	-11.501	0.638	-0.111	0.790	-1.329	-3.120	127.738449	37.884918
1596707633323	1596707633321	-11.688	0.115	-0.544	-0.337	-1.165	-2.843	127.738449	37.884918
1596707633343	1596707633341	-11.391	-1.188	-0.872	-0.416	-1.307	-2.994	127.738449	37.884918
1596707633362	1596707633362	-10.550	0.197	-1.397	-0.368	-1.497	-3.159	127.738449	37.884918
1596707633384	1596707633384	-9.831	0.712	-1.217	-0.476	-1.319	-3.106	127.738449	37.884918
1596707633402	1596707633403	-9.565	0.836	-1.179	-0.859	-1.080	-2.877	127.738449	37.884918
1596707633421	1596707633421	-9.786	1.517	-1.385	-1.137	-0.795	-2.491	127.738449	37.884918
1596707633446	1596707633443	-9.846	2.722	-1.057	-1.333	-0.547	-2.006	127.738449	37.884918
1596707633465	1596707633464	-9.141	2.401	-0.616	-1.468	-0.562	-1.132	127.738449	37.884918
1596707633481	1596707633479	-8.542	0.024	-0.276	-1.530	-0.403	-0.056	127.738449	37.884918
1596707633500	1596707633497	-7.795	-1.765	1.087	-1.300	-0.145	0.937	127.738449	37.884918
1596707633520	1596707633517	-7.256	-2.812	2.702	-0.629	-0.025	1.833	127.738449	37.884918
1596707633537	1596707633537	-7.774	-2.256	2.345	-0.205	0.334	2.377	127.738449	37.884918
1596707633560	1596707633557	-9.493	-0.579	1.569	-0.099	1.025	2.874	127.738449	37.884918
1596707633584	1596707633584	-11.908	0.389	1.372	-0.266	1.562	3.344	127.738449	37.884918
1596707633607	1596707633607	-14.313	0.714	2.012	-0.413	1.748	3.745	127.738449	37.884918
1596707633621	1596707633621	-16.306	-0.246	2.309	-0.413	1.638	4.221	127.738449	37.884918
1596707633649	1596707633649	-16.385	-0.565	2.553	-0.426	1.342	4.286	127.738449	37.884918
1596707633662	1596707633662	-14.320	-0.026	1.849	-0.797	0.521	3.831	127.738449	37.884918
1596707633678	1596707633678	-12.780	-0.304	0.908	-1.160	-0.019	3.648	127.738449	37.884918
1596707633695	1596707633695	-12.076	0.154	0.539	-1.706	0.112	3.358	127.738449	37.884918
1596707633715	1596707633713	-11.855	-0.673	0.862	-2.097	0.257	3.386	127.738449	37.884918
1596707633733	1596707633733	-11.973	-1.257	0.857	-2.282	0.050	3.310	127.738449	37.884918
1596707633755	1596707633752	-12.490	-1.811	0.812	-2.168	0.040	3.473	127.738449	37.884918
1596707633774	1596707633774	-13.384	-1.693	1.027	-2.285	0.259	3.587	127.738449	37.884918
1596707633797	1596707633797	-14.021	-1.796	1.008	-2.494	0.027	3.618	127.738449	37.884918
1596707633821	1596707633821	-13.535	-1.866	0.603	-2.536	-0.559	3.441	127.738449	37.884918
1596707633840	1596707633840	-12.603	-1.137	-0.077	-2.975	-0.750	3.426	127.738449	37.884918
1596707633857	1596707633857	-12.148	-1.655	-0.163	-3.414	-0.489	3.586	127.738449	37.884918
1596707633876	1596707633876	-12.143	-2.845	-0.223	-3.501	-0.509	3.536	127.738449	37.884918
1596707633893	1596707633891	-11.951	-3.772	-0.959	-3.251	-0.665	3.440	127.738449	37.884918
1596707633911	1596707633911	-11.899	-4.216	-1.344	-2.642	-0.445	3.039	127.738449	37.884918
1596707633932	1596707633930	-12.059	-4.496	-1.711	-1.879	-0.525	2.750	127.738449	37.884918
1596707633950	1596707633950	-11.482	-4.568	-1.605	-1.209	-0.551	2.369	127.738449	37.884918
1596707633974	1596707633974	-10.936	-5.881	-1.756	-0.586	-0.446	1.839	127.738457	37.884907
1596707633990	1596707633989	-12.030	-4.786	-1.335	0.155	0.050	1.060	127.738457	37.884907
1596707634011	1596707634008	-12.476	-2.881	-0.355	0.864	0.362	0.237	127.738457	37.884907
1596707634029	1596707634028	-11.918	-2.122	-0.542	1.418	0.175	-0.414	127.738457	37.884907
1596707634049	1596707634048	-12.253	-2.002	-0.882	1.815	0.237	-1.144	127.738457	37.884907
1596707634068	1596707634068	-12.715	-2.354	-0.642	2.070	0.244	-1.772	127.738457	37.884907
1596707634091	1596707634089	-12.411	-2.522	-0.774	2.361	0.038	-2.275	127.738457	37.884907
1596707634111	1596707634110	-12.114	-2.309	-1.184	2.670	-0.110	-2.705	127.738457	37.884907
1596707634128	1596707634126	-12.636	-2.266	-1.395	2.973	-0.059	-2.943	127.738457	37.884907
1596707634147	1596707634146	-13.860	-2.438	-1.347	3.391	-0.059	-3.045	127.738457	37.884907
1596707634167	1596707634166	-15.020	-2.045	-1.078	3.791	-0.131	-3.207	127.738457	37.884907
1596707634188	1596707634186	-15.307	-0.958	-0.674	4.037	-0.395	-3.348	127.738457	37.884907
1596707634215	1596707634214	-14.649	-0.021	-0.197	4.059	-0.758	-3.351	127.738457	37.884907
1596707634243	1596707634243	-13.992	0.487	-0.932	3.662	-1.058	-3.390	127.738457	37.884907
1596707634246	1596707634244	-14.169	-0.385	-0.616	3.141	-0.797	-3.798	127.738457	37.884907
1596707634275	1596707634269	-14.040	0.935	0.141	2.274	-0.637	-4.199	127.738457	37.884907
1596707634288	1596707634289	-14.835	-0.886	-0.532	1.794	-0.976	-4.136	127.738457	37.884907
1596707634311	1596707634311	-14.447	-0.016	-0.963	1.880	-1.048	-4.446	127.738457	37.884907
1596707634324	1596707634322	-13.662	1.332	-1.404	1.836	-1.325	-4.312	127.738457	37.884907
1596707634345	1596707634343	-13.757	0.209	-1.917	1.632	-1.148	-4.163	127.738457	37.884907
1596707634364	1596707634362	-13.803	-0.570	-0.975	1.828	-1.142	-3.823	127.738457	37.884907
1596707634386	1596707634384	-13.056	1.478	0.349	0.894	-1.621	-3.093	127.738457	37.884907
1596707634404	1596707634404	-11.362	0.293	-0.422	-0.242	-1.969	-3.332	127.738457	37.884907
1596707634424	1596707634425	-10.370	-0.780	-1.066	-0.661	-1.626	-3.172	127.738457	37.884907
1596707634444	1596707634444	-10.397	-0.464	-0.911	-0.505	-1.125	-2.976	127.738457	37.884907
1596707634464	1596707634464	-10.610	0.051	-0.518	-0.528	-0.916	-2.984	127.738457	37.884907
1596707634485	1596707634484	-10.444	-0.148	-0.420	-0.776	-0.870	-2.820	127.738457	37.884907
1596707634505	1596707634505	-9.326	0.209	-0.345	-0.902	-0.929	-2.592	127.738457	37.884907
1596707634525	1596707634521	-8.140	0.779	-0.745	-0.976	-0.949	-2.179	127.738457	37.884907
1596707634542	1596707634540	-8.188	1.057	-0.403	-0.858	-0.509	-1.566	127.738457	37.884907
1596707634561	1596707634559	-8.497	0.638	0.661	-0.477	-0.088	-0.726	127.738457	37.884907
1596707634581	1596707634579	-8.425	0.427	0.548	-0.354	-0.167	-0.122	127.738457	37.884907
1596707634602	1596707634600	-8.526	-0.016	1.126	-0.359	0.095	0.696	127.738457	37.884907
1596707634620	1596707634619	-8.818	-0.673	1.712	-0.411	0.310	1.482	127.738457	37.884907
1596707634641	1596707634641	-9.055	-0.713	1.688	-0.418	0.389	2.074	127.738457	37.884907
1596707634660	1596707634660	-9.640	-0.591	1.475	-0.349	0.569	2.784	127.738457	37.884907
1596707634683	1596707634683	-10.890	-0.225	0.994	-0.386	0.935	3.400	127.738457	37.884907
1596707634704	1596707634703	-12.938	0.197	1.109	-0.548	1.398	3.893	127.738457	37.884907
1596707634725	1596707634724	-15.669	0.259	1.068	-0.868	1.621	4.608	127.738457	37.884907
1596707634738	1596707634735	-17.341	-0.814	0.934	-1.309	1.832	5.225	127.738457	37.884907
1596707634760	1596707634758	-16.625	-1.518	0.977	-1.634	1.167	4.997	127.738457	37.884907
1596707634776	1596707634774	-14.792	-1.976	0.354	-1.074	-0.130	4.934	127.738457	37.884907
1596707634800	1596707634797	-13.003	-0.507	-0.082	-1.223	-0.130	4.704	127.738457	37.884907
1596707634816	1596707634816	-12.069	-0.891	-0.463	-2.066	0.217	4.137	127.738457	37.884907
1596707634836	1596707634836	-11.913	-1.437	-0.434	-2.513	0.225	4.100	127.738457	37.884907
1596707634856	1596707634856	-12.893	-1.418	0.373	-2.000	0.123	3.738	127.738457	37.884907
1596707634876	1596707634876	-13.623	-0.313	-0.271	-1.859	0.227	3.728	127.738457	37.884907
1596707634900	1596707634900	-15.034	-1.564	-0.156	-2.412	0.585	3.636	127.738457	37.884907
1596707634914	1596707634913	-15.485	-0.759	-0.961	-3.151	0.188	3.473	127.738457	37.884907
1596707634934	1596707634933	-15.523	-0.986	-1.119	-3.757	0.086	3.574	127.738457	37.884907
1596707634953	1596707634951	-15.269	-2.182	-1.538	-4.341	-0.164	3.449	127.738472	37.884899
1596707634973	1596707634971	-14.800	-2.544	-1.701	-4.498	-0.333	3.262	127.738472	37.884899
1596707634996	1596707634994	-14.277	-3.710	-1.478	-3.901	-0.709	3.332	127.738472	37.884899
1596707635013	1596707635011	-13.290	-4.838	-1.572	-3.030	-1.075	3.201	127.738472	37.884899
1596707635032	1596707635030	-12.287	-5.385	-1.639	-1.963	-1.090	3.044	127.738472	37.884899
1596707635052	1596707635050	-12.097	-6.594	-2.511	-0.779	-1.022	2.760	127.738472	37.884899
1596707635071	1596707635069	-13.446	-6.894	-2.794	0.073	-0.527	2.344	127.738472	37.884899
1596707635098	1596707635095	-14.007	-7.368	-1.239	0.734	-0.221	1.712	127.738472	37.884899
1596707635111	1596707635111	-12.691	-6.901	-0.611	1.081	-0.527	0.786	127.738472	37.884899
1596707635134	1596707635133	-11.278	-4.704	0.131	1.498	-0.408	-0.103	127.738472	37.884899
1596707635155	1596707635149	-10.615	-2.081	0.189	1.890	-0.136	-1.023	127.738472	37.884899
1596707635169	1596707635168	-10.794	-1.094	0.091	1.928	0.049	-2.028	127.738472	37.884899
1596707635189	1596707635188	-11.338	-1.954	-0.187	1.667	-0.029	-2.873	127.738472	37.884899
1596707635209	1596707635207	-12.174	-2.718	-0.765	1.761	-0.086	-3.598	127.738472	37.884899
1596707635230	1596707635230	-13.489	-3.310	-1.320	2.379	0.027	-4.122	127.738472	37.884899
1596707635250	1596707635250	-15.065	-3.531	-1.421	2.981	0.150	-4.520	127.738472	37.884899
1596707635269	1596707635269	-16.903	-2.551	-1.189	3.153	0.082	-4.999	127.738472	37.884899
1596707635289	1596707635289	-18.017	-0.424	-0.834	3.217	-0.143	-5.503	127.738472	37.884899
1596707635310	1596707635310	-17.866	1.093	-1.713	2.889	-0.143	-5.722	127.738472	37.884899
1596707635333	1596707635326	-18.850	-1.933	-2.451	3.666	-0.105	-5.387	127.738472	37.884899
1596707635349	1596707635346	-19.181	0.180	-1.581	5.212	-0.323	-5.832	127.738472	37.884899
1596707635367	1596707635364	-18.460	3.721	-1.641	5.301	-1.088	-6.021	127.738472	37.884899
1596707635387	1596707635384	-17.851	1.994	-1.740	5.006	-1.189	-5.232	127.738472	37.884899
1596707635408	1596707635406	-16.795	0.971	-4.569	5.658	-0.939	-4.789	127.738472	37.884899
1596707635426	1596707635425	-15.753	-1.636	-5.848	9.229	-1.361	-3.820	127.738472	37.884899
1596707635447	1596707635446	-14.373	-0.448	-5.853	11.830	-2.488	-2.821	127.738472	37.884899
1596707635465	1596707635464	-12.797	1.776	-5.668	11.498	-2.866	-2.255	127.738472	37.884899
1596707635490	1596707635490	-10.643	1.718	-5.400	10.802	-2.631	-1.935	127.738472	37.884899
1596707635509	1596707635509	-8.842	2.190	-4.264	9.070	-2.896	-1.013	127.738472	37.884899
1596707635529	1596707635529	-6.250	5.244	-0.214	4.834	-3.246	-0.326	127.738472	37.884899
1596707635546	1596707635546	-6.564	3.881	-0.350	-0.468	-3.165	0.317	127.738472	37.884899
1596707635563	1596707635562	-8.164	3.419	0.069	-3.913	-2.448	-0.426	127.738472	37.884899
1596707635583	1596707635583	-7.017	4.276	-2.305	-7.135	-2.155	-0.935	127.738472	37.884899
1596707635603	1596707635602	-6.822	2.877	-4.473	-9.149	-1.072	-1.050	127.738472	37.884899
1596707635626	1596707635626	-8.332	1.352	-3.191	-10.382	0.295	-1.098	127.738472	37.884899
1596707635653	1596707635653	-10.064	0.163	-2.882	-10.998	0.497	-0.867	127.738472	37.884899
1596707635672	1596707635672	-11.283	-1.149	-1.895	-10.474	0.522	-0.275	127.738472	37.884899
1596707635690	1596707635690	-11.290	-3.236	0.512	-8.739	0.267	0.697	127.738472	37.884899
1596707635707	1596707635707	-10.102	-4.745	1.240	-6.467	-0.467	1.664	127.738472	37.884899
1596707635727	1596707635723	-9.493	-4.606	0.828	-3.914	-0.571	2.499	127.738472	37.884899
1596707635744	1596707635743	-10.998	-3.023	0.836	-1.862	0.025	3.110	127.738472	37.884899
1596707635765	1596707635763	-13.345	-1.645	1.293	-0.680	0.569	3.862	127.738472	37.884899
1596707635781	1596707635779	-15.789	-0.713	2.026	-0.008	0.744	4.538	127.738472	37.884899
1596707635802	1596707635799	-16.440	0.072	1.902	-0.372	0.960	4.913	127.738472	37.884899
1596707635824	1596707635824	-15.923	-0.448	2.127	-1.287	1.026	5.083	127.738472	37.884899
1596707635843	1596707635843	-15.228	-1.238	0.943	-1.973	-0.077	5.507	127.738472	37.884899
1596707635865	1596707635864	-14.416	-1.181	-1.062	-2.000	-1.186	5.382	127.738472	37.884899
1596707635883	1596707635883	-13.283	-1.583	-1.644	-2.029	-0.949	5.052	127.738472	37.884899
1596707635913	1596707635914	-13.853	0.266	-1.854	-2.792	-0.105	4.645	127.738472	37.884899
1596707635922	1596707635920	-16.064	-1.212	-1.589	-3.180	0.044	4.919	127.738472	37.884899
1596707635944	1596707635943	-17.420	-2.546	-1.282	-3.439	-0.445	4.790	127.738472	37.884899
1596707635963	1596707635963	-17.396	-2.369	-1.893	-3.483	-1.120	4.403	127.738472	37.884899
1596707635975	1596707635975	-16.920	-3.847	-1.608	-3.468	-1.342	3.952	127.738472	37.884899
1596707635995	1596707635994	-15.430	-3.147	-2.310	-3.051	-1.774	3.546	127.738472	37.884888
1596707636016	1596707636014	-14.193	-2.270	-1.438	-2.834	-1.310	3.720	127.738472	37.884888
1596707636037	1596707636036	-13.271	-3.260	-1.799	-2.187	-1.508	3.499	127.738472	37.884888
1596707636058	1596707636056	-12.102	-4.230	-1.323	-1.942	-1.054	3.246	127.738472	37.884888
1596707636076	1596707636074	-11.434	-5.215	-1.960	-1.075	-0.826	2.698	127.738472	37.884888
1596707636095	1596707636094	-12.430	-4.929	-2.837	-0.463	-0.274	2.154	127.738472	37.884888
1596707636114	1596707636113	-13.597	-4.898	-1.658	-0.028	0.460	1.757	127.738472	37.884888
1596707636134	1596707636134	-11.829	-4.968	-1.059	0.104	0.047	1.090	127.738472	37.884888
1596707636156	1596707636155	-10.406	-4.491	-1.454	0.132	0.065	0.273	127.738472	37.884888
1596707636178	1596707636177	-10.260	-3.375	-0.846	0.291	0.508	-0.595	127.738472	37.884888
1596707636193	1596707636192	-10.143	-2.740	-0.515	0.584	0.523	-1.293	127.738472	37.884888
1596707636213	1596707636213	-10.497	-2.889	-0.695	0.880	0.590	-2.033	127.738472	37.884888
1596707636232	1596707636231	-11.398	-3.083	-1.172	1.168	0.897	-2.671	127.738472	37.884888
1596707636253	1596707636250	-12.478	-3.310	-1.699	1.781	1.065	-2.990	127.738472	37.884888
1596707636272	1596707636272	-13.619	-3.097	-1.462	2.599	1.167	-3.260	127.738472	37.884888
1596707636291	1596707636290	-14.740	-3.032	-1.133	3.426	1.078	-3.386	127.738472	37.884888
1596707636310	1596707636309	-15.022	-2.433	-1.368	4.156	0.779	-3.621	127.738472	37.884888
1596707636329	1596707636329	-14.519	-1.753	-2.044	4.833	0.427	-3.618	127.738472	37.884888
1596707636353	1596707636353	-14.807	-1.588	-2.595	5.216	0.375	-3.538	127.738472	37.884888
1596707636373	1596707636368	-15.482	-1.794	-4.633	5.878	0.372	-4.015	127.738472	37.884888
1596707636391	1596707636389	-15.741	-0.546	-6.442	6.821	0.206	-4.792	127.738472	37.884888
1596707636409	1596707636406	-16.409	1.263	-7.604	7.431	-0.199	-5.006	127.738472	37.884888
1596707636430	1596707636426	-16.599	2.743	-7.812	7.615	-0.614	-4.414	127.738472	37.884888
1596707636456	1596707636456	-15.619	4.140	-4.391	5.298	-1.044	-4.478	127.738472	37.884888
1596707636470	1596707636468	-13.216	2.657	-2.499	2.440	-1.755	-4.671	127.738472	37.884888
1596707636489	1596707636488	-11.676	1.455	-1.519	0.590	-1.511	-4.615	127.738472	37.884888
1596707636507	1596707636507	-10.727	0.611	-0.827	-0.506	-1.113	-4.396	127.738472	37.884888
1596707636528	1596707636528	-9.647	-0.330	-1.196	-1.421	-1.115	-4.074	127.738472	37.884888
1596707636550	1596707636545	-8.317	-0.888	-1.579	-1.928	-1.056	-3.758	127.738472	37.884888
1596707636579	1596707636577	-7.469	-1.252	-1.486	-2.077	-0.642	-3.131	127.738472	37.884888
1596707636586	1596707636583	-7.268	-1.437	-1.301	-1.731	-0.347	-2.495	127.738472	37.884888
1596707636606	1596707636603	-7.342	-1.497	-1.186	-1.103	-0.192	-1.884	127.738472	37.884888
1596707636625	1596707636623	-7.206	-1.607	-0.930	-0.385	-0.244	-1.312	127.738472	37.884888
1596707636645	1596707636644	-6.851	-1.720	-0.628	0.367	-0.401	-0.581	127.738472	37.884888
1596707636665	1596707636665	-6.772	-1.672	-0.367	1.011	-0.386	0.225	127.738472	37.884888
1596707636685	1596707636685	-8.044	-1.257	-0.158	1.403	-0.005	0.904	127.738472	37.884888
1596707636705	1596707636704	-10.114	-1.010	0.321	1.656	0.479	1.683	127.738472	37.884888
1596707636726	1596707636726	-11.736	-0.589	0.304	1.673	0.603	2.240	127.738472	37.884888
1596707636744	1596707636742	-12.672	0.362	0.943	1.298	0.663	2.668	127.738472	37.884888
1596707636768	1596707636766	-13.221	0.111	1.559	0.568	0.574	3.336	127.738472	37.884888
1596707636784	1596707636782	-13.820	-0.445	2.038	-0.389	0.791	3.677	127.738472	37.884888
1596707636806	1596707636802	-14.704	-1.171	2.330	-0.967	1.063	3.822	127.738472	37.884888
1596707636822	1596707636821	-15.420	-1.396	1.801	-1.094	0.916	3.940	127.738472	37.884888
1596707636848	1596707636844	-15.566	-1.073	0.658	-1.309	0.680	3.801	127.738472	37.884888
1596707636863	1596707636861	-14.589	-1.099	0.512	-1.245	0.336	3.488	127.738472	37.884888
1596707636885	1596707636885	-13.269	-1.667	0.124	-1.411	0.012	3.248	127.738472	37.884888
1596707636903	1596707636903	-12.054	-2.146	0.004	-1.114	-0.212	2.757	127.738472	37.884888
1596707636923	1596707636923	-10.248	-1.078	-0.357	-1.031	-0.659	2.110	127.738472	37.884888
1596707636950	1596707636950	-9.065	-0.915	-1.078	-1.165	-0.883	1.599	127.738472	37.884876
1596707636963	1596707636963	-8.866	-0.333	-1.423	-1.268	-0.699	1.364	127.738472	37.884876
1596707636980	1596707636979	-9.929	-0.004	-0.800	-1.851	-0.037	1.521	127.738472	37.884876
1596707636999	1596707636999	-11.132	-0.833	-0.523	-2.295	0.126	1.495	127.738472	37.884876
1596707637020	1596707637016	-11.508	-1.542	-0.226	-2.650	0.062	1.598	127.738472	37.884876
1596707637040	1596707637036	-11.292	-1.897	-0.158	-2.819	-0.109	1.905	127.738472	37.884876
1596707637058	1596707637056	-10.833	-2.376	-0.338	-2.905	-0.248	2.287	127.738472	37.884876
1596707637078	1596707637077	-10.545	-2.881	-0.530	-2.831	-0.271	2.706	127.738472	37.884876
1596707637099	1596707637097	-10.636	-3.301	-0.772	-2.368	-0.229	3.075	127.738472	37.884876
1596707637119	1596707637117	-11.374	-3.133	-0.671	-1.645	-0.102	3.465	127.738472	37.884876
1596707637137	1596707637137	-12.349	-3.432	-0.233	-0.894	0.071	3.766	127.738472	37.884876
1596707637157	1596707637157	-12.646	-3.365	-0.022	-0.426	0.136	3.678	127.738472	37.884876
1596707637177	1596707637177	-12.155	-3.569	-0.405	-0.306	-0.081	3.592	127.738472	37.884876
1596707637197	1596707637196	-11.913	-3.260	-1.076	-0.554	0.125	3.048	127.738472	37.884876
1596707637220	1596707637220	-13.051	-3.890	-1.304	-0.994	0.598	2.319	127.738472	37.884876
1596707637235	1596707637233	-13.995	-4.453	-1.296	-1.193	0.426	1.718	127.738472	37.884876
1596707637256	1596707637252	-13.916	-3.818	-0.460	-0.974	0.406	0.593	127.738472	37.884876
1596707637274	1596707637273	-12.306	-2.841	0.891	-0.716	0.442	-0.605	127.738472	37.884876
1596707637295	1596707637293	-11.132	-2.033	0.723	-0.055	0.176	-1.428	127.738472	37.884876
1596707637314	1596707637314	-11.326	-1.720	0.129	0.655	0.119	-2.375	127.738472	37.884876
1596707637333	1596707637331	-11.534	-1.976	-0.681	0.998	0.236	-3.145	127.738472	37.884876
1596707637355	1596707637352	-12.418	-2.853	-0.798	1.523	0.509	-3.521	127.738472	37.884876
1596707637371	1596707637371	-13.650	-3.303	-0.530	2.069	0.665	-3.504	127.738472	37.884876
1596707637392	1596707637389	-13.748	-1.942	0.141	2.493	0.723	-3.802	127.738472	37.884876
1596707637417	1596707637411	-14.768	-0.752	0.309	2.287	0.534	-3.846	127.738472	37.884876
1596707637431	1596707637429	-13.705	-2.261	0.673	2.551	-0.262	-3.761	127.738472	37.884876
1596707637452	1596707637450	-12.778	-1.782	0.067	3.074	-0.213	-4.070	127.738472	37.884876
1596707637471	1596707637470	-12.531	0.259	0.186	4.091	0.231	-4.357	127.738472	37.884876
1596707637493	1596707637493	-12.229	1.823	0.783	3.962	0.051	-3.718	127.738472	37.884876
1596707637512	1596707637512	-11.745	0.290	0.376	3.371	-0.315	-3.238	127.738472	37.884876
1596707637535	1596707637535	-11.357	-0.505	-0.178	2.533	-0.460	-3.262	127.738472	37.884876
1596707637555	1596707637555	-11.084	-1.137	-0.285	2.320	-0.422	-3.023	127.738472	37.884876
1596707637577	1596707637577	-11.225	-0.874	-0.168	2.217	-0.336	-2.729	127.738472	37.884876
1596707637590	1596707637588	-11.458	-0.625	-0.046	2.039	-0.536	-2.566	127.738472	37.884876
1596707637612	1596707637611	-11.216	-0.510	-0.065	1.771	-0.773	-2.321	127.738472	37.884876
1596707637630	1596707637629	-11.065	-0.651	-0.424	1.535	-1.054	-1.981	127.738472	37.884876
1596707637649	1596707637646	-11.055	-0.493	-0.674	1.219	-1.183	-1.763	127.738472	37.884876
1596707637667	1596707637666	-11.060	-0.503	-0.688	0.859	-1.278	-1.549	127.738472	37.884876
1596707637688	1596707637686	-10.447	-0.251	-0.736	0.445	-1.511	-1.497	127.738472	37.884876
1596707637707	1596707637707	-9.328	0.015	-0.772	0.034	-1.780	-1.446	127.738472	37.884876
1596707637741	1596707637741	-8.238	0.111	-0.592	-0.437	-1.743	-1.316	127.738472	37.884876
1596707637749	1596707637749	-7.723	0.389	-0.614	-0.942	-1.452	-1.187	127.738472	37.884876
1596707637774	1596707637774	-8.277	1.347	-0.599	-1.418	-0.867	-0.999	127.738472	37.884876
1596707637791	1596707637791	-8.964	1.696	-0.017	-1.883	-0.494	-0.610	127.738472	37.884876
1596707637819	1596707637812	-8.739	1.452	-0.235	-2.435	-0.647	-0.164	127.738472	37.884876
1596707637826	1596707637823	-8.969	0.293	-0.353	-2.866	-0.246	0.541	127.738472	37.884876
1596707637846	1596707637843	-9.776	-1.137	0.019	-2.999	0.290	1.289	127.738472	37.884876
1596707637865	1596707637862	-10.502	-2.232	-0.082	-2.811	0.294	2.124	127.738472	37.884876
1596707637884	1596707637883	-11.017	-2.479	0.246	-2.361	0.461	2.935	127.738472	37.884876
1596707637908	1596707637907	-11.939	-2.201	0.742	-1.611	0.725	3.687	127.738472	37.884876
1596707637931	1596707637931	-13.494	-2.084	0.984	-0.787	0.985	4.340	127.738472	37.884876
1596707637945	1596707637944	-15.619	-2.093	1.423	-0.197	1.367	4.924	127.738472	37.884876
1596707637963	1596707637961	-16.714	-2.153	1.693	0.088	1.233	4.971	127.738472	37.884876
1596707637994	1596707637986	-15.463	-2.663	1.461	0.685	0.305	4.585	127.738472	37.884865
1596707638004	1596707638001	-12.610	-1.724	0.687	1.119	-0.322	4.279	127.738472	37.884865
1596707638031	1596707638021	-10.112	-0.366	0.428	0.684	-0.241	3.969	127.738472	37.884865
1596707638043	1596707638040	-8.777	0.192	0.067	-0.273	0.142	3.491	127.738472	37.884865
1596707638062	1596707638061	-8.928	0.860	0.476	-1.327	0.617	3.105	127.738472	37.884865
1596707638081	1596707638081	-10.310	0.791	0.625	-2.580	0.881	2.887	127.738472	37.884865
1596707638103	1596707638100	-11.932	0.422	0.182	-3.898	1.022	2.486	127.738472	37.884865
1596707638126	1596707638126	-13.156	-0.656	-0.530	-4.860	0.874	2.059	127.738472	37.884865
1596707638146	1596707638146	-13.532	-1.691	-1.371	-5.413	0.393	1.641	127.738472	37.884865
1596707638165	1596707638165	-13.159	-2.438	-1.716	-5.526	-0.106	1.373	127.738472	37.884865
1596707638186	1596707638186	-12.409	-2.841	-1.943	-5.257	-0.516	1.243	127.738472	37.884865
1596707638207	1596707638207	-11.932	-3.123	-1.852	-4.917	-0.629	1.343	127.738472	37.884865
1596707638231	1596707638222	-12.131	-3.971	-1.320	-4.290	-0.696	1.473	127.738472	37.884865
1596707638245	1596707638238	-12.232	-4.563	-0.839	-3.260	-0.916	1.399	127.738472	37.884865
1596707638267	1596707638259	-11.798	-4.273	-0.669	-2.449	-0.928	1.388	127.738472	37.884865
1596707638279	1596707638276	-11.927	-4.426	-0.992	-1.720	-0.787	1.407	127.738472	37.884865
1596707638300	1596707638296	-13.207	-4.577	-1.157	-1.192	-0.366	1.257	127.738472	37.884865
1596707638320	1596707638318	-13.822	-4.664	-0.872	-0.714	-0.205	0.930	127.738472	37.884865
1596707638339	1596707638336	-12.402	-4.678	-1.224	-0.007	-0.566	0.395	127.738472	37.884865
1596707638364	1596707638364	-10.595	-4.379	-0.942	0.725	-0.484	-0.186	127.738472	37.884865
1596707638380	1596707638380	-9.434	-3.186	-0.549	1.411	-0.109	-0.733	127.738472	37.884865
1596707638405	1596707638405	-9.860	-3.178	-0.664	2.087	0.301	-1.214	127.738472	37.884865
1596707638427	1596707638427	-11.556	-3.684	-1.047	2.722	0.749	-1.762	127.738472	37.884865
1596707638439	1596707638434	-12.967	-3.463	-1.268	3.451	0.935	-2.162	127.738472	37.884865
1596707638458	1596707638454	-13.513	-3.049	-1.519	4.249	0.504	-2.425	127.738472	37.884865
1596707638475	1596707638472	-13.662	-2.232	-1.301	4.719	0.244	-2.721	127.738472	37.884865
1596707638493	1596707638492	-13.707	-1.406	-0.626	4.833	0.153	-2.925	127.738472	37.884865
1596707638512	1596707638512	-13.640	-1.137	-0.329	4.702	-0.137	-3.054	127.738472	37.884865
1596707638534	1596707638531	-12.883	-0.706	-0.602	4.447	-0.365	-3.300	127.738472	37.884865
1596707638554	1596707638553	-12.102	-0.507	-0.863	4.204	-0.465	-3.590	127.738472	37.884865
1596707638573	1596707638573	-12.193	-0.107	-1.026	3.806	-0.411	-3.736	127.738472	37.884865
1596707638593	1596707638593	-12.924	0.096	-0.856	3.289	-0.221	-3.818	127.738472	37.884865
1596707638613	1596707638613	-13.602	-0.323	-0.762	2.756	-0.223	-3.857	127.738472	37.884865
1596707638635	1596707638635	-13.815	-0.380	-0.786	2.296	-0.310	-3.812	127.738472	37.884865
1596707638655	1596707638655	-13.820	-0.115	-0.463	1.874	-0.385	-3.768	127.738472	37.884865
1596707638673	1596707638669	-13.654	-0.062	-0.259	1.385	-0.633	-3.711	127.738472	37.884865
1596707638691	1596707638689	-12.725	-0.253	-0.089	0.922	-0.824	-3.628	127.738472	37.884865
1596707638710	1596707638709	-11.508	-0.297	-0.460	0.461	-0.939	-3.530	127.738472	37.884865
1596707638730	1596707638728	-10.801	-0.261	-0.889	0.056	-0.802	-3.459	127.738472	37.884865
1596707638751	1596707638748	-10.605	-0.462	-0.827	-0.193	-0.601	-3.248	127.738472	37.884865
1596707638769	1596707638770	-10.277	-0.603	-0.671	-0.284	-0.579	-2.902	127.738472	37.884865
1596707638790	1596707638791	-9.534	-0.761	-0.755	-0.186	-0.637	-2.595	127.738472	37.884865
1596707638809	1596707638809	-8.382	-0.907	-0.494	-0.098	-0.615	-2.270	127.738472	37.884865
1596707638829	1596707638829	-7.031	-0.574	-0.034	0.041	-0.615	-1.992	127.738472	37.884865
1596707638854	1596707638854	-6.679	-0.572	-0.096	0.138	-0.446	-1.457	127.738472	37.884865
1596707638868	1596707638866	-7.074	-0.713	0.182	0.244	0.032	-0.757	127.738472	37.884865
1596707638889	1596707638885	-7.045	-0.167	0.678	0.127	0.162	-0.113	127.738472	37.884865
1596707638909	1596707638907	-6.935	-0.112	0.448	-0.237	0.131	0.561	127.738472	37.884865
1596707638929	1596707638924	-7.136	-0.807	1.097	-0.699	0.522	1.306	127.738472	37.884865
1596707638947	1596707638946	-7.388	-1.327	2.019	-1.081	0.678	1.954	127.738472	37.884857
1596707638977	1596707638971	-7.994	-1.559	2.156	-1.323	0.696	2.456	127.738472	37.884857
1596707638995	1596707638994	-9.549	-1.631	1.703	-1.407	1.001	2.918	127.738472	37.884857
1596707639007	1596707639004	-11.911	-1.470	1.550	-1.406	1.286	3.361	127.738472	37.884857
1596707639025	1596707639023	-14.550	-1.600	1.415	-1.335	1.385	3.853	127.738472	37.884857
1596707639048	1596707639047	-17.344	-2.112	1.296	-1.275	1.375	4.152	127.738472	37.884857
1596707639063	1596707639063	-17.938	-1.657	1.506	-1.292	0.584	4.083	127.738472	37.884857
1596707639084	1596707639082	-15.317	-1.717	1.650	-1.540	-0.443	3.920	127.738472	37.884857
1596707639104	1596707639102	-12.874	-2.424	1.938	-1.919	-0.765	3.636	127.738472	37.884857
1596707639124	1596707639121	-11.178	-1.696	1.942	-2.201	-0.863	3.099	127.738472	37.884857
1596707639145	1596707639141	-9.491	-1.154	1.803	-2.344	-0.942	2.709	127.738472	37.884857
1596707639164	1596707639164	-8.607	-0.780	1.377	-2.709	-0.766	2.382	127.738472	37.884857
1596707639183	1596707639183	-9.402	-1.478	0.967	-2.914	-0.354	2.227	127.738472	37.884857
1596707639204	1596707639204	-11.324	-1.988	0.610	-3.197	0.012	2.289	127.738472	37.884857
1596707639227	1596707639227	-12.747	-2.393	0.323	-3.349	-0.125	2.137	127.738472	37.884857
1596707639244	1596707639244	-13.228	-2.615	-0.192	-3.278	-0.588	1.918	127.738472	37.884857
1596707639265	1596707639265	-12.792	-2.577	-0.436	-3.159	-1.087	1.941	127.738472	37.884857
1596707639284	1596707639280	-11.625	-2.596	-0.697	-3.015	-1.533	1.995	127.738472	37.884857
1596707639310	1596707639304	-10.713	-2.984	-0.903	-2.904	-1.564	2.112	127.738472	37.884857
1596707639322	1596707639320	-10.835	-3.545	-1.028	-2.602	-1.220	2.073	127.738472	37.884857
1596707639342	1596707639340	-11.879	-3.531	-0.925	-2.104	-0.876	2.027	127.738472	37.884857
1596707639360	1596707639359	-13.087	-3.269	-0.844	-1.662	-0.670	2.007	127.738472	37.884857
1596707639380	1596707639380	-13.132	-3.114	-0.853	-1.389	-0.705	1.888	127.738472	37.884857
1596707639401	1596707639401	-13.063	-3.758	-1.490	-1.123	-0.684	1.832	127.738472	37.884857
1596707639420	1596707639420	-14.565	-4.101	-1.296	-0.761	0.022	1.531	127.738472	37.884857
1596707639441	1596707639439	-14.455	-3.672	-0.082	-0.249	0.185	1.159	127.738472	37.884857
1596707639461	1596707639460	-11.254	-3.796	-0.345	0.409	-0.621	0.898	127.738472	37.884857
1596707639482	1596707639482	-9.898	-4.285	-1.239	1.059	-0.522	0.506	127.738472	37.884857
1596707639503	1596707639500	-11.187	-4.019	-0.702	1.615	0.476	-0.007	127.738472	37.884857
1596707639518	1596707639515	-11.954	-3.538	0.167	2.136	0.669	-0.410	127.738472	37.884857
1596707639535	1596707639535	-10.806	-3.480	-0.192	2.640	0.127	-0.827	127.738472	37.884857
1596707639557	1596707639554	-10.294	-3.399	-1.035	3.162	-0.060	-1.328	127.738472	37.884857
1596707639575	1596707639574	-11.283	-3.061	-1.337	3.640	0.104	-1.731	127.738472	37.884857
1596707639596	1596707639594	-12.390	-2.869	-0.848	4.088	0.210	-2.013	127.738472	37.884857
1596707639621	1596707639621	-12.433	-2.438	-0.175	4.511	-0.083	-2.280	127.738472	37.884857
1596707639639	1596707639639	-11.391	-1.696	-0.192	4.737	-0.637	-2.622	127.738472	37.884857
1596707639663	1596707639664	-10.375	-0.694	-0.527	4.486	-0.803	-3.031	127.738472	37.884857
1596707639678	1596707639678	-10.612	-0.227	-0.367	4.115	-0.586	-3.346	127.738472	37.884857
1596707639695	1596707639692	-12.021	-0.251	-0.223	3.785	-0.318	-3.543	127.738472	37.884857
1596707639714	1596707639712	-13.700	-0.107	0.021	3.220	-0.217	-3.810	127.738472	37.884857
1596707639733	1596707639731	-14.579	0.192	0.048	2.602	-0.421	-4.122	127.738472	37.884857
1596707639753	1596707639751	-14.996	0.381	-0.494	1.927	-0.651	-4.139	127.738472	37.884857
1596707639773	1596707639771	-14.811	-0.146	-0.575	1.657	-0.653	-3.882	127.738472	37.884857
1596707639794	1596707639794	-14.265	-0.270	-0.108	1.409	-0.782	-3.800	127.738472	37.884857
1596707639814	1596707639814	-13.683	-0.608	0.242	1.437	-1.267	-3.931	127.738472	37.884857
1596707639833	1596707639833	-12.517	-0.043	-0.166	1.281	-1.618	-3.852	127.738472	37.884857
1596707639856	1596707639856	-11.041	0.317	-0.587	0.758	-1.567	-3.724	127.738472	37.884857
1596707639871	1596707639871	-9.949	0.154	-0.765	0.355	-1.369	-3.532	127.738472	37.884857
1596707639905	1596707639905	-9.601	-0.035	-0.630	0.135	-1.126	-3.060	127.738472	37.884857
1596707639915	1596707639908	-9.592	-0.273	-0.048	-0.076	-0.857	-2.603	127.738472	37.884857
1596707639931	1596707639931	-8.914	-0.347	-0.010	-0.201	-1.010	-2.343	127.738472	37.884857
1596707639950	1596707639949	-7.671	-0.004	-0.247	-0.292	-1.188	-1.942	127.738472	37.884857
1596707639978	1596707639968	-7.328	0.154	-0.542	-0.401	-0.842	-1.335	127.738464	37.884846
1596707639988	1596707639988	-8.018	-0.122	0.254	-0.557	-0.176	-0.566	127.738464	37.884846
1596707640012	1596707640007	-8.142	-0.749	1.188	-0.686	-0.134	0.131	127.738464	37.884846
1596707640031	1596707640028	-7.500	-0.840	1.056	-0.784	-0.348	0.685	127.738464	37.884846
1596707640050	1596707640046	-7.594	-1.101	1.248	-0.751	0.124	1.501	127.738464	37.884846
1596707640065	1596707640064	-8.394	-1.216	1.868	-0.737	0.578	2.208	127.738464	37.884846
1596707640087	1596707640084	-9.290	-0.869	1.791	-0.810	0.710	2.652	127.738464	37.884846
1596707640106	1596707640103	-10.746	-0.912	1.657	-0.807	1.030	3.239	127.738464	37.884846
1596707640124	1596707640123	-12.874	-0.967	1.811	-0.760	1.493	3.666	127.738464	37.884846
1596707640144	1596707640143	-15.516	-0.929	1.552	-0.651	1.830	4.005	127.738464	37.884846
1596707640165	1596707640163	-17.554	-1.173	1.478	-0.700	1.706	4.218	127.738464	37.884846
1596707640195	1596707640187	-16.654	-0.483	1.444	-0.955	0.861	3.880	127.738464	37.884846
1596707640211	1596707640211	-13.870	-1.346	1.214	-1.066	0.153	3.808	127.738464	37.884846
1596707640239	1596707640239	-11.918	-1.521	1.497	-1.038	0.043	3.575	127.738464	37.884846
1596707640245	1596707640245	-10.298	-0.816	1.744	-1.074	-0.029	3.203	127.738464	37.884846
1596707640273	1596707640273	-9.098	-0.649	1.245	-1.481	0.027	2.809	127.738464	37.884846
1596707640283	1596707640283	-9.081	-1.288	1.267	-1.604	0.340	2.769	127.738464	37.884846
1596707640310	1596707640302	-10.102	-1.588	1.164	-1.597	0.566	2.540	127.738464	37.884846
1596707640325	1596707640322	-11.223	-1.331	0.874	-1.626	0.601	2.445	127.738464	37.884846
1596707640345	1596707640342	-12.191	-1.298	0.809	-1.763	0.569	2.490	127.738464	37.884846
