1596707620698	1596707620695	-17.784	1.560	0.666	1.863	3.361	5.589	127.738419	37.885052
1596707620712	1596707620711	-19.636	2.058	1.334	1.458	3.222	5.937	127.738419	37.885052
1596707620732	1596707620730	-18.029	2.101	0.606	0.183	2.183	5.407	127.738419	37.885052
1596707620753	1596707620750	-15.657	2.240	-0.738	-1.507	1.573	5.186	127.738419	37.885052
1596707620772	1596707620770	-15.001	1.574	-0.920	-3.290	1.839	5.268	127.738419	37.885052
1596707620792	1596707620791	-15.624	0.674	-0.590	-5.050	2.110	4.729	127.738419	37.885052
1596707620812	1596707620810	-16.896	-0.582	0.024	-5.971	1.922	4.371	127.738419	37.885052
1596707620833	1596707620830	-17.482	-1.741	0.294	-6.411	1.290	4.044	127.738419	37.885052
1596707620851	1596707620849	-16.967	-3.027	0.424	-6.077	0.372	3.638	127.738419	37.885052
1596707620871	1596707620871	-15.683	-3.325	-0.532	-5.801	-0.340	3.482	127.738419	37.885052
1596707620891	1596707620889	-14.797	-3.461	-1.699	-5.315	-0.663	3.402	127.738419	37.885052
1596707620908	1596707620907	-14.788	-3.269	-2.185	-4.581	-0.690	3.269	127.738419	37.885052
1596707620931	1596707620930	-15.451	-3.202	-2.053	-3.470	-0.643	3.127	127.738419	37.885052
1596707620949	1596707620946	-16.141	-3.763	-1.596	-2.219	-0.846	2.941	127.738419	37.885044
1596707620969	1596707620968	-15.638	-3.971	-1.349	-1.359	-1.116	3.154	127.738419	37.885044
1596707620995	1596707620988	-13.745	-4.982	-1.026	-0.394	-1.271	3.146	127.738419	37.885044
1596707621009	1596707621006	-11.760	-5.976	-0.640	0.498	-1.459	2.910	127.738419	37.885044
1596707621027	1596707621024	-10.341	-6.034	-0.774	1.149	-1.399	2.401	127.738419	37.885044
1596707621047	1596707621044	-10.698	-7.591	-0.997	1.463	-0.451	2.060	127.738419	37.885044
1596707621065	1596707621064	-11.544	-8.662	0.666	1.080	0.383	1.569	127.738419	37.885044
1596707621086	1596707621084	-10.852	-7.363	1.037	1.596	0.056	0.403	127.738419	37.885044
1596707621106	1596707621103	-10.557	-4.000	0.409	2.299	0.139	-0.509	127.738419	37.885044
1596707621125	1596707621123	-11.216	-1.121	0.299	2.929	0.403	-1.405	127.738419	37.885044
1596707621145	1596707621142	-12.157	-1.006	-0.099	2.880	0.252	-2.291	127.738419	37.885044
1596707621164	1596707621162	-13.207	-1.983	-0.714	2.540	0.143	-3.152	127.738419	37.885044
1596707621184	1596707621182	-14.270	-2.855	-0.712	2.577	0.049	-3.710	127.738419	37.885044
1596707621204	1596707621202	-15.293	-3.399	-0.652	2.965	-0.359	-3.921	127.738419	37.885044
1596707621225	1596707621222	-16.354	-3.351	-0.650	3.525	-0.787	-3.975	127.738419	37.885044
1596707621243	1596707621241	-17.729	-2.735	-0.549	4.188	-1.142	-4.079	127.738419	37.885044
1596707621265	1596707621263	-18.599	-1.485	-0.568	4.666	-1.757	-4.086	127.738419	37.885044
1596707621282	1596707621280	-18.251	0.245	-0.911	4.648	-2.104	-4.383	127.738419	37.885044
1596707621305	1596707621304	-17.193	0.980	-1.109	4.540	-2.279	-4.661	127.738419	37.885044
1596707621327	1596707621327	-15.925	0.808	-0.839	4.482	-2.485	-4.623	127.738419	37.885044
1596707621346	1596707621341	-15.485	1.450	-1.224	3.869	-2.545	-4.679	127.738419	37.885044
1596707621363	1596707621363	-15.626	0.815	-0.865	3.115	-2.099	-4.647	127.738419	37.885044
1596707621383	1596707621381	-16.579	-0.103	-0.959	2.442	-1.994	-4.333	127.738419	37.885044
1596707621402	1596707621401	-17.111	-0.174	-1.167	1.879	-1.984	-4.167	127.738419	37.885044
1596707621422	1596707621421	-16.855	-0.342	-1.093	1.384	-2.123	-3.825	127.738419	37.885044
1596707621441	1596707621440	-15.331	-0.095	-1.246	0.659	-2.442	-3.513	127.738419	37.885044
1596707621461	1596707621460	-13.168	0.144	-1.502	-0.040	-2.680	-3.254	127.738419	37.885044
1596707621483	1596707621481	-11.652	0.333	-1.577	-0.678	-2.673	-3.035	127.738419	37.885044
1596707621508	1596707621505	-10.981	0.056	-1.658	-1.198	-2.419	-2.844	127.738419	37.885044
1596707621524	1596707621521	-10.547	-0.107	-1.541	-1.466	-2.164	-2.821	127.738419	37.885044
1596707621542	1596707621539	-9.781	-0.002	-1.392	-1.576	-2.128	-2.851	127.738419	37.885044
1596707621561	1596707621560	-8.432	1.117	-1.586	-1.845	-2.214	-2.806	127.738419	37.885044
1596707621580	1596707621579	-6.552	2.499	-2.029	-2.139	-2.148	-2.578	127.738419	37.885044
1596707621601	1596707621601	-4.743	3.931	-2.149	-2.390	-1.786	-2.232	127.738419	37.885044
1596707621626	1596707621626	-4.063	3.987	-2.161	-2.561	-1.067	-1.661	127.738419	37.885044
1596707621639	1596707621639	-4.822	2.774	-0.666	-2.716	-0.196	-0.803	127.738419	37.885044
1596707621665	1596707621666	-6.983	0.688	0.436	-2.288	0.547	0.207	127.738419	37.885044
1596707621689	1596707621689	-8.691	-1.075	1.470	-1.327	1.014	1.100	127.738419	37.885044
1596707621698	1596707621698	-9.113	-2.009	2.263	-0.156	0.882	2.092	127.738419	37.885044
1596707621720	1596707621716	-9.812	-2.167	3.339	0.900	1.241	3.400	127.738419	37.885044
1596707621735	1596707621735	-11.465	-0.919	4.865	1.195	1.949	4.236	127.738419	37.885044
1596707621759	1596707621755	-13.204	1.028	4.362	0.324	2.204	4.634	127.738419	37.885044
1596707621775	1596707621774	-15.923	1.474	3.490	-0.793	2.622	5.324	127.738419	37.885044
1596707621800	1596707621799	-19.516	1.450	2.465	-1.542	2.938	5.982	127.738419	37.885044
1596707621821	1596707621821	-20.755	1.804	2.323	-2.610	2.257	5.911	127.738419	37.885044
1596707621840	1596707621840	-18.884	1.306	1.226	-3.723	0.734	5.167	127.738419	37.885044
1596707621859	1596707621856	-17.001	0.386	-0.750	-4.785	-0.133	4.856	127.738419	37.885044
1596707621873	1596707621873	-15.827	-1.068	-1.299	-5.253	-0.639	4.512	127.738419	37.885044
1596707621899	1596707621899	-14.368	-1.949	-2.061	-5.394	-1.198	4.005	127.738419	37.885044
1596707621912	1596707621910	-13.896	-2.450	-2.051	-5.692	-1.271	3.552	127.738419	37.885044
1596707621957	1596707621931	-14.435	-5.018	-1.385	-4.709	-1.336	2.963	127.738419	37.885033
1596707621957	1596707621957	-14.934	-4.170	-0.935	-3.432	-1.410	2.933	127.738419	37.885033
1596707621971	1596707621970	-15.394	-3.375	-0.288	-2.971	-1.400	3.142	127.738419	37.885033
1596707621992	1596707621990	-15.588	-4.163	-0.472	-2.749	-1.666	3.048	127.738419	37.885033
1596707622012	1596707622011	-15.216	-3.504	-0.650	-2.480	-1.854	3.128	127.738419	37.885033
1596707622031	1596707622031	-14.526	-3.099	-0.015	-2.099	-1.796	3.239	127.738419	37.885033
1596707622051	1596707622051	-13.805	-3.042	-0.499	-1.754	-1.812	3.385	127.738419	37.885033
1596707622071	1596707622071	-13.906	-5.279	-0.187	-1.181	-1.784	3.619	127.738419	37.885033
1596707622094	1596707622094	-13.884	-6.295	-0.968	-0.083	-2.169	2.944	127.738419	37.885033
1596707622112	1596707622112	-13.458	-5.044	-1.469	0.544	-1.797	3.231	127.738419	37.885033
1596707622132	1596707622132	-11.879	-5.801	-1.457	0.080	-1.412	3.065	127.738419	37.885033
1596707622150	1596707622150	-9.132	-7.658	-2.988	-0.172	-1.623	2.697	127.738419	37.885033
1596707622169	1596707622168	-7.402	-8.880	-2.992	-0.302	-0.826	1.585	127.738419	37.885033
1596707622188	1596707622188	-8.725	-7.323	0.021	-0.375	0.824	0.554	127.738419	37.885033
1596707622209	1596707622208	-11.546	-5.162	1.669	0.402	1.285	-0.205	127.738419	37.885033
1596707622232	1596707622232	-12.481	-3.423	0.754	1.861	0.977	-1.303	127.738419	37.885033
1596707622255	1596707622255	-12.411	-3.025	-0.199	3.013	0.845	-2.147	127.738419	37.885033
1596707622270	1596707622270	-12.799	-3.205	-0.863	3.709	0.797	-2.918	127.738419	37.885033
1596707622288	1596707622288	-13.674	-3.710	-1.505	4.369	0.906	-3.717	127.738419	37.885033
1596707622310	1596707622309	-15.288	-3.768	-1.706	4.614	0.994	-4.343	127.738419	37.885033
1596707622333	1596707622324	-17.317	-3.420	-1.677	4.724	0.943	-4.637	127.738419	37.885033
1596707622348	1596707622346	-19.337	-2.584	-1.421	4.927	0.614	-4.635	127.738419	37.885033
1596707622366	1596707622363	-20.417	-1.497	-1.114	4.997	-0.075	-4.601	127.738419	37.885033
1596707622385	1596707622383	-19.384	-0.395	-1.977	5.075	-0.664	-4.758	127.738419	37.885033
1596707622405	1596707622403	-17.861	-0.330	-3.170	5.297	-0.985	-4.748	127.738419	37.885033
1596707622424	1596707622423	-17.193	0.753	-4.468	5.593	-0.977	-4.651	127.738419	37.885033
1596707622445	1596707622445	-16.761	0.492	-3.222	6.161	-1.088	-4.469	127.738419	37.885033
1596707622465	1596707622465	-16.175	-0.213	-4.221	5.580	-1.765	-4.109	127.738419	37.885033
1596707622484	1596707622484	-15.166	-0.172	-5.951	6.401	-1.781	-4.088	127.738419	37.885033
1596707622504	1596707622504	-15.305	1.637	-2.221	7.353	-2.050	-3.383	127.738419	37.885033
1596707622523	1596707622523	-14.172	3.021	-0.729	5.336	-2.934	-2.533	127.738419	37.885033
1596707622545	1596707622542	-12.447	2.128	-0.257	2.201	-2.775	-2.771	127.738419	37.885033
1596707622564	1596707622561	-11.407	1.066	-0.647	0.081	-2.727	-2.672	127.738419	37.885033
1596707622584	1596707622581	-11.110	0.082	-0.515	-0.572	-2.320	-2.244	127.738419	37.885033
1596707622604	1596707622601	-10.880	-0.047	-0.132	-1.136	-2.056	-2.227	127.738419	37.885033
1596707622623	1596707622623	-10.291	0.218	-0.451	-1.901	-2.138	-2.250	127.738419	37.885033
1596707622644	1596707622642	-9.759	0.120	-0.554	-2.496	-2.022	-2.200	127.738419	37.885033
1596707622663	1596707622663	-9.259	0.075	-0.185	-2.807	-1.699	-2.176	127.738419	37.885033
1596707622682	1596707622683	-8.075	0.614	-0.242	-2.839	-1.760	-2.315	127.738419	37.885033
1596707622702	1596707622702	-6.437	1.926	-0.561	-2.632	-1.722	-2.166	127.738419	37.885033
1596707622724	1596707622724	-6.262	2.073	0.366	-2.094	-0.951	-1.481	127.738419	37.885033
1596707622744	1596707622744	-6.918	1.526	1.447	-1.663	-0.294	-0.901	127.738419	37.885033
1596707622768	1596707622762	-7.280	0.642	1.082	-1.332	-0.284	-0.316	127.738419	37.885033
1596707622780	1596707622777	-7.836	-0.122	0.661	-1.025	-0.051	0.467	127.738419	37.885033
1596707622801	1596707622799	-8.145	-0.745	1.494	-0.785	0.304	1.350	127.738419	37.885033
1596707622819	1596707622816	-8.430	-1.255	1.981	-0.716	0.428	2.453	127.738419	37.885033
1596707622840	1596707622836	-9.158	-1.058	2.467	-0.821	0.876	3.279	127.738419	37.885033
1596707622861	1596707622859	-10.353	-0.378	2.752	-1.107	1.255	3.853	127.738419	37.885033
1596707622877	1596707622877	-12.028	-0.160	2.702	-1.413	1.504	4.410	127.738419	37.885033
1596707622898	1596707622898	-14.177	-0.445	2.486	-1.547	1.803	5.080	127.738419	37.885033
1596707622917	1596707622917	-16.107	-1.593	2.479	-1.168	1.815	5.564	127.738419	37.885033
1596707622956	1596707622953	-16.448	-1.626	2.153	-0.802	1.369	5.200	127.738426	37.885025
1596707622968	1596707622968	-15.863	-1.339	1.214	-0.554	0.824	4.678	127.738426	37.885025
1596707622974	1596707622972	-14.907	-1.118	0.730	-0.471	0.438	4.577	127.738426	37.885025
1596707622994	1596707622992	-13.563	-0.838	0.110	-0.628	0.056	4.263	127.738426	37.885025
1596707623014	1596707623012	-12.909	-0.730	-0.017	-1.207	0.112	3.894	127.738426	37.885025
1596707623033	1596707623031	-13.432	-0.912	0.651	-1.553	0.369	3.723	127.738426	37.885025
1596707623054	1596707623051	-13.858	-1.497	1.530	-1.856	0.360	3.564	127.738426	37.885025
1596707623074	1596707623071	-14.172	-2.568	1.676	-2.016	0.226	3.447	127.738426	37.885025
1596707623094	1596707623093	-14.340	-2.970	1.614	-2.021	0.235	3.285	127.738426	37.885025
1596707623113	1596707623113	-14.076	-3.068	1.650	-1.923	0.115	3.089	127.738426	37.885025
1596707623143	1596707623143	-12.926	-2.225	1.303	-1.873	-0.200	2.908	127.738426	37.885025
1596707623153	1596707623152	-11.889	-1.827	0.984	-2.180	-0.268	2.873	127.738426	37.885025
1596707623174	1596707623169	-11.630	-2.338	0.364	-2.598	-0.076	2.701	127.738426	37.885025
1596707623191	1596707623189	-12.507	-3.325	0.448	-2.713	0.230	2.627	127.738426	37.885025
1596707623211	1596707623209	-13.274	-4.184	0.855	-2.404	0.231	2.398	127.738426	37.885025
1596707623230	1596707623229	-12.423	-4.582	0.725	-2.124	-0.179	2.081	127.738426	37.885025
1596707623253	1596707623250	-10.749	-4.824	0.333	-1.906	-0.484	1.751	127.738426	37.885025
1596707623271	1596707623272	-10.677	-5.416	-0.082	-1.184	-0.164	1.229	127.738426	37.885025
1596707623293	1596707623292	-11.891	-4.635	0.869	-0.641	0.538	0.703	127.738426	37.885025
1596707623311	1596707623311	-12.557	-3.792	1.320	-0.201	0.474	0.161	127.738426	37.885025
1596707623332	1596707623332	-12.426	-3.895	1.224	0.264	0.297	-0.426	127.738426	37.885025
1596707623349	1596707623350	-11.822	-3.926	1.564	0.808	0.309	-0.968	127.738426	37.885025
1596707623378	1596707623368	-11.460	-3.566	1.111	1.345	0.190	-1.494	127.738426	37.885025
1596707623392	1596707623388	-11.738	-3.425	0.821	1.791	0.144	-1.924	127.738426	37.885025
1596707623409	1596707623408	-11.453	-3.289	0.596	2.207	0.056	-2.272	127.738426	37.885025
1596707623428	1596707623427	-11.506	-3.257	0.347	2.729	0.016	-2.527	127.738426	37.885025
1596707623447	1596707623446	-12.531	-2.984	0.431	3.332	0.041	-2.756	127.738426	37.885025
1596707623468	1596707623468	-13.621	-2.455	0.371	3.884	-0.012	-3.007	127.738426	37.885025
1596707623489	1596707623489	-14.526	-1.355	0.297	4.244	-0.219	-3.317	127.738426	37.885025
1596707623515	1596707623515	-14.720	-0.507	-0.075	4.267	-0.762	-3.547	127.738426	37.885025
1596707623536	1596707623536	-13.578	2.149	-0.760	3.860	-1.146	-3.852	127.738426	37.885025
1596707623550	1596707623550	-13.298	0.432	-0.798	3.384	-1.070	-3.577	127.738426	37.885025
1596707623572	1596707623567	-14.917	-3.229	-1.989	3.095	-0.889	-4.064	127.738426	37.885025
1596707623590	1596707623587	-14.356	-0.165	-2.954	4.613	-0.762	-4.511	127.738426	37.885025
1596707623606	1596707623604	-14.335	2.540	-1.459	6.131	-1.493	-3.641	127.738426	37.885025
1596707623625	1596707623623	-13.034	0.729	-0.880	5.471	-2.372	-3.002	127.738426	37.885025
1596707623644	1596707623643	-11.987	1.186	-0.034	3.809	-1.984	-3.056	127.738426	37.885025
1596707623665	1596707623665	-11.479	1.131	0.917	2.145	-1.695	-2.929	127.738426	37.885025
1596707623685	1596707623685	-10.667	0.238	0.335	0.695	-1.889	-2.710	127.738426	37.885025
1596707623712	1596707623712	-9.949	0.245	-0.326	-0.086	-1.731	-2.603	127.738426	37.885025
1596707623748	1596707623748	-10.155	0.985	-0.424	-0.797	-1.218	-2.417	127.738426	37.885025
1596707623748	1596707623748	-10.399	1.042	0.071	-1.188	-1.044	-2.175	127.738426	37.885025
1596707623772	1596707623771	-9.927	1.366	0.210	-1.473	-1.143	-1.913	127.738426	37.885025
1596707623785	1596707623782	-9.594	1.574	-0.537	-1.629	-1.061	-1.636	127.738426	37.885025
1596707623804	1596707623802	-10.595	1.019	-0.685	-1.778	-0.457	-1.112	127.738426	37.885025
1596707623822	1596707623821	-11.201	0.681	0.146	-1.908	-0.154	-0.672	127.738426	37.885025
1596707623845	1596707623843	-10.100	0.829	0.122	-1.890	-0.650	-0.439	127.738426	37.885025
1596707623861	1596707623860	-9.161	0.595	0.031	-1.712	-0.476	0.044	127.738426	37.885025
1596707623889	1596707623889	-9.755	0.192	0.728	-1.594	0.342	0.658	127.738426	37.885025
1596707623912	1596707623912	-10.770	-0.263	1.329	-1.417	0.766	1.084	127.738426	37.885025
1596707623929	1596707623929	-10.900	-0.165	1.734	-1.098	0.867	1.368	127.738426	37.885025
1596707623940	1596707623939	-10.706	-0.524	2.232	-0.688	0.982	1.766	127.738426	37.885025
1596707623973	1596707623972	-10.837	-1.118	2.594	-0.312	1.238	2.005	127.738426	37.885025
1596707623997	1596707623997	-11.247	-1.142	2.795	0.005	1.441	2.254	127.738426	37.885010
1596707623999	1596707623997	-10.964	-1.006	2.750	0.213	1.346	2.435	127.738426	37.885010
1596707624018	1596707624017	-10.179	-0.809	2.335	0.271	1.151	2.527	127.738426	37.885010
1596707624038	1596707624038	-9.362	-0.186	1.609	0.133	0.975	2.619	127.738426	37.885010
1596707624058	1596707624057	-9.280	-0.251	1.578	-0.293	1.031	2.670	127.738426	37.885010
1596707624078	1596707624076	-9.776	-0.785	1.159	-0.513	1.014	2.854	127.738426	37.885010
1596707624097	1596707624096	-10.492	-0.737	1.300	-0.580	1.058	2.989	127.738426	37.885010
1596707624116	1596707624116	-11.482	-0.639	1.329	-0.908	1.016	2.961	127.738426	37.885010
1596707624142	1596707624143	-12.368	-0.634	1.415	-1.446	0.885	3.005	127.738426	37.885010
1596707624169	1596707624169	-13.187	-1.094	1.444	-2.017	0.777	3.221	127.738426	37.885010
1596707624176	1596707624176	-13.475	-1.667	1.516	-2.663	0.530	3.295	127.738426	37.885010
1596707624200	1596707624200	-13.135	-2.580	1.506	-3.108	0.226	3.341	127.738426	37.885010
1596707624216	1596707624215	-12.672	-3.080	1.550	-3.246	0.051	3.273	127.738426	37.885010
1596707624233	1596707624233	-12.620	-3.495	1.717	-3.233	0.082	3.181	127.738426	37.885010
1596707624255	1596707624252	-13.068	-4.067	1.672	-3.142	0.296	2.967	127.738426	37.885010
1596707624274	1596707624272	-13.413	-4.815	1.722	-2.577	0.202	2.711	127.738426	37.885010
1596707624293	1596707624293	-12.826	-4.474	0.814	-1.961	-0.073	2.304	127.738426	37.885010
1596707624313	1596707624313	-13.355	-4.465	-0.441	-1.465	0.062	1.793	127.738426	37.885010
1596707624333	1596707624333	-15.032	-4.139	0.426	-1.001	0.657	1.298	127.738426	37.885010
1596707624357	1596707624356	-14.673	-3.423	1.008	-0.745	0.362	0.627	127.738426	37.885010
1596707624379	1596707624376	-12.253	-3.231	0.984	-0.483	-0.171	-0.156	127.738426	37.885010
1596707624400	1596707624395	-10.962	-3.459	1.705	-0.159	-0.234	-0.981	127.738426	37.885010
1596707624412	1596707624412	-10.631	-3.473	0.819	0.494	-0.672	-2.029	127.738426	37.885010
1596707624431	1596707624430	-10.409	-2.738	-0.309	1.063	-0.468	-2.168	127.738426	37.885010
1596707624451	1596707624449	-10.955	-2.256	0.194	0.863	0.221	-1.973	127.738426	37.885010
1596707624470	1596707624468	-11.508	-3.406	-0.139	1.440	0.109	-2.365	127.738426	37.885010
1596707624491	1596707624489	-11.980	-3.420	-0.317	2.150	-0.141	-2.450	127.738426	37.885010
1596707624510	1596707624510	-12.366	-2.606	0.124	3.025	-0.297	-2.457	127.738426	37.885010
1596707624530	1596707624530	-12.576	-1.892	0.407	3.533	-0.481	-2.450	127.738426	37.885010
1596707624550	1596707624550	-12.275	-1.219	0.567	3.683	-0.728	-2.516	127.738426	37.885010
1596707624569	1596707624569	-11.391	-0.050	0.551	3.608	-0.975	-2.632	127.738426	37.885010
1596707624593	1596707624593	-10.507	-0.160	0.301	3.165	-1.022	-2.574	127.738426	37.885010
1596707624612	1596707624607	-10.346	-0.929	-0.060	2.639	-0.937	-2.675	127.738426	37.885010
1596707624628	1596707624626	-10.135	-0.656	-0.745	2.574	-0.833	-2.798	127.738426	37.885010
1596707624647	1596707624645	-10.140	-0.100	-0.851	2.598	-0.709	-2.653	127.738426	37.885010
1596707624667	1596707624665	-10.346	-0.270	0.194	2.765	-0.740	-2.419	127.738426	37.885010
1596707624686	1596707624686	-10.809	0.477	0.613	1.693	-0.826	-2.441	127.738426	37.885010
1596707624707	1596707624705	-10.425	0.127	0.450	0.621	-0.944	-2.408	127.738426	37.885010
1596707624727	1596707624727	-9.884	-0.872	-0.180	0.191	-1.043	-2.190	127.738426	37.885010
1596707624747	1596707624747	-9.826	-0.443	-0.233	0.126	-0.919	-2.259	127.738426	37.885010
1596707624768	1596707624768	-10.629	-0.263	-0.027	-0.152	-0.696	-2.107	127.738426	37.885010
1596707624790	1596707624790	-11.178	-0.515	0.052	-0.426	-0.635	-1.953	127.738426	37.885010
1596707624817	1596707624810	-10.857	-0.493	0.028	-0.495	-0.778	-1.883	127.738426	37.885010
1596707624825	1596707624822	-9.949	-0.110	-0.106	-0.489	-0.921	-1.779	127.738426	37.885010
1596707624845	1596707624842	-10.104	0.271	-0.259	-0.551	-0.599	-1.524	127.738426	37.885010
1596707624864	1596707624862	-11.146	0.460	0.452	-0.607	-0.009	-1.212	127.738426	37.885010
1596707624885	1596707624883	-10.912	1.009	0.625	-0.700	-0.180	-0.901	127.738426	37.885010
1596707624908	1596707624908	-10.291	0.820	0.591	-0.901	-0.276	-0.461	127.738426	37.885010
1596707624922	1596707624922	-10.226	0.115	1.344	-1.202	0.195	0.047	127.738426	37.885010
1596707624947	1596707624947	-10.346	-0.637	1.585	-1.357	0.376	0.642	127.738419	37.884998
1596707624965	1596707624965	-10.212	-1.061	1.722	-1.322	0.492	1.110	127.738419	37.884998
1596707624997	1596707624981	-10.147	-0.989	2.122	-1.184	0.660	1.567	127.738419	37.884998
1596707625004	1596707625004	-10.370	-1.068	2.587	-1.006	0.801	1.994	127.738419	37.884998
1596707625021	1596707625019	-10.655	-1.298	2.788	-0.784	0.926	2.283	127.738419	37.884998
1596707625043	1596707625040	-10.816	-1.176	2.668	-0.535	0.949	2.454	127.738419	37.884998
1596707625062	1596707625060	-10.806	-0.819	2.292	-0.371	0.875	2.591	127.738419	37.884998
1596707625081	1596707625079	-10.689	-0.757	1.957	-0.352	0.796	2.695	127.738419	37.884998
1596707625101	1596707625099	-10.183	-0.309	1.856	-0.568	0.543	2.598	127.738419	37.884998
1596707625120	1596707625118	-9.515	-0.292	1.375	-0.973	0.307	2.519	127.738419	37.884998
1596707625140	1596707625140	-9.477	-0.685	0.991	-1.371	0.353	2.612	127.738419	37.884998
1596707625161	1596707625159	-9.879	-1.015	1.011	-1.643	0.340	2.681	127.738419	37.884998
1596707625179	1596707625179	-10.502	-1.343	0.769	-1.863	0.305	2.718	127.738419	37.884998
1596707625203	1596707625203	-11.580	-1.434	0.670	-2.013	0.438	2.698	127.738419	37.884998
1596707625224	1596707625220	-12.476	-1.660	1.109	-2.389	0.412	2.851	127.738419	37.884998
1596707625239	1596707625235	-12.617	-2.618	2.237	-2.912	0.146	2.891	127.738419	37.884998
1596707625260	1596707625258	-12.100	-3.713	2.565	-3.019	-0.183	2.751	127.738419	37.884998
1596707625277	1596707625274	-11.482	-4.211	2.089	-2.686	-0.326	2.763	127.738419	37.884998
1596707625299	1596707625294	-11.611	-4.084	1.691	-2.336	-0.057	2.696	127.738419	37.884998
1596707625316	1596707625316	-12.466	-4.089	1.660	-1.867	0.197	2.485	127.738419	37.884998
1596707625337	1596707625338	-12.699	-4.017	1.653	-1.786	0.014	2.272	127.738419	37.884998
1596707625359	1596707625359	-11.015	-5.056	0.864	-1.598	-0.381	1.885	127.738419	37.884998
1596707625389	1596707625389	-10.744	-5.255	0.057	-0.846	-0.317	1.424	127.738419	37.884998
1596707625411	1596707625411	-13.144	-4.652	-0.405	-0.131	0.441	0.801	127.738419	37.884998
1596707625414	1596707625413	-15.679	-3.413	0.898	0.445	0.894	0.216	127.738419	37.884998
1596707625440	1596707625439	-14.701	-2.675	0.675	0.697	-0.097	-0.328	127.738419	37.884998
1596707625457	1596707625454	-12.476	-2.647	0.124	0.713	-0.561	-0.759	127.738419	37.884998
1596707625473	1596707625472	-11.573	-2.613	0.266	0.614	-0.435	-1.220	127.738419	37.884998
1596707625493	1596707625492	-11.046	-2.498	0.481	0.611	-0.307	-1.529	127.738419	37.884998
1596707625513	1596707625512	-10.550	-2.718	0.867	0.750	-0.273	-1.727	127.738419	37.884998
1596707625531	1596707625531	-10.205	-2.939	0.843	1.011	-0.293	-1.958	127.738419	37.884998
1596707625560	1596707625560	-10.746	-2.958	0.771	1.428	-0.015	-2.124	127.738419	37.884998
1596707625584	1596707625584	-12.303	-2.802	0.644	1.959	0.316	-2.230	127.738419	37.884998
1596707625598	1596707625598	-13.944	-2.405	0.517	2.442	0.397	-2.313	127.738419	37.884998
1596707625620	1596707625619	-14.646	-1.715	0.896	2.753	0.081	-2.439	127.738419	37.884998
1596707625634	1596707625633	-13.254	-0.711	0.754	2.824	-0.638	-2.711	127.738419	37.884998
1596707625653	1596707625650	-11.173	-1.025	0.170	2.927	-1.173	-2.898	127.738419	37.884998
1596707625671	1596707625670	-10.526	-0.189	-0.146	2.728	-1.011	-3.277	127.738419	37.884998
1596707625690	1596707625689	-10.864	0.137	-0.149	2.532	-0.828	-3.326	127.738419	37.884998
1596707625709	1596707625709	-11.551	-1.018	0.093	2.408	-0.766	-3.400	127.738419	37.884998
1596707625729	1596707625728	-11.352	0.202	-0.187	2.757	-1.093	-3.378	127.738419	37.884998
1596707625749	1596707625749	-10.490	0.434	-0.429	3.178	-1.427	-3.105	127.738419	37.884998
1596707625774	1596707625774	-9.841	0.559	0.081	3.230	-1.478	-2.980	127.738419	37.884998
1596707625795	1596707625795	-9.077	1.292	0.788	2.361	-1.576	-2.887	127.738419	37.884998
1596707625814	1596707625814	-8.825	1.145	0.833	0.847	-1.405	-2.559	127.738419	37.884998
1596707625832	1596707625832	-9.517	0.048	0.347	-0.229	-1.048	-2.383	127.738419	37.884998
1596707625853	1596707625848	-10.119	-0.213	0.299	-0.516	-0.801	-2.213	127.738419	37.884998
1596707625867	1596707625865	-9.977	0.286	0.409	-0.640	-0.806	-1.868	127.738419	37.884998
1596707625890	1596707625890	-9.115	0.448	0.491	-0.930	-0.872	-1.621	127.738419	37.884998
1596707625906	1596707625906	-8.490	0.499	0.381	-1.156	-0.773	-1.203	127.738419	37.884998
1596707625926	1596707625926	-8.969	0.635	0.416	-1.308	-0.312	-0.624	127.738419	37.884998
1596707625964	1596707625964	-9.537	0.626	0.960	-1.549	0.032	0.014	127.738419	37.884991
1596707625970	1596707625966	-9.714	0.166	0.426	-1.844	-0.036	0.626	127.738419	37.884991
1596707625984	1596707625984	-9.884	-0.433	1.003	-1.979	0.303	1.259	127.738419	37.884991
1596707626004	1596707626004	-10.064	-0.797	1.564	-1.926	0.508	1.887	127.738419	37.884991
1596707626023	1596707626023	-10.528	-1.001	1.456	-1.713	0.693	2.420	127.738419	37.884991
1596707626043	1596707626043	-11.808	-0.963	1.686	-1.371	1.193	2.933	127.738419	37.884991
1596707626064	1596707626063	-14.354	-1.113	2.306	-0.888	1.819	3.455	127.738419	37.884991
1596707626085	1596707626083	-17.231	-1.442	2.659	-0.247	2.118	3.933	127.738419	37.884991
1596707626104	1596707626103	-18.072	-1.679	2.948	0.345	1.672	4.188	127.738419	37.884991
1596707626123	1596707626123	-15.969	-1.705	2.822	0.804	0.911	4.098	127.738419	37.884991
1596707626145	1596707626144	-13.127	-1.712	2.318	1.185	0.263	3.850	127.738419	37.884991
1596707626163	1596707626163	-10.739	-0.900	1.746	1.111	0.028	3.278	127.738419	37.884991
1596707626192	1596707626192	-9.192	-0.354	1.092	0.860	0.123	2.925	127.738419	37.884991
1596707626212	1596707626212	-8.394	0.369	1.116	0.357	0.344	2.840	127.738419	37.884991
1596707626229	1596707626229	-8.272	0.578	1.449	-0.336	0.474	2.637	127.738419	37.884991
1596707626241	1596707626241	-8.847	0.125	1.315	-1.164	0.601	2.515	127.738419	37.884991
1596707626267	1596707626267	-9.546	-0.543	1.049	-1.886	0.663	2.289	127.738419	37.884991
1596707626281	1596707626281	-10.147	-1.128	1.130	-2.413	0.594	2.129	127.738419	37.884991
1596707626303	1596707626300	-10.385	-1.741	1.286	-2.647	0.406	1.937	127.738419	37.884991
1596707626319	1596707626318	-10.442	-2.211	1.379	-2.631	0.278	1.812	127.738419	37.884991
1596707626340	1596707626338	-10.234	-2.587	1.619	-2.453	0.171	1.773	127.738419	37.884991
1596707626362	1596707626360	-10.020	-2.877	1.545	-2.227	0.147	1.780	127.738419	37.884991
1596707626379	1596707626378	-10.725	-3.092	1.573	-1.752	0.419	1.732	127.738419	37.884991
1596707626400	1596707626400	-11.752	-3.289	1.660	-1.308	0.623	1.465	127.738419	37.884991
1596707626418	1596707626418	-11.994	-2.905	1.164	-1.000	0.445	1.253	127.738419	37.884991
1596707626444	1596707626438	-12.509	-2.721	0.551	-0.748	0.395	0.820	127.738419	37.884991
1596707626463	1596707626455	-13.975	-2.112	0.649	-0.669	0.794	0.297	127.738419	37.884991
1596707626480	1596707626479	-14.227	-1.619	1.576	-0.725	0.608	0.015	127.738419	37.884991
1596707626497	1596707626494	-12.136	-2.146	1.264	-0.599	-0.115	-0.361	127.738419	37.884991
1596707626515	1596707626513	-11.034	-2.620	1.209	-0.409	-0.050	-0.772	127.738419	37.884991
1596707626535	1596707626533	-11.271	-2.644	1.669	-0.245	0.188	-1.082	127.738419	37.884991
1596707626555	1596707626555	-11.084	-2.460	1.401	-0.149	0.040	-1.302	127.738419	37.884991
1596707626576	1596707626576	-11.012	-2.596	0.896	-0.070	0.007	-1.454	127.738419	37.884991
1596707626595	1596707626595	-11.333	-2.812	0.910	0.113	0.076	-1.529	127.738419	37.884991
1596707626613	1596707626612	-11.525	-3.145	0.886	0.459	-0.023	-1.516	127.738419	37.884991
1596707626634	1596707626634	-11.760	-3.902	1.015	1.262	-0.045	-1.504	127.738419	37.884991
1596707626654	1596707626652	-12.370	-3.995	1.015	2.187	-0.071	-1.451	127.738419	37.884991
1596707626677	1596707626677	-12.624	-3.308	0.754	3.082	-0.230	-1.521	127.738419	37.884991
1596707626693	1596707626691	-12.541	-2.500	0.627	3.667	-0.480	-1.626	127.738419	37.884991
1596707626713	1596707626711	-12.490	-1.899	0.076	3.680	-0.646	-1.869	127.738419	37.884991
1596707626732	1596707626730	-12.526	-1.856	-0.154	3.821	-0.880	-2.234	127.738419	37.884991
1596707626751	1596707626751	-12.447	-1.087	-0.523	3.823	-1.182	-2.468	127.738419	37.884991
1596707626772	1596707626769	-12.636	-0.579	-0.539	3.711	-1.374	-2.755	127.738419	37.884991
1596707626792	1596707626792	-12.984	0.214	-0.393	3.130	-1.368	-3.147	127.738419	37.884991
1596707626812	1596707626812	-13.008	0.566	-0.223	2.315	-1.591	-3.323	127.738419	37.884991
1596707626833	1596707626833	-12.378	0.362	-0.259	1.544	-1.920	-3.373	127.738419	37.884991
1596707626851	1596707626851	-11.625	0.297	-0.214	0.743	-1.937	-3.526	127.738419	37.884991
1596707626875	1596707626875	-11.005	0.075	-0.010	0.053	-1.839	-3.588	127.738419	37.884991
1596707626893	1596707626890	-10.629	-0.098	-0.020	-0.526	-1.724	-3.660	127.738419	37.884991
1596707626908	1596707626908	-10.615	-0.225	-0.163	-0.870	-1.507	-3.630	127.738419	37.884991
1596707626928	1596707626926	-10.948	-0.069	-0.293	-1.061	-1.219	-3.425	127.738419	37.884991
1596707626953	1596707626953	-10.916	0.508	-0.312	-1.110	-1.093	-3.150	127.738411	37.884979
1596707626967	1596707626967	-9.783	1.783	-0.204	-1.011	-1.239	-2.913	127.738411	37.884979
1596707626989	1596707626989	-8.348	2.681	-0.542	-0.966	-1.298	-2.401	127.738411	37.884979
1596707627008	1596707627004	-8.729	2.456	-0.582	-1.077	-0.635	-1.681	127.738411	37.884979
1596707627026	1596707627024	-9.879	1.970	-0.281	-0.968	-0.034	-1.124	127.738411	37.884979
1596707627046	1596707627044	-9.963	1.375	-0.096	-1.064	-0.167	-0.452	127.738411	37.884979
1596707627065	1596707627064	-9.505	1.023	0.392	-1.197	-0.159	0.353	127.738411	37.884979
1596707627085	1596707627083	-9.422	-0.124	1.054	-1.001	0.173	1.350	127.738411	37.884979
1596707627108	1596707627108	-9.989	-0.922	1.523	-0.673	0.614	2.160	127.738411	37.884979
1596707627125	1596707627123	-11.439	-1.296	2.117	-0.237	1.178	2.779	127.738411	37.884979
1596707627145	1596707627142	-13.448	-0.649	2.223	0.217	1.633	3.243	127.738411	37.884979
1596707627164	1596707627162	-15.288	-0.483	2.314	0.531	1.936	3.997	127.738411	37.884979
1596707627184	1596707627185	-15.528	-0.584	2.716	0.808	1.793	4.138	127.738411	37.884979
1596707627205	1596707627205	-14.680	-0.383	2.158	0.770	1.451	3.824	127.738411	37.884979
1596707627227	1596707627227	-13.487	-0.596	1.260	0.557	1.180	3.717	127.738411	37.884979
1596707627244	1596707627244	-11.618	0.024	0.493	0.335	0.791	3.437	127.738411	37.884979
1596707627269	1596707627268	-9.922	0.286	-0.218	-0.327	0.598	3.148	127.738411	37.884979
1596707627288	1596707627282	-9.184	-0.586	0.155	-0.846	0.676	2.845	127.738411	37.884979
1596707627306	1596707627303	-9.513	0.041	0.043	-0.970	0.891	2.665	127.738411	37.884979
1596707627323	1596707627321	-11.228	-0.654	1.176	-1.348	1.408	3.027	127.738411	37.884979
1596707627344	1596707627342	-12.323	-0.031	0.963	-2.320	1.279	2.738	127.738411	37.884979
1596707627363	1596707627361	-12.926	-1.631	0.963	-2.855	1.005	2.890	127.738411	37.884979
1596707627385	1596707627383	-13.056	-1.502	0.299	-3.027	0.552	2.968	127.738411	37.884979
1596707627413	1596707627413	-13.305	-1.583	-0.096	-3.418	0.581	3.074	127.738411	37.884979
1596707627431	1596707627431	-13.765	-2.120	-0.166	-3.879	0.536	3.189	127.738411	37.884979
1596707627450	1596707627450	-14.105	-2.893	0.244	-3.932	0.441	3.276	127.738411	37.884979
1596707627474	1596707627474	-14.088	-3.653	0.558	-3.619	0.315	3.304	127.738411	37.884979
1596707627486	1596707627486	-13.575	-4.065	0.318	-2.949	0.011	3.248	127.738411	37.884979
1596707627507	1596707627500	-12.893	-4.788	0.182	-2.086	-0.064	3.057	127.738411	37.884979
1596707627523	1596707627520	-13.539	-5.780	-0.130	-0.985	0.276	2.375	127.738411	37.884979
1596707627539	1596707627539	-15.267	-5.480	0.639	-0.416	0.776	2.148	127.738411	37.884979
1596707627560	1596707627557	-15.192	-4.594	1.097	0.015	0.404	1.461	127.738411	37.884979
1596707627579	1596707627577	-13.171	-4.103	0.668	0.764	-0.084	0.494	127.738411	37.884979
1596707627600	1596707627599	-11.494	-2.922	0.718	1.208	-0.027	-0.254	127.738411	37.884979
1596707627626	1596707627626	-10.964	-2.220	0.723	1.435	0.014	-0.994	127.738411	37.884979
1596707627644	1596707627643	-10.964	-2.369	0.711	1.478	-0.075	-1.679	127.738411	37.884979
1596707627664	1596707627664	-10.945	-2.733	0.392	1.480	-0.303	-2.204	127.738411	37.884979
1596707627681	1596707627681	-10.948	-2.848	0.131	1.574	-0.419	-2.653	127.738411	37.884979
1596707627700	1596707627700	-11.549	-2.771	0.361	1.791	-0.410	-2.967	127.738411	37.884979
1596707627720	1596707627715	-12.634	-2.848	0.527	2.220	-0.516	-3.135	127.738411	37.884979
1596707627735	1596707627734	-13.391	-2.505	0.270	2.795	-0.744	-3.319	127.738411	37.884979
1596707627754	1596707627753	-13.781	-1.372	0.182	3.136	-0.950	-3.620	127.738411	37.884979
1596707627774	1596707627773	-13.659	1.023	0.256	2.960	-1.101	-3.887	127.738411	37.884979
1596707627794	1596707627794	-13.690	0.072	-0.032	2.485	-1.162	-3.983	127.738411	37.884979
1596707627820	1596707627820	-13.959	-0.984	-0.305	2.633	-1.268	-4.230	127.738411	37.884979
1596707627839	1596707627839	-14.316	0.367	-0.549	2.588	-1.443	-4.362	127.738411	37.884979
1596707627857	1596707627857	-14.548	0.544	-0.360	2.136	-1.247	-4.285	127.738411	37.884979
1596707627878	1596707627877	-14.708	0.144	-0.657	1.900	-1.120	-4.049	127.738411	37.884979
1596707627898	1596707627891	-14.021	0.087	-0.647	2.153	-1.412	-3.636	127.738411	37.884979
1596707627912	1596707627912	-12.850	-0.824	-2.159	2.334	-1.725	-3.366	127.738411	37.884979
1596707627933	1596707627931	-11.745	-1.109	-2.192	3.838	-1.589	-3.055	127.738411	37.884979
1596707627952	1596707627951	-12.174	1.538	-0.846	4.668	-1.508	-2.237	127.738411	37.884979
1596707627971	1596707627970	-11.937	1.665	-0.350	3.888	-2.130	-1.858	127.738419	37.884972
1596707627993	1596707627994	-10.370	3.036	-1.557	1.441	-2.362	-2.218	127.738419	37.884972
1596707628018	1596707628016	-8.940	2.180	-2.434	0.439	-2.162	-2.003	127.738419	37.884972
1596707628033	1596707628031	-7.623	3.855	-2.087	0.121	-2.114	-1.703	127.738419	37.884972
1596707628051	1596707628050	-7.110	6.114	-2.111	-1.195	-1.459	-1.386	127.738419	37.884972
1596707628070	1596707628069	-8.353	3.692	-1.596	-2.641	-0.327	-0.895	127.738419	37.884972
1596707628098	1596707628092	-9.323	1.066	-0.300	-3.615	0.098	-0.311	127.738419	37.884972
1596707628110	1596707628108	-9.498	-0.201	0.594	-3.638	0.007	0.277	127.738419	37.884972
1596707628133	1596707628133	-10.289	-0.687	0.987	-3.520	0.425	1.206	127.738419	37.884972
1596707628148	1596707628148	-10.569	-1.166	1.250	-3.096	0.639	1.739	127.738419	37.884972
1596707628168	1596707628167	-10.859	-1.420	1.185	-2.494	0.705	2.421	127.738419	37.884972
1596707628187	1596707628187	-11.800	-1.293	1.114	-1.840	0.991	2.887	127.738419	37.884972
1596707628213	1596707628213	-12.991	-0.400	1.078	-1.273	1.539	2.978	127.738419	37.884972
1596707628240	1596707628240	-14.555	0.501	1.514	-1.070	1.607	3.576	127.738419	37.884972
1596707628251	1596707628251	-15.489	-0.742	1.509	-1.204	1.506	4.095	127.738419	37.884972
1596707628272	1596707628272	-14.977	-1.743	2.096	-1.148	1.449	3.909	127.738419	37.884972
1596707628297	1596707628291	-13.822	-1.549	1.655	-1.016	0.611	3.640	127.738419	37.884972
1596707628305	1596707628304	-11.915	-1.046	0.807	-0.852	0.055	3.394	127.738419	37.884972
1596707628329	1596707628329	-10.509	-0.565	0.778	-0.852	0.203	3.513	127.738419	37.884972
1596707628347	1596707628347	-10.248	-0.620	0.898	-0.958	0.410	3.371	127.738419	37.884972
1596707628366	1596707628364	-10.921	-0.136	1.217	-1.277	0.629	3.243	127.738419	37.884972
1596707628384	1596707628382	-11.990	-0.184	1.559	-2.088	0.910	3.455	127.738419	37.884972
1596707628407	1596707628405	-12.933	-1.109	1.403	-3.000	0.991	3.323	127.738419	37.884972
1596707628423	1596707628423	-13.331	-1.767	0.575	-3.403	0.537	3.073	127.738419	37.884972
1596707628444	1596707628445	-13.190	-1.233	-0.288	-3.843	0.212	3.084	127.738419	37.884972
1596707628463	1596707628463	-13.094	-1.576	-0.499	-4.325	0.137	3.007	127.738419	37.884972
1596707628484	1596707628484	-13.257	-2.189	-0.896	-4.552	0.000	2.960	127.738419	37.884972
1596707628512	1596707628509	-13.245	-2.781	-0.923	-4.427	-0.124	2.871	127.738419	37.884972
1596707628524	1596707628524	-13.156	-3.334	-0.796	-4.259	-0.269	2.693	127.738419	37.884972
1596707628542	1596707628541	-12.833	-3.672	-0.463	-3.986	-0.205	2.268	127.738419	37.884972
1596707628562	1596707628560	-12.485	-3.873	-0.436	-3.663	-0.277	1.905	127.738419	37.884972
1596707628581	1596707628581	-13.410	-4.963	-1.260	-3.143	-0.224	1.651	127.738419	37.884972
1596707628602	1596707628600	-14.673	-5.217	-1.105	-2.552	0.307	1.111	127.738419	37.884972
1596707628622	1596707628621	-12.785	-4.939	-0.156	-1.846	-0.154	0.532	127.738419	37.884972
1596707628642	1596707628642	-9.343	-4.628	0.148	-1.213	-0.641	-0.081	127.738419	37.884972
1596707628662	1596707628662	-8.025	-3.744	0.043	-0.719	-0.168	-0.855	127.738419	37.884972
1596707628682	1596707628682	-9.264	-4.026	-0.525	-0.123	0.578	-1.520	127.738419	37.884972
1596707628701	1596707628701	-11.937	-4.297	-0.978	0.314	1.236	-2.168	127.738419	37.884972
1596707628724	1596707628722	-13.853	-3.964	-1.476	0.861	1.434	-2.716	127.738419	37.884972
1596707628741	1596707628737	-14.584	-3.653	-2.029	1.732	1.267	-3.116	127.738419	37.884972
1596707628762	1596707628759	-14.675	-2.843	-1.967	2.547	1.012	-3.397	127.738419	37.884972
1596707628779	1596707628776	-14.112	-2.079	-1.356	3.250	0.697	-3.454	127.738419	37.884972
1596707628800	1596707628795	-13.367	-1.842	-0.815	3.769	0.518	-3.521	127.738419	37.884972
1596707628818	1596707628818	-12.610	-1.178	-0.628	3.964	0.608	-3.791	127.738419	37.884972
1596707628837	1596707628837	-12.267	-0.515	-0.448	3.857	0.833	-4.092	127.738419	37.884972
1596707628860	1596707628859	-12.315	-0.045	-0.151	3.473	0.943	-4.110	127.738419	37.884972
1596707628877	1596707628877	-12.634	-0.812	-0.439	3.266	0.874	-3.869	127.738419	37.884972
1596707628899	1596707628899	-12.912	-1.355	-0.484	3.306	1.040	-3.917	127.738419	37.884972
1596707628922	1596707628922	-13.350	-0.970	-0.834	3.343	1.034	-3.859	127.738419	37.884972
1596707628957	1596707628942	-13.817	-0.867	-1.090	3.351	0.852	-3.598	127.738419	37.884964
1596707628957	1596707628957	-13.916	-0.459	-1.018	3.191	0.499	-3.437	127.738419	37.884964
1596707628975	1596707628974	-13.619	-1.188	-0.626	2.919	0.133	-3.095	127.738419	37.884964
1596707628994	1596707628991	-12.289	-1.010	-0.733	2.796	-0.344	-3.122	127.738419	37.884964
1596707629013	1596707629012	-11.575	0.077	-0.896	2.540	-0.602	-3.036	127.738419	37.884964
1596707629033	1596707629031	-11.561	0.290	-0.884	2.002	-0.628	-2.833	127.738419	37.884964
1596707629054	1596707629050	-11.350	0.278	-0.939	1.365	-0.721	-2.754	127.738419	37.884964
1596707629072	1596707629070	-10.677	0.348	-0.769	0.802	-0.933	-2.585	127.738419	37.884964
1596707629094	1596707629092	-9.522	0.458	-0.317	0.229	-1.131	-2.438	127.738419	37.884964
1596707629113	1596707629113	-8.054	1.066	-0.417	-0.409	-1.217	-2.425	127.738419	37.884964
1596707629131	1596707629130	-7.429	1.876	-0.856	-1.019	-0.814	-2.056	127.738419	37.884964
1596707629156	1596707629151	-8.078	1.773	0.095	-1.438	-0.048	-1.376	127.738419	37.884964
1596707629176	1596707629176	-8.406	1.332	0.893	-1.678	0.039	-0.735	127.738419	37.884964
1596707629191	1596707629189	-8.253	0.848	1.116	-1.823	0.097	-0.191	127.738419	37.884964
1596707629210	1596707629209	-8.039	-0.431	2.089	-1.828	0.432	0.645	127.738419	37.884964
1596707629230	1596707629228	-7.762	-1.916	2.671	-1.589	0.357	1.631	127.738419	37.884964
1596707629250	1596707629250	-8.324	-2.397	2.697	-1.036	0.607	2.417	127.738419	37.884964
1596707629269	1596707629269	-10.375	-1.473	2.570	-0.567	1.233	3.150	127.738419	37.884964
1596707629291	1596707629291	-13.183	-0.792	2.338	-0.190	1.749	3.735	127.738419	37.884964
1596707629310	1596707629310	-16.584	-0.105	1.820	-0.075	2.102	4.390	127.738419	37.884964
1596707629334	1596707629334	-19.303	-0.162	1.480	0.049	1.849	5.026	127.738419	37.884964
1596707629355	1596707629347	-18.556	0.015	1.399	0.053	0.891	5.095	127.738419	37.884964
1596707629370	1596707629366	-16.002	-0.321	0.402	-0.705	0.142	5.170	127.738419	37.884964
1596707629390	1596707629386	-13.848	-0.179	-0.324	-1.622	-0.111	5.054	127.738419	37.884964
1596707629408	1596707629406	-12.794	-0.203	-0.355	-2.730	0.038	4.605	127.738419	37.884964
1596707629427	1596707629426	-12.749	-1.030	-0.618	-3.531	-0.051	4.450	127.738419	37.884964
1596707629450	1596707629450	-13.015	-2.282	-0.005	-3.851	0.049	4.327	127.738419	37.884964
1596707629471	1596707629471	-13.863	-3.013	0.613	-3.545	-0.163	3.589	127.738419	37.884964
1596707629494	1596707629494	-13.901	-1.882	-1.114	-2.926	-1.060	3.284	127.738419	37.884964
1596707629507	1596707629506	-13.556	-2.048	-1.162	-3.161	-0.470	3.299	127.738419	37.884964
1596707629540	1596707629540	-13.578	-2.596	-0.937	-2.995	-0.535	3.065	127.738419	37.884964
1596707629546	1596707629546	-13.278	-2.306	-0.796	-2.632	-0.991	2.962	127.738419	37.884964
1596707629567	1596707629567	-12.476	-1.873	-0.903	-2.449	-0.856	2.775	127.738419	37.884964
1596707629588	1596707629583	-12.179	-1.892	-0.621	-2.577	-0.349	2.513	127.738419	37.884964
1596707629604	1596707629603	-12.553	-3.159	-0.891	-2.428	-0.347	2.425	127.738419	37.884964
1596707629623	1596707629623	-12.562	-3.701	-1.414	-2.262	-0.371	2.308	127.738419	37.884964
1596707629644	1596707629643	-12.160	-4.034	-1.677	-2.058	-0.343	2.232	127.738419	37.884964
1596707629665	1596707629665	-11.853	-5.085	-2.288	-1.704	-0.491	2.011	127.738419	37.884964
1596707629684	1596707629684	-12.045	-6.558	-2.659	-1.137	-0.296	1.460	127.738419	37.884964
1596707629705	1596707629706	-11.396	-6.839	-1.538	-0.292	-0.114	0.816	127.738419	37.884964
1596707629729	1596707629728	-10.756	-5.653	-1.169	0.647	0.040	0.065	127.738419	37.884964
1596707629747	1596707629747	-11.513	-3.042	-0.877	1.522	0.477	-0.833	127.738419	37.884964
1596707629767	1596707629767	-12.018	-1.269	-0.772	2.300	0.512	-1.578	127.738419	37.884964
1596707629784	1596707629781	-12.073	-1.113	-1.002	2.680	0.320	-2.311	127.738419	37.884964
1596707629803	1596707629801	-12.495	-1.351	-1.236	2.675	0.253	-3.117	127.738419	37.884964
1596707629821	1596707629820	-12.981	-1.708	-1.459	2.739	0.229	-3.677	127.738419	37.884964
1596707629841	1596707629841	-13.496	-1.942	-1.385	2.944	0.297	-3.834	127.738419	37.884964
1596707629860	1596707629859	-14.117	-2.103	-0.937	3.194	0.226	-3.814	127.738419	37.884964
1596707629882	1596707629882	-14.553	-1.930	-0.717	3.313	-0.068	-3.918	127.738419	37.884964
1596707629904	1596707629904	-14.629	-1.722	-0.664	3.671	-0.278	-4.107	127.738419	37.884964
1596707629929	1596707629929	-13.973	0.470	-0.515	3.725	-0.158	-4.301	127.738419	37.884964
1596707629974	1596707629940	-13.712	0.391	-0.645	3.800	-0.121	-3.762	127.738419	37.884964
1596707629974	1596707629974	-14.924	-1.164	-0.130	3.994	-0.167	-3.727	127.738419	37.884964
1596707629978	1596707629978	-14.546	-0.150	-0.781	3.918	-0.383	-4.266	127.738419	37.884964
1596707629995	1596707629995	-15.327	0.063	-0.456	4.177	-0.285	-4.224	127.738426	37.884953
1596707630016	1596707630016	-15.971	0.393	-0.726	3.932	-0.244	-4.072	127.738426	37.884953
1596707630038	1596707630038	-15.794	0.549	-1.488	3.961	-0.679	-3.532	127.738426	37.884953
1596707630057	1596707630057	-14.730	-0.579	-1.557	4.298	-1.415	-2.941	127.738426	37.884953
1596707630075	1596707630075	-13.678	1.040	0.182	3.834	-1.756	-2.892	127.738426	37.884953
1596707630095	1596707630094	-11.949	0.872	1.387	2.640	-2.043	-2.717	127.738426	37.884953
1596707630115	1596707630115	-10.528	-0.237	0.596	1.553	-2.468	-2.878	127.738426	37.884953
1596707630135	1596707630135	-9.647	0.841	-0.285	0.880	-2.178	-3.130	127.738426	37.884953
1596707630159	1596707630159	-10.066	1.469	0.127	0.253	-1.542	-3.036	127.738426	37.884953
1596707630178	1596707630177	-10.246	1.495	-0.130	-0.403	-1.639	-2.967	127.738426	37.884953
1596707630198	1596707630198	-9.371	2.755	-0.937	-1.013	-1.755	-2.860	127.738426	37.884953
1596707630214	1596707630212	-8.588	3.426	-0.815	-1.667	-1.414	-2.395	127.738426	37.884953
1596707630232	1596707630232	-7.809	2.331	-0.623	-2.464	-1.178	-1.724	127.738426	37.884953
1596707630253	1596707630251	-7.239	0.489	-0.860	-2.987	-0.943	-0.938	127.738426	37.884953
1596707630279	1596707630279	-7.354	-1.430	-0.266	-2.806	-0.312	0.060	127.738426	37.884953
1596707630295	1596707630295	-7.855	-2.441	0.575	-2.342	0.017	1.089	127.738426	37.884953
1596707630319	1596707630319	-8.327	-2.213	0.927	-1.843	0.128	1.948	127.738426	37.884953
1596707630340	1596707630340	-9.046	-1.640	0.783	-1.408	0.321	2.830	127.738426	37.884953
1596707630352	1596707630352	-10.413	-1.262	0.819	-1.038	0.809	3.537	127.738426	37.884953
1596707630372	1596707630372	-12.682	-1.054	0.733	-0.683	1.351	4.119	127.738426	37.884953
1596707630397	1596707630389	-15.099	-0.953	0.793	-0.218	1.571	4.648	127.738426	37.884953
1596707630410	1596707630410	-15.957	-0.864	0.874	-0.077	1.271	5.067	127.738426	37.884953
1596707630430	1596707630428	-14.213	-1.703	0.340	0.028	0.798	5.001	127.738426	37.884953
1596707630450	1596707630448	-12.452	-1.765	-0.494	0.457	0.430	4.677	127.738426	37.884953
1596707630469	1596707630467	-11.479	-0.249	-1.510	0.638	0.311	4.271	127.738426	37.884953
1596707630491	1596707630488	-11.292	1.134	-1.399	-0.029	1.053	3.896	127.738426	37.884953
1596707630509	1596707630509	-12.675	0.848	-0.717	-1.014	1.665	4.044	127.738426	37.884953
