1596707591190	1596707591190	-16.551	-4.997	0.194	2.656	0.753	-0.719	127.738464	37.885319
1596707591211	1596707591207	-12.897	-4.149	0.254	3.142	-0.677	-1.080	127.738464	37.885319
1596707591230	1596707591229	-9.204	-3.382	-0.654	3.443	-1.465	-1.668	127.738464	37.885319
1596707591249	1596707591246	-9.417	-2.500	-1.117	3.490	-1.054	-2.282	127.738464	37.885319
1596707591267	1596707591266	-12.452	-1.933	-1.078	3.505	-0.588	-2.628	127.738464	37.885319
1596707591287	1596707591285	-15.202	-1.676	-0.923	3.720	-0.541	-2.942	127.738464	37.885319
1596707591308	1596707591306	-17.602	-0.634	-0.602	3.736	-0.571	-3.445	127.738464	37.885319
1596707591327	1596707591325	-18.520	0.245	-0.211	3.508	-0.984	-3.844	127.738464	37.885319
1596707591347	1596707591345	-17.061	0.786	-0.537	2.884	-1.632	-4.014	127.738464	37.885319
1596707591366	1596707591364	-14.924	0.913	-0.808	1.984	-1.657	-4.204	127.738464	37.885319
1596707591388	1596707591384	-14.203	0.247	-0.554	1.299	-1.273	-4.295	127.738464	37.885319
1596707591408	1596707591404	-14.232	0.032	-0.647	1.008	-1.079	-4.405	127.738464	37.885319
1596707591429	1596707591424	-13.738	0.034	-0.741	0.955	-1.051	-4.331	127.738464	37.885319
1596707591445	1596707591443	-12.838	0.024	-0.966	1.063	-1.137	-4.060	127.738464	37.885319
1596707591465	1596707591463	-11.755	0.099	-0.891	1.051	-1.115	-3.825	127.738464	37.885319
1596707591484	1596707591482	-10.828	-0.179	-0.810	0.843	-0.989	-3.570	127.738464	37.885319
1596707591504	1596707591502	-10.536	-1.051	-0.336	1.136	-0.899	-3.182	127.738464	37.885319
1596707591525	1596707591521	-10.847	-0.850	-0.551	1.430	-1.069	-3.017	127.738464	37.885319
1596707591545	1596707591544	-11.460	0.173	-0.611	1.343	-0.963	-2.825	127.738464	37.885319
1596707591564	1596707591561	-11.467	0.803	-0.587	1.224	-1.086	-2.550	127.738464	37.885319
1596707591582	1596707591580	-10.497	1.886	-0.827	0.955	-1.524	-2.447	127.738464	37.885319
1596707591604	1596707591601	-9.199	3.531	-1.167	0.477	-1.613	-2.491	127.738464	37.885319
1596707591623	1596707591620	-8.633	5.661	-1.660	-0.351	-1.389	-2.172	127.738464	37.885319
1596707591643	1596707591641	-8.727	5.951	-2.075	-1.502	-0.928	-1.446	127.738464	37.885319
1596707591663	1596707591660	-8.447	4.281	-1.006	-2.615	-0.535	-0.819	127.738464	37.885319
1596707591683	1596707591681	-8.693	1.696	-0.269	-3.087	-0.328	-0.078	127.738464	37.885319
1596707591702	1596707591700	-10.327	-0.464	0.124	-2.799	0.341	0.847	127.738464	37.885319
1596707591723	1596707591721	-12.117	-1.135	0.828	-2.070	0.779	1.923	127.738464	37.885319
1596707591741	1596707591739	-13.075	-1.502	1.252	-1.370	0.763	3.189	127.738464	37.885319
1596707591761	1596707591759	-13.527	-1.808	2.067	-0.790	0.876	4.065	127.738464	37.885319
1596707591780	1596707591779	-14.409	-2.455	3.092	0.024	1.140	4.484	127.738464	37.885319
1596707591801	1596707591798	-16.002	-3.995	4.022	1.126	1.616	4.748	127.738464	37.885319
1596707591820	1596707591818	-16.136	-4.163	3.878	2.463	1.622	4.544	127.738464	37.885319
1596707591839	1596707591837	-13.717	-1.748	1.835	4.105	0.929	4.119	127.738464	37.885319
1596707591860	1596707591859	-11.499	0.523	0.639	5.092	0.873	3.681	127.738464	37.885319
1596707591879	1596707591876	-10.569	3.534	0.402	4.081	1.037	2.962	127.738464	37.885319
1596707591898	1596707591895	-10.344	5.625	-0.566	1.372	1.182	2.680	127.738464	37.885319
1596707591918	1596707591915	-12.009	4.641	-1.136	-1.467	1.572	2.851	127.738464	37.885319
1596707591938	1596707591937	-13.559	2.312	-1.785	-3.620	1.441	2.925	127.738464	37.885319
1596707591958	1596707591954	-14.974	0.410	-1.931	-5.032	1.168	2.920	127.738464	37.885319
1596707591975	1596707591974	-16.153	-1.997	-1.349	-5.936	0.795	2.996	127.738464	37.885307
1596707591996	1596707591994	-16.198	-3.717	-0.700	-6.512	0.193	3.206	127.738464	37.885307
1596707592019	1596707592019	-15.204	-5.689	-0.642	-6.722	-0.443	3.387	127.738464	37.885307
1596707592038	1596707592037	-14.074	-7.569	-0.856	-6.538	-0.932	3.317	127.738464	37.885307
1596707592059	1596707592057	-12.569	-8.365	-1.339	-5.822	-1.511	3.099	127.738464	37.885307
1596707592077	1596707592074	-10.547	-7.706	-1.816	-4.853	-1.654	2.928	127.738464	37.885307
1596707592095	1596707592093	-9.496	-6.549	-1.768	-4.086	-1.026	2.565	127.738464	37.885307
1596707592117	1596707592114	-10.775	-5.775	-1.831	-3.615	-0.085	1.958	127.738464	37.885307
1596707592134	1596707592132	-13.949	-5.715	-1.157	-2.742	1.017	1.745	127.738464	37.885307
1596707592159	1596707592157	-15.640	-5.548	0.033	-1.596	1.175	1.661	127.738464	37.885307
1596707592174	1596707592173	-13.343	-6.178	-0.240	-0.701	0.222	1.183	127.738464	37.885307
1596707592194	1596707592193	-10.569	-8.216	-0.429	0.208	-0.142	0.675	127.738464	37.885307
1596707592213	1596707592212	-9.807	-8.070	0.287	0.831	0.374	-0.001	127.738464	37.885307
1596707592232	1596707592232	-9.834	-6.664	0.232	1.316	0.896	-0.632	127.738464	37.885307
1596707592254	1596707592254	-10.155	-6.218	-0.099	1.889	1.193	-1.080	127.738464	37.885307
1596707592271	1596707592269	-10.339	-5.962	0.390	2.408	1.269	-1.590	127.738464	37.885307
1596707592291	1596707592289	-10.876	-5.507	0.888	2.906	1.247	-2.138	127.738464	37.885307
1596707592312	1596707592309	-12.064	-5.088	0.495	3.477	1.098	-2.636	127.738464	37.885307
1596707592331	1596707592329	-13.238	-3.461	-0.250	4.036	0.804	-3.095	127.738464	37.885307
1596707592351	1596707592351	-14.007	-1.866	-0.781	4.308	0.367	-3.358	127.738464	37.885307
1596707592370	1596707592370	-14.646	-1.195	-0.750	4.215	0.002	-3.522	127.738464	37.885307
1596707592390	1596707592390	-15.305	-0.754	-0.364	4.113	-0.301	-3.739	127.738464	37.885307
1596707592410	1596707592410	-15.269	-0.534	-0.115	4.167	-0.682	-3.844	127.738464	37.885307
1596707592429	1596707592429	-14.495	-0.208	-0.075	4.088	-1.000	-3.768	127.738464	37.885307
1596707592452	1596707592447	-13.901	-0.251	0.158	3.835	-0.985	-3.566	127.738464	37.885307
1596707592469	1596707592466	-13.501	-0.052	0.452	3.435	-0.909	-3.293	127.738464	37.885307
1596707592487	1596707592486	-13.669	-0.172	0.167	2.707	-1.131	-3.066	127.738464	37.885307
1596707592508	1596707592506	-13.741	-0.361	-0.053	1.945	-1.244	-3.062	127.738464	37.885307
1596707592532	1596707592528	-13.202	-0.991	-0.187	1.356	-1.388	-2.760	127.738464	37.885307
1596707592547	1596707592547	-12.006	-0.915	-0.812	0.872	-1.577	-2.654	127.738464	37.885307
1596707592569	1596707592569	-11.027	-0.749	-1.126	0.564	-1.502	-2.464	127.738464	37.885307
1596707592586	1596707592586	-11.029	-0.677	-1.119	0.339	-1.327	-2.396	127.738464	37.885307
1596707592608	1596707592607	-12.114	-0.797	-0.712	0.221	-1.021	-2.523	127.738464	37.885307
1596707592625	1596707592625	-13.360	0.118	-0.899	0.055	-0.949	-2.806	127.738464	37.885307
1596707592645	1596707592645	-13.865	2.176	-2.087	-0.194	-1.199	-2.758	127.738464	37.885307
1596707592665	1596707592665	-13.008	4.049	-2.712	-0.539	-1.375	-2.376	127.738464	37.885307
1596707592685	1596707592683	-10.691	4.971	-2.897	-0.971	-1.613	-1.881	127.738464	37.885307
1596707592710	1596707592709	-8.576	3.174	-1.946	-1.122	-1.435	-1.314	127.738464	37.885307
1596707592724	1596707592722	-7.630	0.971	0.292	-1.112	-0.621	-0.793	127.738464	37.885307
1596707592744	1596707592742	-7.958	0.058	1.923	-0.432	0.045	-0.108	127.738464	37.885307
1596707592763	1596707592763	-9.573	-0.150	2.587	0.554	0.772	0.786	127.738464	37.885307
1596707592783	1596707592783	-11.058	1.735	3.006	1.119	1.316	1.314	127.738464	37.885307
1596707592804	1596707592803	-11.709	2.192	2.723	1.101	1.474	1.800	127.738464	37.885307
1596707592823	1596707592823	-12.394	1.989	2.098	0.742	1.735	2.188	127.738464	37.885307
1596707592843	1596707592843	-13.094	2.013	1.605	0.214	1.906	2.536	127.738464	37.885307
1596707592864	1596707592863	-13.075	1.934	0.433	-0.639	1.630	2.763	127.738464	37.885307
1596707592883	1596707592881	-12.473	1.723	-0.535	-1.603	1.451	3.013	127.738464	37.885307
1596707592908	1596707592901	-12.114	1.076	-0.937	-2.408	1.350	3.369	127.738464	37.885307
1596707592922	1596707592920	-12.021	0.041	-1.093	-3.061	1.138	3.534	127.738464	37.885307
1596707592944	1596707592944	-12.248	-0.694	-1.224	-3.659	0.928	3.488	127.738464	37.885307
1596707592963	1596707592962	-13.321	-1.193	-1.052	-4.245	0.909	3.588	127.738457	37.885300
1596707592981	1596707592979	-14.948	-1.858	-0.875	-4.832	0.832	3.720	127.738457	37.885300
1596707593001	1596707592999	-16.191	-2.390	-0.688	-5.615	0.425	3.897	127.738457	37.885300
1596707593020	1596707593018	-15.930	-3.526	-1.936	-6.236	-0.352	3.901	127.738457	37.885300
1596707593040	1596707593038	-14.720	-3.030	-3.313	-6.844	-1.125	3.936	127.738457	37.885300
1596707593061	1596707593061	-14.093	-3.217	-4.698	-6.788	-1.341	3.941	127.738457	37.885300
1596707593081	1596707593077	-14.241	-4.985	-4.379	-6.034	-1.203	3.958	127.738457	37.885300
1596707593100	1596707593098	-14.879	-6.932	-3.045	-4.452	-1.513	3.775	127.738457	37.885300
1596707593118	1596707593115	-15.077	-6.920	-1.996	-2.980	-1.820	3.580	127.738457	37.885300
1596707593139	1596707593135	-14.395	-7.308	-2.216	-1.848	-1.515	3.647	127.738457	37.885300
1596707593159	1596707593155	-13.302	-7.145	-1.773	-1.179	-0.900	3.077	127.738457	37.885300
1596707593177	1596707593176	-12.026	-7.109	-1.550	-1.044	-1.007	2.627	127.738457	37.885300
1596707593198	1596707593196	-10.595	-8.448	-2.118	-0.613	-0.762	2.101	127.738457	37.885300
1596707593216	1596707593216	-11.108	-7.773	-2.319	0.104	-0.014	1.333	127.738457	37.885300
1596707593235	1596707593235	-12.037	-5.852	-0.942	0.736	0.601	0.475	127.738457	37.885300
1596707593256	1596707593255	-12.720	-4.376	-1.375	1.159	0.600	-0.478	127.738457	37.885300
1596707593276	1596707593276	-12.610	-3.959	-1.086	1.520	0.658	-1.250	127.738457	37.885300
1596707593296	1596707593293	-11.594	-4.029	-1.066	1.738	0.460	-1.902	127.738457	37.885300
1596707593314	1596707593312	-11.669	-4.129	-1.648	2.086	0.529	-2.587	127.738457	37.885300
1596707593334	1596707593332	-12.974	-3.892	-1.708	2.465	0.865	-3.227	127.738457	37.885300
1596707593354	1596707593351	-14.586	-3.487	-1.433	2.869	1.050	-3.711	127.738457	37.885300
1596707593373	1596707593372	-15.468	-2.790	-1.071	3.412	0.987	-4.083	127.738457	37.885300
1596707593394	1596707593392	-15.648	-1.691	-0.820	3.855	0.877	-4.110	127.738457	37.885300
1596707593412	1596707593412	-15.437	-1.772	-1.208	4.149	0.876	-4.033	127.738457	37.885300
1596707593432	1596707593432	-15.444	-1.310	-0.295	4.874	0.962	-4.217	127.738457	37.885300
1596707593452	1596707593452	-15.880	0.111	-1.138	4.542	0.180	-4.064	127.738457	37.885300
1596707593477	1596707593476	-14.871	0.384	-0.951	4.021	-0.225	-4.189	127.738457	37.885300
1596707593491	1596707593489	-14.193	0.087	-1.292	3.180	-0.256	-4.299	127.738457	37.885300
1596707593511	1596707593509	-14.529	-0.253	-1.445	2.557	-0.115	-4.161	127.738457	37.885300
1596707593534	1596707593532	-15.121	-0.069	-1.143	2.044	-0.084	-4.180	127.738457	37.885300
1596707593551	1596707593549	-14.193	0.923	-1.236	1.409	-0.281	-4.051	127.738457	37.885300
1596707593575	1596707593570	-12.584	1.098	-0.812	1.016	-0.373	-3.511	127.738457	37.885300
1596707593590	1596707593589	-10.948	1.320	-0.578	0.519	-0.717	-3.374	127.738457	37.885300
1596707593616	1596707593610	-9.486	0.825	-0.927	-0.048	-0.952	-3.348	127.738457	37.885300
1596707593629	1596707593629	-8.966	-0.019	-1.119	-0.441	-0.724	-3.069	127.738457	37.885300
1596707593651	1596707593651	-9.573	-0.325	-1.143	-0.646	-0.391	-2.575	127.738457	37.885300
1596707593668	1596707593668	-9.982	0.020	-0.709	-0.532	-0.409	-2.016	127.738457	37.885300
1596707593689	1596707593688	-8.904	0.638	-0.252	-0.515	-0.895	-1.571	127.738457	37.885300
1596707593709	1596707593706	-7.045	0.765	0.103	-0.540	-1.223	-1.298	127.738457	37.885300
1596707593729	1596707593725	-6.073	0.664	0.174	-0.542	-0.856	-0.864	127.738457	37.885300
1596707593747	1596707593745	-7.155	0.676	0.091	-0.346	-0.108	-0.361	127.738457	37.885300
1596707593766	1596707593765	-8.837	1.392	0.438	-0.171	0.226	0.148	127.738457	37.885300
1596707593787	1596707593784	-9.671	1.704	0.313	-0.163	0.176	0.689	127.738457	37.885300
1596707593807	1596707593806	-10.080	1.031	0.440	-0.324	0.301	1.263	127.738457	37.885300
1596707593825	1596707593825	-10.514	-0.311	0.704	-0.545	0.310	1.980	127.738457	37.885300
1596707593845	1596707593845	-10.823	-1.902	0.874	-0.589	0.239	2.721	127.738457	37.885300
1596707593865	1596707593865	-11.295	-2.381	1.473	-0.414	0.406	3.266	127.738457	37.885300
1596707593887	1596707593882	-12.148	-1.880	1.470	-0.139	0.570	3.699	127.738457	37.885300
1596707593905	1596707593903	-13.331	-1.624	0.919	0.076	0.684	4.075	127.738457	37.885300
1596707593924	1596707593922	-14.958	-1.514	0.615	0.184	0.919	4.280	127.738457	37.885300
1596707593955	1596707593944	-16.428	-1.305	0.642	0.254	0.959	4.350	127.738457	37.885296
1596707593967	1596707593964	-16.766	-0.809	0.694	0.050	0.606	4.177	127.738457	37.885296
1596707593989	1596707593981	-15.365	-1.399	0.551	-0.315	0.113	3.924	127.738457	37.885296
1596707594004	1596707594001	-13.654	-1.437	0.649	-0.912	-0.139	3.563	127.738457	37.885296
1596707594025	1596707594022	-12.289	-0.733	-0.149	-1.475	-0.108	3.224	127.738457	37.885296
1596707594043	1596707594041	-11.515	-0.994	0.232	-1.859	0.137	3.113	127.738457	37.885296
1596707594065	1596707594062	-11.350	-0.718	0.599	-2.835	0.150	3.115	127.738457	37.885296
1596707594087	1596707594087	-11.693	-1.940	0.723	-3.436	0.274	2.760	127.738457	37.885296
1596707594105	1596707594104	-12.495	-2.568	-0.041	-3.700	0.095	2.377	127.738457	37.885296
1596707594122	1596707594120	-12.478	-2.738	0.117	-3.500	-0.185	2.358	127.738457	37.885296
1596707594142	1596707594141	-11.767	-2.445	0.026	-3.291	-0.560	2.144	127.738457	37.885296
1596707594162	1596707594159	-11.736	-2.807	-0.944	-3.067	-0.690	1.954	127.738457	37.885296
1596707594182	1596707594179	-12.148	-3.245	-1.083	-2.552	-0.635	2.183	127.738457	37.885296
1596707594206	1596707594201	-12.799	-3.428	-0.995	-2.184	-0.638	2.518	127.738457	37.885296
1596707594220	1596707594220	-13.012	-3.806	-1.112	-1.918	-0.723	2.603	127.738457	37.885296
1596707594241	1596707594241	-12.244	-4.113	-1.138	-1.648	-0.892	2.585	127.738457	37.885296
1596707594259	1596707594259	-11.901	-4.915	-1.519	-1.217	-0.856	2.367	127.738457	37.885296
1596707594280	1596707594278	-13.233	-5.631	-2.005	-0.761	-0.420	2.110	127.738457	37.885296
1596707594302	1596707594298	-13.496	-5.445	-1.342	-0.245	-0.211	1.562	127.738457	37.885296
1596707594320	1596707594315	-12.440	-4.882	-1.284	0.241	-0.397	0.764	127.738457	37.885296
1596707594339	1596707594335	-11.482	-3.566	-0.662	0.722	-0.166	-0.142	127.738457	37.885296
1596707594358	1596707594354	-10.651	-2.316	-0.197	1.260	0.009	-0.940	127.738457	37.885296
1596707594377	1596707594374	-10.940	-1.755	-0.405	1.747	0.239	-1.741	127.738457	37.885296
1596707594396	1596707594394	-12.315	-1.794	-0.638	2.079	0.484	-2.553	127.738457	37.885296
1596707594414	1596707594413	-13.171	-1.921	-0.882	2.266	0.420	-3.207	127.738457	37.885296
1596707594434	1596707594433	-13.276	-2.584	-1.009	2.413	0.338	-3.516	127.738457	37.885296
1596707594455	1596707594452	-13.221	-2.642	-0.542	2.647	0.288	-3.733	127.738457	37.885296
1596707594474	1596707594472	-13.008	-2.134	-0.456	2.873	0.021	-3.707	127.738457	37.885296
1596707594497	1596707594497	-12.363	-1.624	-0.506	2.932	-0.065	-3.906	127.738457	37.885296
1596707594513	1596707594511	-12.445	-0.654	-0.060	2.820	0.250	-3.968	127.738457	37.885296
1596707594533	1596707594531	-11.434	0.599	-0.693	2.924	0.353	-3.554	127.738457	37.885296
1596707594553	1596707594552	-12.287	-2.285	-0.343	4.341	0.349	-3.068	127.738457	37.885296
1596707594575	1596707594573	-12.744	-0.989	-0.788	4.875	-0.404	-3.570	127.738457	37.885296
1596707594593	1596707594591	-11.784	0.384	-1.083	5.252	-0.770	-3.817	127.738457	37.885296
1596707594615	1596707594615	-11.503	1.615	-0.060	4.466	-0.519	-3.528	127.738457	37.885296
1596707594632	1596707594632	-12.581	0.039	0.172	3.362	-0.629	-2.432	127.738457	37.885296
1596707594655	1596707594653	-12.464	-1.346	-0.606	2.934	-1.028	-2.427	127.738457	37.885296
1596707594672	1596707594671	-11.271	-0.074	-0.822	2.817	-1.158	-2.284	127.738457	37.885296
1596707594692	1596707594692	-10.504	0.302	-0.252	2.314	-1.336	-1.934	127.738457	37.885296
1596707594711	1596707594710	-10.210	0.774	-0.410	1.179	-1.498	-1.890	127.738457	37.885296
1596707594731	1596707594728	-10.356	0.420	-0.353	0.094	-1.181	-1.637	127.738457	37.885296
1596707594753	1596707594752	-10.502	-0.064	-0.273	-0.651	-1.138	-1.561	127.738457	37.885296
1596707594770	1596707594768	-10.011	0.559	-0.314	-1.130	-1.266	-1.646	127.738457	37.885296
1596707594789	1596707594787	-9.316	1.438	-0.240	-1.529	-1.206	-1.531	127.738457	37.885296
1596707594809	1596707594807	-8.851	2.231	-0.836	-1.925	-1.023	-1.247	127.738457	37.885296
1596707594829	1596707594829	-8.854	2.873	-1.071	-2.111	-0.660	-0.808	127.738457	37.885296
1596707594849	1596707594848	-8.825	2.844	-1.174	-2.127	-0.635	-0.260	127.738457	37.885296
1596707594868	1596707594868	-9.343	0.638	-1.260	-2.119	-0.409	0.460	127.738457	37.885296
1596707594887	1596707594888	-10.655	-1.312	-0.039	-1.997	0.332	0.910	127.738457	37.885296
1596707594911	1596707594909	-11.817	-1.825	0.979	-1.482	0.617	1.522	127.738457	37.885296
1596707594929	1596707594928	-12.347	-1.643	1.545	-0.813	0.591	2.226	127.738457	37.885296
1596707594947	1596707594945	-12.802	-1.648	1.971	-0.236	0.743	2.726	127.738457	37.885296
1596707594966	1596707594964	-13.987	-1.652	1.480	0.239	1.147	2.944	127.738457	37.885292
1596707594992	1596707594992	-15.041	-0.790	1.348	0.758	1.384	2.943	127.738457	37.885292
1596707595012	1596707595004	-14.962	-0.258	1.205	1.024	1.133	2.984	127.738457	37.885292
1596707595028	1596707595025	-13.446	-0.560	0.388	1.066	0.823	2.854	127.738457	37.885292
1596707595045	1596707595043	-11.592	-0.543	0.275	1.123	0.688	2.699	127.738457	37.885292
1596707595066	1596707595062	-10.092	-0.208	0.325	0.596	0.591	2.362	127.738457	37.885292
1596707595084	1596707595082	-9.249	0.403	-0.348	0.016	0.637	2.166	127.738457	37.885292
1596707595105	1596707595102	-9.141	0.336	0.064	-0.787	1.036	2.575	127.738457	37.885292
1596707595124	1596707595124	-9.676	-0.574	2.366	-1.484	1.490	2.973	127.738457	37.885292
1596707595145	1596707595143	-10.579	-1.490	3.612	-1.796	1.503	3.326	127.738457	37.885292
1596707595163	1596707595161	-11.314	-1.777	2.869	-2.086	1.386	3.596	127.738457	37.885292
1596707595183	1596707595181	-12.037	-2.129	2.326	-2.685	1.546	3.915	127.738457	37.885292
1596707595208	1596707595205	-13.348	-2.812	2.498	-3.402	1.555	4.198	127.738457	37.885292
1596707595223	1596707595221	-14.270	-4.386	2.187	-3.563	0.903	4.531	127.738457	37.885292
1596707595244	1596707595244	-14.043	-6.400	0.917	-2.745	0.288	4.528	127.738457	37.885292
1596707595263	1596707595263	-13.183	-6.182	0.503	-1.751	0.288	3.712	127.738457	37.885292
1596707595282	1596707595282	-12.799	-6.558	-0.235	-0.931	0.159	2.893	127.738457	37.885292
1596707595302	1596707595302	-11.534	-6.944	0.486	-0.451	-0.034	1.850	127.738457	37.885292
1596707595322	1596707595320	-10.416	-4.156	0.809	-0.205	-0.038	0.838	127.738457	37.885292
1596707595343	1596707595343	-12.188	-0.838	0.316	0.366	0.670	-0.085	127.738457	37.885292
1596707595362	1596707595359	-15.312	-0.057	0.965	0.403	1.106	-1.103	127.738457	37.885292
1596707595381	1596707595379	-15.868	-0.917	0.196	-0.098	0.275	-2.116	127.738457	37.885292
1596707595401	1596707595398	-15.197	-1.700	-0.458	-0.422	-0.132	-2.915	127.738457	37.885292
1596707595419	1596707595418	-14.697	-2.433	0.251	-0.504	-0.205	-3.586	127.738457	37.885292
1596707595440	1596707595439	-13.008	-2.905	0.227	-0.491	-0.594	-3.830	127.738457	37.885292
1596707595460	1596707595458	-11.887	-2.968	-0.748	-0.186	-0.760	-3.860	127.738457	37.885292
1596707595479	1596707595477	-12.212	-2.350	-1.658	0.328	-0.326	-3.822	127.738457	37.885292
1596707595498	1596707595497	-14.134	-2.448	-1.124	0.959	0.043	-3.555	127.738457	37.885292
1596707595522	1596707595517	-14.344	-0.134	-0.920	1.721	0.086	-3.218	127.738457	37.885292
1596707595541	1596707595536	-13.108	-0.275	0.431	3.272	0.127	-2.228	127.738457	37.885292
1596707595558	1596707595554	-11.831	-1.329	0.625	4.633	-0.475	-2.462	127.738457	37.885292
1596707595575	1596707595574	-11.328	-0.397	-0.043	5.075	-0.698	-2.681	127.738457	37.885292
1596707595596	1596707595594	-11.376	-0.194	0.004	5.466	-0.777	-2.422	127.738457	37.885292
1596707595615	1596707595614	-10.691	-0.306	-0.884	5.646	-1.273	-2.642	127.738457	37.885292
1596707595635	1596707595634	-9.870	0.245	-1.167	5.505	-1.302	-2.776	127.738457	37.885292
1596707595659	1596707595657	-9.577	1.328	-1.227	4.420	-0.933	-2.280	127.738457	37.885292
1596707595674	1596707595674	-9.716	1.306	-0.329	3.008	-0.862	-1.632	127.738457	37.885292
1596707595694	1596707595694	-10.052	0.611	-0.913	1.631	-1.123	-1.483	127.738457	37.885292
1596707595714	1596707595713	-10.284	-0.656	-1.107	0.536	-1.245	-1.379	127.738457	37.885292
1596707595733	1596707595733	-10.557	-0.558	-0.707	-0.090	-1.182	-1.290	127.738457	37.885292
1596707595754	1596707595752	-10.176	-0.007	-0.518	-0.594	-1.447	-1.462	127.738457	37.885292
1596707595775	1596707595770	-9.153	-0.098	-0.688	-1.194	-1.744	-1.440	127.738457	37.885292
1596707595792	1596707595790	-8.662	-0.515	-0.954	-1.730	-1.598	-1.487	127.738457	37.885292
1596707595813	1596707595810	-9.278	-0.368	-1.145	-2.147	-0.994	-1.521	127.738457	37.885292
1596707595832	1596707595830	-10.397	-0.105	-0.638	-2.343	-0.479	-1.423	127.738457	37.885292
1596707595852	1596707595849	-10.219	0.906	-0.238	-2.334	-0.548	-1.378	127.738457	37.885292
1596707595871	1596707595871	-8.849	1.131	-0.072	-2.137	-0.866	-1.056	127.738457	37.885292
1596707595891	1596707595891	-8.557	-0.071	-0.135	-1.835	-0.528	-0.604	127.738457	37.885292
1596707595911	1596707595910	-10.035	-0.994	0.131	-1.423	0.371	-0.103	127.738457	37.885292
1596707595933	1596707595933	-11.357	-1.188	0.148	-0.931	0.518	0.659	127.738457	37.885292
1596707595952	1596707595950	-11.657	-0.963	0.282	-0.639	0.338	1.378	127.738457	37.885292
1596707595972	1596707595967	-11.051	-0.838	1.456	-0.491	0.377	1.972	127.738457	37.885292
1596707595990	1596707595990	-10.155	-1.090	1.962	-0.424	0.327	2.363	127.738457	37.885281
1596707596012	1596707596006	-9.894	-1.125	1.916	-0.415	0.630	2.588	127.738457	37.885281
1596707596036	1596707596034	-10.950	-0.809	2.062	-0.408	1.124	2.762	127.738457	37.885281
1596707596049	1596707596046	-12.718	-0.766	2.409	-0.382	1.492	2.994	127.738457	37.885281
1596707596073	1596707596069	-14.220	-1.073	2.369	-0.291	1.562	3.073	127.738457	37.885281
1596707596088	1596707596085	-14.713	-1.121	2.165	-0.395	1.295	3.004	127.738457	37.885281
1596707596109	1596707596107	-13.724	-0.941	1.511	-0.720	0.923	2.813	127.738457	37.885281
1596707596127	1596707596126	-12.361	-1.042	1.207	-0.991	0.351	2.686	127.738457	37.885281
1596707596148	1596707596146	-11.058	-1.111	0.879	-1.283	-0.008	2.404	127.738457	37.885281
1596707596169	1596707596169	-10.306	-0.900	1.173	-1.563	0.039	2.222	127.738457	37.885281
1596707596188	1596707596185	-9.934	-0.850	1.468	-1.996	0.120	2.116	127.738457	37.885281
1596707596209	1596707596206	-9.805	-1.401	1.724	-2.355	0.149	2.191	127.738457	37.885281
1596707596225	1596707596223	-9.855	-1.973	1.511	-2.567	0.158	2.173	127.738457	37.885281
1596707596245	1596707596243	-10.056	-2.124	1.327	-2.781	0.177	2.089	127.738457	37.885281
1596707596264	1596707596264	-10.054	-2.352	1.085	-2.875	0.088	2.080	127.738457	37.885281
1596707596284	1596707596284	-9.599	-2.488	0.663	-2.867	-0.149	2.016	127.738457	37.885281
1596707596304	1596707596304	-9.218	-2.901	0.107	-2.583	-0.281	2.002	127.738457	37.885281
1596707596323	1596707596323	-9.546	-3.325	-0.295	-2.093	-0.060	2.010	127.738457	37.885281
1596707596348	1596707596346	-10.648	-3.399	-0.391	-1.488	0.209	2.002	127.738457	37.885281
1596707596371	1596707596365	-11.738	-3.363	-0.278	-0.798	0.182	2.042	127.738457	37.885281
1596707596383	1596707596380	-11.937	-3.353	-0.242	-0.177	0.002	1.907	127.738457	37.885281
1596707596403	1596707596401	-11.872	-3.243	-0.717	0.174	0.009	1.518	127.738457	37.885281
1596707596422	1596707596420	-13.590	-3.291	-1.390	0.443	0.423	1.295	127.738457	37.885281
1596707596442	1596707596441	-15.842	-3.109	-0.312	0.737	0.903	1.060	127.738457	37.885281
1596707596464	1596707596462	-15.367	-2.500	0.112	0.863	0.343	0.506	127.738457	37.885281
1596707596483	1596707596482	-12.773	-2.170	-0.146	0.843	-0.162	-0.108	127.738457	37.885281
1596707596503	1596707596502	-11.271	-2.014	0.069	0.875	-0.136	-0.773	127.738457	37.885281
1596707596522	1596707596522	-10.521	-1.842	-0.173	0.999	-0.068	-1.382	127.738457	37.885281
1596707596542	1596707596541	-10.967	-1.933	-0.364	1.163	0.126	-1.915	127.738457	37.885281
1596707596566	1596707596564	-11.527	-1.514	-0.367	1.419	0.159	-2.326	127.738457	37.885281
1596707596581	1596707596578	-11.803	-0.618	-0.963	1.607	0.228	-2.418	127.738457	37.885281
1596707596601	1596707596599	-12.780	-1.906	-1.057	2.040	0.328	-2.504	127.738457	37.885281
1596707596619	1596707596617	-13.247	-3.289	-1.002	2.691	-0.149	-2.349	127.738457	37.885281
1596707596640	1596707596636	-13.094	-1.236	-1.239	3.771	-0.567	-2.653	127.738457	37.885281
1596707596659	1596707596656	-12.744	-0.498	-1.313	4.867	-0.739	-2.883	127.738457	37.885281
1596707596679	1596707596677	-11.846	0.108	-1.864	5.769	-0.951	-3.193	127.738457	37.885281
1596707596701	1596707596697	-11.333	1.948	-2.834	5.236	-1.042	-3.217	127.738457	37.885281
1596707596718	1596707596716	-10.765	2.547	-3.311	4.287	-1.011	-3.450	127.738457	37.885281
1596707596738	1596707596736	-9.961	0.218	-3.699	4.730	-0.929	-2.743	127.738457	37.885281
1596707596757	1596707596756	-10.940	1.421	-2.338	4.796	-0.690	-2.446	127.738457	37.885281
1596707596775	1596707596774	-11.156	3.596	-1.407	2.823	-0.801	-2.534	127.738457	37.885281
1596707596797	1596707596797	-10.473	1.680	-1.280	0.723	-0.976	-2.534	127.738457	37.885281
1596707596815	1596707596813	-9.422	0.767	-1.153	-1.108	-0.923	-2.871	127.738457	37.885281
1596707596836	1596707596833	-8.538	-0.050	-0.824	-2.035	-0.799	-2.665	127.738457	37.885281
1596707596855	1596707596855	-7.941	-0.907	-0.652	-2.366	-0.562	-2.391	127.738457	37.885281
1596707596874	1596707596873	-7.893	-0.481	-0.582	-2.584	-0.266	-2.170	127.738457	37.885281
1596707596894	1596707596894	-8.025	0.331	-0.563	-2.359	-0.042	-1.721	127.738457	37.885281
1596707596913	1596707596913	-8.011	0.700	-0.767	-2.006	-0.136	-1.215	127.738457	37.885281
1596707596944	1596707596944	-7.742	0.379	-1.258	-1.557	-0.334	-0.770	127.738457	37.885281
1596707596954	1596707596954	-9.077	-0.577	-2.736	-1.456	0.033	0.089	127.738464	37.885273
1596707596973	1596707596971	-12.026	-1.140	-3.704	-1.468	0.940	0.929	127.738464	37.885273
1596707596993	1596707596990	-14.387	-0.833	-1.318	-0.906	1.055	1.699	127.738464	37.885273
1596707597012	1596707597010	-15.013	-1.413	1.322	-0.251	0.186	2.541	127.738464	37.885273
1596707597035	1596707597032	-13.331	-2.455	2.668	0.252	-0.190	2.789	127.738464	37.885273
1596707597052	1596707597049	-11.520	-2.278	3.272	0.318	-0.055	2.948	127.738464	37.885273
1596707597075	1596707597070	-11.022	-1.458	2.654	-0.061	0.350	2.716	127.738464	37.885273
1596707597093	1596707597091	-11.436	-1.113	2.187	-0.321	0.777	2.521	127.738464	37.885273
1596707597115	1596707597113	-12.941	-0.833	1.456	-0.524	1.053	2.609	127.738464	37.885273
1596707597130	1596707597129	-13.975	-0.328	0.872	-0.612	0.917	2.256	127.738464	37.885273
1596707597154	1596707597152	-13.350	0.386	0.464	-0.902	-0.003	1.757	127.738464	37.885273
1596707597173	1596707597172	-11.606	0.384	-0.257	-1.812	-0.841	1.391	127.738464	37.885273
1596707597193	1596707597188	-10.035	-1.207	-0.374	-2.409	-1.175	1.031	127.738464	37.885273
1596707597211	1596707597207	-8.780	-1.502	-0.273	-2.710	-1.264	0.752	127.738464	37.885273
1596707597229	1596707597226	-8.035	-1.660	-0.123	-2.736	-1.215	0.749	127.738464	37.885273
1596707597248	1596707597246	-7.999	-2.381	-0.283	-2.623	-1.094	0.760	127.738464	37.885273
1596707597267	1596707597265	-8.315	-2.651	-0.276	-2.650	-0.840	0.654	127.738464	37.885273
1596707597286	1596707597286	-8.933	-2.965	-0.120	-2.438	-0.637	0.774	127.738464	37.885273
1596707597307	1596707597307	-9.371	-2.821	0.136	-1.776	-0.567	0.894	127.738464	37.885273
1596707597327	1596707597327	-9.434	-1.911	0.151	-1.316	-0.618	1.030	127.738464	37.885273
1596707597346	1596707597346	-9.228	-1.434	0.076	-1.116	-0.583	1.270	127.738464	37.885273
1596707597366	1596707597366	-9.122	-1.760	0.021	-0.994	-0.428	1.560	127.738464	37.885273
1596707597388	1596707597388	-9.211	-2.129	-0.149	-0.811	-0.230	1.853	127.738464	37.885273
1596707597409	1596707597404	-9.898	-2.304	-0.180	-0.529	0.156	2.182	127.738464	37.885273
1596707597425	1596707597423	-11.094	-2.476	0.117	-0.364	0.598	2.452	127.738464	37.885273
1596707597445	1596707597443	-12.095	-3.004	0.412	0.039	0.636	2.527	127.738464	37.885273
1596707597464	1596707597462	-12.490	-2.980	0.124	0.270	0.548	2.469	127.738464	37.885273
1596707597484	1596707597483	-13.288	-2.845	-0.333	0.217	0.809	2.247	127.738464	37.885273
1596707597504	1596707597503	-14.390	-3.083	-0.089	0.228	1.066	2.031	127.738464	37.885273
1596707597525	1596707597523	-14.708	-4.575	0.721	0.529	0.589	1.652	127.738464	37.885273
1596707597544	1596707597543	-13.173	-4.695	0.086	0.714	-0.056	1.008	127.738464	37.885273
1596707597565	1596707597563	-11.228	-3.892	-0.865	1.132	-0.415	0.421	127.738464	37.885273
1596707597583	1596707597582	-10.373	-2.881	-1.613	1.499	-0.448	-0.300	127.738464	37.885273
1596707597608	1596707597604	-10.981	-2.474	-1.792	1.593	-0.148	-1.031	127.738464	37.885273
1596707597624	1596707597621	-12.394	-2.498	-1.486	1.684	-0.130	-1.680	127.738464	37.885273
1596707597643	1596707597641	-12.830	-2.426	-1.593	1.830	-0.281	-2.265	127.738464	37.885273
1596707597663	1596707597660	-13.319	-2.285	-1.078	2.068	-0.249	-2.973	127.738464	37.885273
1596707597683	1596707597681	-13.345	-1.434	-1.018	2.174	-0.315	-3.509	127.738464	37.885273
1596707597702	1596707597699	-12.969	-1.890	-0.297	3.088	-0.383	-3.702	127.738464	37.885273
1596707597722	1596707597721	-12.543	0.777	0.371	2.399	-0.290	-3.853	127.738464	37.885273
1596707597741	1596707597741	-12.325	0.405	0.160	0.869	-0.317	-3.963	127.738464	37.885273
1596707597761	1596707597760	-12.009	-2.697	-0.118	0.306	-0.120	-4.104	127.738464	37.885273
1596707597780	1596707597780	-11.137	-1.878	0.225	0.144	-0.002	-4.703	127.738464	37.885273
1596707597800	1596707597800	-10.521	-0.548	-0.903	0.502	-0.052	-4.457	127.738464	37.885273
1596707597820	1596707597820	-10.936	-0.867	-0.793	0.306	0.317	-3.461	127.738464	37.885273
1596707597842	1596707597836	-11.082	-1.262	-0.693	-0.169	0.258	-3.187	127.738464	37.885273
1596707597859	1596707597856	-10.514	-2.735	-1.162	0.197	-0.169	-3.024	127.738464	37.885273
1596707597879	1596707597875	-10.025	-1.777	-1.766	0.417	-0.285	-2.707	127.738464	37.885273
1596707597898	1596707597895	-10.179	-1.439	-1.780	0.818	-0.194	-2.467	127.738464	37.885273
1596707597917	1596707597916	-10.643	-1.463	-1.749	0.914	-0.293	-2.255	127.738464	37.885273
1596707597951	1596707597935	-10.629	-1.341	-1.385	1.155	-0.535	-2.037	127.738464	37.885273
1596707597961	1596707597960	-10.150	-1.034	-1.040	1.302	-0.818	-1.848	127.738464	37.885269
1596707597975	1596707597973	-9.513	-0.898	-0.741	1.507	-0.932	-1.707	127.738464	37.885269
1596707597996	1596707597994	-10.042	-0.294	-0.501	1.623	-0.658	-1.424	127.738464	37.885269
1596707598016	1596707598014	-11.676	0.707	-0.094	1.611	-0.090	-1.102	127.738464	37.885269
1596707598035	1596707598033	-11.551	1.562	0.567	1.389	-0.375	-0.758	127.738464	37.885269
1596707598055	1596707598052	-9.268	2.039	0.177	0.542	-1.268	-0.277	127.738464	37.885269
1596707598075	1596707598073	-7.441	0.908	-0.108	-0.490	-0.997	0.474	127.738464	37.885269
1596707598094	1596707598093	-7.790	-0.747	0.321	-1.349	0.063	1.352	127.738464	37.885269
1596707598117	1596707598116	-9.623	-1.703	0.816	-1.775	0.758	2.041	127.738464	37.885269
1596707598133	1596707598133	-11.338	-1.748	0.996	-1.778	0.909	2.612	127.738464	37.885269
1596707598155	1596707598153	-12.524	-1.525	1.126	-1.528	0.811	3.170	127.738464	37.885269
1596707598172	1596707598172	-13.647	-1.600	0.661	-1.232	0.677	3.704	127.738464	37.885269
1596707598197	1596707598196	-14.682	-1.835	0.196	-0.897	0.605	4.121	127.738464	37.885269
1596707598214	1596707598210	-14.914	-2.041	-0.151	-0.685	0.389	4.409	127.738464	37.885269
1596707598233	1596707598229	-13.863	-2.304	-0.238	-0.522	-0.006	4.419	127.738464	37.885269
1596707598252	1596707598249	-12.124	-1.827	-0.860	-0.448	-0.575	4.105	127.738464	37.885269
1596707598271	1596707598269	-10.478	-1.058	-0.882	-0.436	-0.703	3.926	127.738464	37.885269
1596707598290	1596707598288	-9.848	-0.414	-0.959	-1.098	-0.162	3.809	127.738464	37.885269
1596707598311	1596707598309	-10.607	-1.700	-0.132	-1.697	0.656	3.590	127.738464	37.885269
1596707598329	1596707598330	-11.743	-2.177	0.220	-2.039	0.567	3.405	127.738464	37.885269
1596707598349	1596707598349	-12.215	-2.766	0.064	-2.176	0.240	3.041	127.738464	37.885269
1596707598369	1596707598369	-12.303	-2.541	-0.300	-2.507	0.192	2.356	127.738464	37.885269
1596707598389	1596707598389	-12.438	-1.485	-1.316	-3.270	0.352	1.961	127.738464	37.885269
1596707598413	1596707598413	-12.957	-2.802	-2.094	-3.441	0.539	2.130	127.738464	37.885269
1596707598429	1596707598426	-13.254	-4.764	-2.013	-3.112	0.360	1.989	127.738464	37.885269
1596707598448	1596707598446	-12.155	-4.211	-1.883	-3.367	0.173	1.572	127.738464	37.885269
1596707598467	1596707598465	-10.799	-4.379	-2.968	-3.308	-0.053	1.534	127.738464	37.885269
1596707598486	1596707598485	-10.032	-6.872	-3.055	-2.570	0.045	1.523	127.738464	37.885269
1596707598508	1596707598506	-11.055	-8.183	-3.349	-1.792	0.507	1.247	127.738464	37.885269
1596707598532	1596707598529	-13.602	-7.301	-2.853	-1.017	1.168	0.935	127.738464	37.885269
1596707598546	1596707598546	-15.398	-6.939	-2.288	0.116	0.924	0.683	127.738464	37.885269
1596707598568	1596707598566	-13.892	-6.585	-1.799	0.985	-0.021	0.320	127.738464	37.885269
1596707598585	1596707598585	-10.842	-6.537	-2.084	1.561	-0.609	-0.198	127.738464	37.885269
1596707598608	1596707598608	-9.522	-6.158	-2.286	2.061	-0.457	-0.899	127.738464	37.885269
1596707598625	1596707598625	-10.765	-4.735	-1.749	2.412	0.205	-1.547	127.738464	37.885269
1596707598645	1596707598642	-13.139	-3.624	-1.026	2.712	0.614	-2.120	127.738464	37.885269
1596707598664	1596707598662	-14.891	-2.917	-0.527	2.822	0.623	-2.683	127.738464	37.885269
1596707598683	1596707598682	-15.489	-2.378	-0.736	3.208	0.255	-3.352	127.738464	37.885269
1596707598708	1596707598706	-15.487	-2.120	-0.980	3.657	-0.094	-3.571	127.738464	37.885269
1596707598723	1596707598723	-14.790	-2.373	-0.132	3.948	-0.435	-4.117	127.738464	37.885269
1596707598744	1596707598744	-13.448	-0.033	-0.391	3.461	-0.670	-4.677	127.738464	37.885269
1596707598762	1596707598762	-12.565	0.458	0.002	2.366	-0.467	-4.438	127.738464	37.885269
1596707598783	1596707598783	-12.049	-0.419	-0.099	1.166	-0.546	-4.278	127.738464	37.885269
1596707598805	1596707598803	-12.279	-1.945	-0.963	0.230	-0.459	-3.946	127.738464	37.885269
1596707598822	1596707598822	-13.094	-2.024	-1.136	-0.342	-0.151	-3.956	127.738464	37.885269
1596707598842	1596707598840	-13.566	-1.466	-1.536	-0.801	-0.020	-3.898	127.738464	37.885269
1596707598862	1596707598860	-13.597	-2.024	-1.998	-0.928	-0.054	-3.498	127.738464	37.885269
1596707598882	1596707598880	-13.032	-2.752	-2.092	-0.455	-0.268	-3.131	127.738464	37.885269
1596707598902	1596707598900	-12.296	-2.225	-2.722	0.083	-0.560	-2.967	127.738464	37.885269
1596707598921	1596707598919	-12.476	-1.710	-2.611	0.666	-0.403	-2.878	127.738464	37.885269
1596707598944	1596707598944	-13.032	-1.034	-2.159	1.136	-0.346	-2.828	127.738464	37.885269
1596707598962	1596707598962	-12.445	-0.764	-1.613	1.469	-0.589	-2.654	127.738464	37.885262
1596707598980	1596707598978	-10.749	0.058	-1.430	1.400	-0.962	-2.737	127.738464	37.885262
1596707599000	1596707598996	-9.278	0.863	-1.320	1.199	-1.050	-2.728	127.738464	37.885262
1596707599019	1596707599018	-8.835	1.852	-0.911	0.854	-0.627	-2.450	127.738464	37.885262
1596707599039	1596707599036	-8.619	2.573	-0.410	0.586	-0.254	-2.022	127.738464	37.885262
1596707599059	1596707599055	-7.671	3.335	-0.168	0.451	-0.255	-1.538	127.738464	37.885262
1596707599078	1596707599075	-6.988	2.612	-0.290	0.125	-0.236	-0.666	127.738464	37.885262
1596707599099	1596707599095	-7.448	0.681	0.021	-0.579	0.247	0.331	127.738464	37.885262
1596707599116	1596707599116	-8.693	-0.769	0.031	-1.209	0.677	1.334	127.738464	37.885262
1596707599136	1596707599136	-9.649	-1.046	-0.187	-1.331	0.677	2.429	127.738464	37.885262
1596707599158	1596707599156	-10.454	-1.248	0.268	-1.258	0.566	3.401	127.738464	37.885262
1596707599175	1596707599175	-11.803	-1.722	0.721	-1.150	0.671	4.079	127.738464	37.885262
1596707599195	1596707599195	-13.851	-2.043	0.680	-0.802	0.750	4.702	127.738464	37.885262
1596707599215	1596707599215	-15.499	-1.655	0.642	-0.271	0.649	5.045	127.738464	37.885262
1596707599237	1596707599233	-16.153	-1.688	0.860	0.214	0.441	5.444	127.738464	37.885262
1596707599255	1596707599253	-15.195	-1.890	1.056	0.559	0.075	5.767	127.738464	37.885262
1596707599274	1596707599272	-13.791	-2.316	0.594	0.556	0.048	5.850	127.738464	37.885262
1596707599294	1596707599292	-13.173	-1.571	-0.295	0.209	0.185	5.292	127.738464	37.885262
1596707599313	1596707599311	-13.096	-0.294	-0.238	0.140	0.163	4.573	127.738464	37.885262
1596707599334	1596707599333	-14.110	1.026	-0.051	-0.957	0.876	4.659	127.738464	37.885262
1596707599354	1596707599352	-16.819	-0.448	1.044	-2.236	1.449	4.312	127.738464	37.885262
1596707599372	1596707599372	-17.794	-2.369	0.941	-2.963	1.121	3.976	127.738464	37.885262
1596707599392	1596707599391	-16.292	-2.560	-0.309	-2.309	-0.157	4.196	127.738464	37.885262
1596707599412	1596707599411	-14.982	-2.110	-0.911	-2.066	-0.377	4.383	127.738464	37.885262
1596707599431	1596707599429	-15.489	-2.191	-0.851	-2.561	0.141	4.209	127.738464	37.885262
1596707599455	1596707599454	-16.278	-3.054	-0.302	-2.768	0.092	3.966	127.738464	37.885262
1596707599470	1596707599468	-15.513	-4.216	-0.079	-2.311	-0.395	3.748	127.738464	37.885262
1596707599490	1596707599488	-13.841	-4.711	0.285	-1.636	-0.579	3.401	127.738464	37.885262
1596707599510	1596707599508	-12.358	-4.520	0.333	-1.201	-0.641	2.831	127.738464	37.885262
1596707599533	1596707599529	-10.919	-4.465	0.539	-1.071	-0.596	2.201	127.738464	37.885262
1596707599550	1596707599549	-10.277	-4.364	0.369	-0.956	-0.399	1.549	127.738464	37.885262
1596707599573	1596707599571	-11.118	-4.379	0.352	-0.685	-0.033	0.829	127.738464	37.885262
1596707599589	1596707599588	-12.366	-3.974	0.409	-0.223	0.214	0.061	127.738464	37.885262
1596707599611	1596707599610	-12.517	-3.713	0.227	0.509	0.002	-0.599	127.738464	37.885262
1596707599628	1596707599626	-12.354	-3.289	0.007	1.108	-0.189	-1.268	127.738464	37.885262
1596707599648	1596707599648	-12.387	-2.438	-0.115	1.351	-0.222	-1.968	127.738464	37.885262
1596707599669	1596707599667	-12.121	-1.952	0.083	1.413	-0.381	-2.569	127.738464	37.885262
1596707599688	1596707599684	-11.618	-2.726	0.064	1.679	-0.588	-2.825	127.738464	37.885262
1596707599706	1596707599705	-11.448	-2.948	-0.276	2.332	-0.679	-3.045	127.738464	37.885262
1596707599725	1596707599724	-11.939	-2.771	-0.829	3.118	-0.858	-3.302	127.738464	37.885262
1596707599746	1596707599745	-13.024	-1.997	-1.174	3.941	-1.040	-3.374	127.738464	37.885262
1596707599766	1596707599766	-15.202	-1.118	-1.078	4.334	-0.903	-3.517	127.738464	37.885262
1596707599786	1596707599784	-17.499	-0.182	-1.124	4.474	-1.035	-3.846	127.738464	37.885262
1596707599805	1596707599805	-18.515	0.913	-1.193	4.263	-1.426	-3.996	127.738464	37.885262
1596707599825	1596707599825	-18.309	1.694	-0.760	3.840	-1.998	-4.103	127.738464	37.885262
1596707599846	1596707599844	-17.993	1.792	-0.475	2.920	-2.398	-4.310	127.738464	37.885262
1596707599864	1596707599861	-17.367	1.799	-0.336	1.862	-2.401	-4.615	127.738464	37.885262
1596707599886	1596707599881	-16.275	1.337	-0.441	0.894	-2.377	-4.871	127.738464	37.885262
1596707599904	1596707599901	-14.970	0.868	-0.693	0.043	-2.310	-4.982	127.738464	37.885262
1596707599923	1596707599921	-14.014	0.223	-0.594	-0.516	-1.948	-4.754	127.738464	37.885262
1596707599956	1596707599955	-13.381	-0.091	-0.779	-0.863	-1.602	-4.638	127.738464	37.885254
1596707599972	1596707599969	-12.778	-0.560	-0.939	-0.933	-1.141	-4.454	127.738464	37.885254
1596707599989	1596707599981	-12.315	-0.689	-0.812	-0.721	-0.921	-4.436	127.738464	37.885254
1596707600003	1596707600001	-11.858	-0.972	-0.824	-0.475	-1.010	-4.325	127.738464	37.885254
1596707600023	1596707600021	-11.491	-1.300	-0.877	0.040	-0.995	-4.113	127.738464	37.885254
1596707600044	1596707600044	-11.075	-0.043	-0.784	0.477	-0.854	-3.767	127.738464	37.885254
1596707600064	1596707600061	-10.186	1.153	-0.554	0.809	-1.036	-3.437	127.738464	37.885254
1596707600082	1596707600080	-8.372	2.897	-0.597	0.625	-1.307	-3.114	127.738464	37.885254
1596707600103	1596707600100	-6.557	3.531	-0.307	0.394	-1.342	-2.616	127.738464	37.885254
1596707600121	1596707600119	-4.968	3.301	0.163	0.195	-1.252	-1.981	127.738464	37.885254
1596707600142	1596707600140	-4.386	2.956	0.083	-0.105	-0.962	-1.156	127.738464	37.885254
1596707600162	1596707600159	-5.438	2.209	-0.142	-0.624	-0.334	-0.344	127.738464	37.885254
1596707600180	1596707600179	-6.794	1.397	0.218	-1.223	0.025	0.351	127.738464	37.885254
1596707600200	1596707600200	-7.120	0.297	0.462	-1.570	-0.110	1.177	127.738464	37.885254
1596707600219	1596707600218	-7.184	-0.409	0.639	-1.554	0.014	2.157	127.738464	37.885254
1596707600239	1596707600237	-8.358	-1.310	0.848	-1.285	0.465	3.370	127.738464	37.885254
1596707600259	1596707600255	-10.116	-0.917	1.432	-1.352	1.210	3.894	127.738464	37.885254
1596707600279	1596707600275	-12.701	0.221	0.991	-1.364	1.457	4.575	127.738464	37.885254
1596707600298	1596707600294	-16.369	0.408	0.124	-1.191	1.689	5.680	127.738464	37.885254
1596707600316	1596707600314	-21.205	0.882	-0.408	-1.360	2.105	6.325	127.738464	37.885254
1596707600336	1596707600334	-25.467	-0.754	-0.812	-1.764	1.963	6.851	127.738464	37.885254
1596707600355	1596707600355	-24.882	-1.949	-0.853	-1.849	1.193	7.010	127.738464	37.885254
1596707600375	1596707600375	-21.758	-1.803	-0.983	-1.733	0.395	7.233	127.738464	37.885254
1596707600395	1596707600395	-18.984	-2.048	-0.781	-1.742	0.046	6.923	127.738464	37.885254
1596707600415	1596707600415	-16.644	-0.356	-1.105	-2.495	0.412	6.269	127.738464	37.885254
1596707600434	1596707600434	-15.609	0.987	-1.744	-3.717	1.004	5.238	127.738464	37.885254
1596707600456	1596707600455	-16.337	-1.173	-1.586	-3.588	1.141	5.187	127.738464	37.885254
1596707600480	1596707600476	-16.484	-2.091	-0.341	-3.311	0.789	4.505	127.738464	37.885254
1596707600495	1596707600491	-15.621	-1.087	-1.124	-3.961	0.344	3.206	127.738464	37.885254
1596707600512	1596707600511	-14.936	-2.177	-1.325	-3.845	-0.005	2.993	127.738464	37.885254
1596707600534	1596707600532	-13.724	-1.255	-1.984	-4.113	-0.265	2.440	127.738464	37.885254
1596707600553	1596707600550	-13.566	-1.923	-2.513	-4.027	-0.305	2.226	127.738464	37.885254
1596707600575	1596707600573	-13.777	-2.112	-2.389	-3.741	-0.353	1.969	127.738464	37.885254
1596707600592	1596707600591	-13.386	-2.141	-2.482	-3.395	-0.629	2.047	127.738464	37.885254
1596707600614	1596707600613	-12.373	-3.013	-2.782	-3.075	-0.804	2.285	127.738464	37.885254
1596707600631	1596707600631	-11.554	-3.794	-2.590	-2.670	-0.871	2.460	127.738464	37.885254
1596707600655	1596707600652	-10.981	-4.371	-2.271	-2.204	-1.031	2.559	127.738464	37.885254
1596707600674	1596707600670	-10.837	-4.894	-2.049	-1.859	-0.909	2.614	127.738464	37.885254
1596707600692	1596707600691	-12.176	-5.907	-2.449	-1.413	-0.464	2.426	127.738464	37.885254
1596707600710	1596707600707	-13.863	-7.186	-2.681	-0.716	-0.061	1.908	127.738464	37.885254
1596707600729	1596707600727	-13.434	-8.573	-3.141	0.320	-0.309	1.226	127.738464	37.885254
1596707600749	1596707600746	-11.575	-8.480	-2.822	1.250	-0.115	0.220	127.738464	37.885254
1596707600769	1596707600766	-11.800	-5.397	-1.486	1.853	0.617	-0.919	127.738464	37.885254
1596707600788	1596707600788	-14.222	-1.839	-0.875	2.879	1.324	-1.955	127.738464	37.885254
1596707600808	1596707600808	-15.274	-0.773	-0.568	3.810	1.322	-2.901	127.738464	37.885254
1596707600827	1596707600827	-15.082	-1.451	-0.429	4.032	0.836	-3.921	127.738464	37.885254
1596707600847	1596707600847	-15.197	-2.270	-1.172	4.207	0.388	-4.917	127.738464	37.885254
1596707600867	1596707600865	-16.323	-3.039	-1.625	4.332	0.475	-5.529	127.738464	37.885254
1596707600886	1596707600885	-18.422	-3.617	-2.056	4.385	0.506	-6.134	127.738464	37.885254
1596707600906	1596707600904	-20.225	-2.910	-2.611	4.656	0.337	-6.492	127.738464	37.885254
1596707600926	1596707600924	-21.413	-1.753	-3.740	5.738	-0.008	-6.351	127.738464	37.885254
1596707600946	1596707600944	-22.053	0.333	-4.734	7.716	-0.762	-6.528	127.738464	37.885254
1596707600969	1596707600969	-20.527	5.129	-3.677	8.225	-0.854	-6.439	127.738449	37.885250
1596707600991	1596707600991	-18.556	4.432	-1.787	7.274	-1.482	-5.315	127.738449	37.885250
1596707601006	1596707601003	-16.242	1.011	-0.745	5.901	-2.042	-4.563	127.738449	37.885250
