1596707581355	1596707581353	-14.284	-2.323	0.840	-2.382	-0.370	3.748	127.738426	37.885418
1596707581376	1596707581376	-14.014	-3.030	1.288	-2.724	-0.376	3.885	127.738426	37.885418
1596707581394	1596707581392	-13.872	-3.495	0.546	-2.794	-0.529	3.657	127.738426	37.885418
1596707581417	1596707581416	-13.880	-3.542	0.577	-2.494	-0.576	3.485	127.738426	37.885418
1596707581433	1596707581431	-13.815	-4.177	0.682	-2.302	-0.537	3.072	127.738426	37.885418
1596707581454	1596707581451	-13.242	-5.116	0.656	-2.179	-0.589	2.639	127.738426	37.885418
1596707581472	1596707581471	-12.270	-6.058	0.165	-1.774	-0.743	2.197	127.738426	37.885418
1596707581492	1596707581491	-12.512	-6.657	-0.669	-1.242	-0.347	1.583	127.738426	37.885418
1596707581513	1596707581510	-12.917	-6.532	-0.089	-0.381	0.071	0.739	127.738426	37.885418
1596707581533	1596707581531	-11.599	-5.567	0.304	0.528	-0.172	0.000	127.738426	37.885418
1596707581552	1596707581550	-10.310	-3.916	0.249	1.298	-0.132	-0.775	127.738426	37.885418
1596707581574	1596707581574	-10.361	-2.560	0.009	1.765	0.109	-1.627	127.738426	37.885418
1596707581591	1596707581590	-11.566	-2.294	-0.135	1.853	0.338	-2.407	127.738426	37.885418
1596707581614	1596707581610	-12.766	-2.354	0.182	1.780	0.514	-2.997	127.738426	37.885418
1596707581630	1596707581628	-13.525	-2.716	0.052	1.991	0.330	-3.357	127.738426	37.885418
1596707581655	1596707581651	-14.201	-2.963	-0.192	2.452	0.204	-3.655	127.738426	37.885418
1596707581670	1596707581668	-15.099	-2.881	-0.065	2.984	0.068	-3.940	127.738426	37.885418
1596707581691	1596707581690	-15.566	-2.120	0.069	3.450	-0.115	-4.233	127.738426	37.885418
1596707581709	1596707581707	-15.350	-1.307	0.472	3.854	-0.438	-4.362	127.738426	37.885418
1596707581728	1596707581727	-14.419	-0.462	0.330	4.022	-0.790	-4.363	127.738426	37.885418
1596707581749	1596707581746	-13.183	-0.349	0.222	4.234	-1.020	-4.340	127.738426	37.885418
1596707581767	1596707581766	-11.870	0.458	0.026	3.873	-1.152	-4.233	127.738426	37.885418
1596707581788	1596707581786	-11.031	0.159	0.062	3.342	-0.965	-4.032	127.738426	37.885418
1596707581812	1596707581809	-10.950	-0.574	-0.043	2.836	-0.928	-3.611	127.738426	37.885418
1596707581826	1596707581825	-11.434	-1.049	0.071	2.684	-0.815	-3.292	127.738426	37.885418
1596707581847	1596707581844	-11.637	-0.735	0.225	2.560	-0.699	-2.919	127.738426	37.885418
1596707581866	1596707581864	-11.671	-0.694	0.690	2.228	-0.775	-2.467	127.738426	37.885418
1596707581886	1596707581884	-11.772	-1.003	0.594	1.870	-1.082	-2.131	127.738426	37.885418
1596707581906	1596707581904	-11.728	-0.759	-0.101	1.413	-1.303	-2.003	127.738426	37.885418
1596707581925	1596707581923	-11.374	0.027	-0.542	0.971	-1.416	-1.941	127.738426	37.885418
1596707581945	1596707581943	-11.166	0.472	-0.820	0.415	-1.518	-1.855	127.738426	37.885418
1596707581964	1596707581964	-10.864	0.599	-1.023	-0.260	-1.481	-1.768	127.738434	37.885399
1596707581992	1596707581984	-10.540	0.530	-0.666	-0.653	-1.476	-1.605	127.738434	37.885399
1596707582010	1596707582002	-9.517	1.474	-0.695	-1.222	-1.658	-1.657	127.738434	37.885399
1596707582025	1596707582022	-7.790	2.978	-1.203	-1.930	-1.704	-1.776	127.738434	37.885399
1596707582043	1596707582041	-7.575	2.746	-0.983	-2.288	-1.100	-1.311	127.738434	37.885399
1596707582065	1596707582062	-8.365	2.094	-0.158	-2.550	-0.377	-0.739	127.738434	37.885399
1596707582083	1596707582081	-9.278	0.733	0.124	-2.637	-0.058	0.015	127.738434	37.885399
1596707582104	1596707582101	-10.569	-1.018	0.369	-2.448	0.356	0.863	127.738434	37.885399
1596707582122	1596707582121	-11.822	-2.108	0.733	-1.986	0.793	1.799	127.738434	37.885399
1596707582143	1596707582142	-12.447	-2.359	1.207	-1.389	0.848	2.749	127.738434	37.885399
1596707582163	1596707582163	-12.560	-2.014	1.724	-0.761	0.925	3.454	127.738434	37.885399
1596707582185	1596707582184	-13.151	-1.978	2.347	-0.025	1.299	4.073	127.738434	37.885399
1596707582203	1596707582203	-14.066	-1.935	4.012	0.963	1.599	4.434	127.738434	37.885399
1596707582222	1596707582221	-14.031	-1.942	3.564	1.692	1.578	4.540	127.738434	37.885399
1596707582243	1596707582242	-12.612	-1.892	3.272	2.459	1.542	4.214	127.738434	37.885399
1596707582262	1596707582260	-10.727	-0.115	2.632	2.397	1.177	3.473	127.738434	37.885399
1596707582282	1596707582279	-9.079	1.033	1.847	1.305	0.990	2.826	127.738434	37.885399
1596707582302	1596707582300	-9.036	0.532	1.161	0.114	1.198	2.913	127.738434	37.885399
1596707582320	1596707582321	-9.556	0.717	0.668	-0.785	1.320	2.247	127.738434	37.885399
1596707582340	1596707582340	-10.341	0.894	-0.257	-1.365	1.214	2.253	127.738434	37.885399
1596707582360	1596707582360	-11.259	0.412	-0.647	-2.075	1.044	2.180	127.738434	37.885399
1596707582380	1596707582379	-12.351	-0.591	-0.925	-2.699	0.951	1.942	127.738434	37.885399
1596707582401	1596707582401	-13.875	-1.214	-0.173	-3.123	0.865	1.984	127.738434	37.885399
1596707582418	1596707582418	-14.809	-2.069	0.594	-3.568	0.387	2.152	127.738434	37.885399
1596707582438	1596707582436	-14.093	-2.759	0.548	-4.016	-0.132	2.182	127.738434	37.885399
1596707582458	1596707582455	-13.156	-3.128	0.220	-4.334	-0.185	2.546	127.738434	37.885399
1596707582478	1596707582474	-13.281	-3.660	0.232	-4.396	-0.008	2.970	127.738434	37.885399
1596707582497	1596707582494	-13.904	-3.780	0.565	-4.238	0.193	3.089	127.738434	37.885399
1596707582516	1596707582516	-14.066	-3.823	1.104	-3.703	0.171	3.218	127.738434	37.885399
1596707582535	1596707582535	-13.432	-4.283	1.063	-2.823	-0.306	3.396	127.738434	37.885399
1596707582556	1596707582555	-12.478	-5.318	0.476	-1.989	-0.500	3.230	127.738434	37.885399
1596707582575	1596707582575	-13.130	-6.666	0.649	-1.175	0.013	2.930	127.738434	37.885399
1596707582595	1596707582594	-14.680	-6.146	0.656	-0.647	0.583	2.359	127.738434	37.885399
1596707582616	1596707582616	-13.686	-6.130	1.317	-0.332	0.404	1.449	127.738434	37.885399
1596707582637	1596707582633	-10.473	-5.756	1.545	0.362	-0.183	0.419	127.738434	37.885399
1596707582658	1596707582655	-9.436	-3.023	0.764	1.184	-0.093	-0.812	127.738434	37.885399
1596707582674	1596707582671	-10.660	-1.492	0.371	1.722	0.637	-1.848	127.738434	37.885399
1596707582693	1596707582691	-12.356	-1.607	0.431	1.819	0.701	-2.802	127.738434	37.885399
1596707582713	1596707582711	-12.886	-2.316	-0.051	1.854	0.337	-3.399	127.738434	37.885399
1596707582733	1596707582732	-14.050	-3.334	0.055	2.327	0.112	-3.753	127.738434	37.885399
1596707582753	1596707582751	-14.689	-3.329	0.337	2.810	-0.255	-4.303	127.738434	37.885399
1596707582772	1596707582772	-14.644	-2.359	0.093	2.867	-0.752	-4.562	127.738434	37.885399
1596707582791	1596707582791	-14.268	-1.784	0.170	2.736	-1.151	-4.415	127.738434	37.885399
1596707582813	1596707582811	-13.535	-0.661	-0.609	2.934	-1.351	-4.280	127.738434	37.885399
1596707582836	1596707582832	-13.058	-0.522	-0.530	4.190	-1.156	-4.196	127.738434	37.885399
1596707582852	1596707582849	-12.840	-1.025	-2.168	5.720	-0.941	-3.776	127.738434	37.885399
1596707582871	1596707582868	-13.690	0.480	-2.554	6.490	-0.682	-4.024	127.738434	37.885399
1596707582890	1596707582888	-13.908	2.013	-1.977	7.019	-1.150	-3.557	127.738434	37.885399
1596707582910	1596707582908	-12.037	-0.122	-2.087	8.164	-2.533	-2.473	127.738434	37.885399
1596707582929	1596707582928	-10.859	1.502	-0.719	5.423	-2.369	-2.444	127.738434	37.885399
1596707582958	1596707582946	-10.909	2.025	0.699	2.414	-1.638	-2.745	127.738441	37.885391
1596707582971	1596707582969	-11.681	0.925	0.174	-0.180	-1.714	-2.768	127.738441	37.885391
1596707582992	1596707582990	-11.831	-0.836	-1.198	-1.318	-1.764	-2.511	127.738441	37.885391
1596707583011	1596707583008	-12.411	-0.007	-1.002	-1.842	-1.030	-2.625	127.738441	37.885391
1596707583033	1596707583031	-12.617	1.505	-0.674	-2.269	-1.172	-2.585	127.738441	37.885391
1596707583047	1596707583045	-10.868	1.989	-1.390	-2.773	-1.835	-2.429	127.738441	37.885391
1596707583068	1596707583067	-9.374	2.051	-2.535	-3.104	-1.704	-2.310	127.738441	37.885391
1596707583086	1596707583084	-9.941	1.313	-2.278	-2.988	-0.731	-1.810	127.738441	37.885391
1596707583108	1596707583104	-10.739	0.904	-1.440	-2.660	-0.440	-1.344	127.738441	37.885391
1596707583126	1596707583125	-10.083	0.645	-0.587	-2.156	-0.646	-0.928	127.738441	37.885391
1596707583147	1596707583145	-8.909	0.051	0.740	-1.576	-0.443	-0.359	127.738441	37.885391
1596707583165	1596707583165	-8.715	-1.207	1.873	-0.921	0.098	0.573	127.738441	37.885391
1596707583185	1596707583185	-9.733	-1.525	2.726	-0.282	0.816	1.513	127.738441	37.885391
1596707583205	1596707583204	-11.012	-0.807	3.432	0.073	1.376	2.055	127.738441	37.885391
1596707583224	1596707583222	-12.200	-0.716	3.626	0.061	1.669	2.451	127.738441	37.885391
1596707583244	1596707583242	-13.163	-0.436	3.631	0.038	1.901	2.710	127.738441	37.885391
1596707583264	1596707583261	-13.659	-0.433	3.272	0.180	1.747	2.933	127.738441	37.885391
1596707583283	1596707583281	-12.711	-0.098	1.969	0.154	1.342	2.953	127.738441	37.885391
1596707583304	1596707583301	-11.264	0.199	0.908	0.057	1.202	3.044	127.738441	37.885391
1596707583323	1596707583321	-10.607	0.192	-0.156	-0.238	1.015	3.065	127.738441	37.885391
1596707583343	1596707583342	-10.284	-0.256	-0.587	-0.688	0.892	2.968	127.738441	37.885391
1596707583364	1596707583362	-10.004	-0.740	-0.281	-0.902	0.739	2.828	127.738441	37.885391
1596707583382	1596707583383	-10.037	-1.075	0.347	-1.079	0.751	2.883	127.738441	37.885391
1596707583403	1596707583402	-11.106	-2.052	0.917	-1.036	1.176	3.083	127.738441	37.885391
1596707583426	1596707583426	-12.466	-1.722	1.442	-0.783	1.375	3.239	127.738441	37.885391
1596707583442	1596707583440	-13.075	-1.655	1.856	-0.565	1.034	3.630	127.738441	37.885391
1596707583462	1596707583459	-12.847	-1.789	1.820	-1.023	0.795	3.719	127.738441	37.885391
1596707583480	1596707583480	-12.502	-2.007	1.137	-1.780	0.866	3.805	127.738441	37.885391
1596707583502	1596707583499	-12.936	-2.266	0.793	-2.236	1.037	3.982	127.738441	37.885391
1596707583521	1596707583518	-13.894	-2.383	0.943	-2.452	1.266	3.824	127.738441	37.885391
1596707583540	1596707583540	-14.778	-2.498	1.432	-2.266	1.070	3.651	127.738441	37.885391
1596707583560	1596707583560	-14.399	-2.977	0.632	-1.904	0.529	3.547	127.738441	37.885391
1596707583579	1596707583579	-13.223	-2.996	0.165	-1.818	0.681	2.922	127.738441	37.885391
1596707583600	1596707583598	-13.719	-3.291	-0.118	-1.711	0.734	2.440	127.738441	37.885391
1596707583618	1596707583617	-15.051	-3.775	0.103	-1.478	0.952	1.722	127.738441	37.885391
1596707583639	1596707583637	-15.010	-3.765	1.061	-1.005	0.623	0.964	127.738441	37.885391
1596707583659	1596707583659	-12.780	-3.483	1.260	-0.517	0.016	0.249	127.738441	37.885391
1596707583677	1596707583676	-10.758	-3.049	1.159	-0.231	-0.188	-0.498	127.738441	37.885391
1596707583697	1596707583694	-9.776	-2.711	0.680	-0.036	-0.294	-1.225	127.738441	37.885391
1596707583715	1596707583714	-9.783	-2.534	0.083	0.168	-0.256	-1.868	127.738441	37.885391
1596707583735	1596707583733	-10.940	-2.294	0.189	0.439	-0.192	-2.390	127.738441	37.885391
1596707583755	1596707583755	-11.604	-2.187	0.364	0.812	-0.397	-2.670	127.738441	37.885391
1596707583774	1596707583774	-12.093	-2.132	0.395	1.205	-0.578	-2.860	127.738441	37.885391
1596707583795	1596707583795	-12.452	-1.969	0.551	1.556	-0.740	-2.910	127.738441	37.885391
1596707583814	1596707583814	-12.739	-1.645	0.349	1.646	-0.939	-2.942	127.738441	37.885391
1596707583838	1596707583838	-12.615	-1.612	0.306	1.684	-1.126	-3.221	127.738441	37.885391
1596707583859	1596707583854	-11.752	-0.459	0.278	1.615	-1.169	-3.345	127.738441	37.885391
1596707583876	1596707583871	-12.095	-0.840	-0.082	1.733	-1.003	-3.224	127.738441	37.885391
1596707583892	1596707583891	-12.917	-1.212	0.390	1.836	-0.676	-3.430	127.738441	37.885391
1596707583913	1596707583910	-12.806	-0.998	-0.170	1.952	-0.797	-3.692	127.738441	37.885391
1596707583942	1596707583936	-12.670	-0.328	-0.146	1.994	-0.723	-3.750	127.738441	37.885391
1596707583952	1596707583950	-13.147	-0.143	-1.119	1.944	-0.915	-3.433	127.738441	37.885391
1596707583971	1596707583970	-13.044	-0.117	-0.997	1.585	-0.617	-3.093	127.738441	37.885391
1596707583991	1596707583989	-13.139	-0.986	-0.906	1.508	-0.878	-2.684	127.738449	37.885380
1596707584011	1596707584009	-12.581	-0.059	-0.362	1.099	-1.153	-2.804	127.738449	37.885380
1596707584033	1596707584031	-11.443	0.549	-0.779	0.157	-1.169	-2.945	127.738449	37.885380
1596707584053	1596707584048	-10.969	-0.347	-1.050	-0.306	-1.107	-2.943	127.738449	37.885380
1596707584073	1596707584069	-11.470	-0.404	-1.018	-0.512	-0.682	-3.019	127.738449	37.885380
1596707584090	1596707584088	-12.299	-0.445	0.057	-0.471	-0.417	-3.098	127.738449	37.885380
1596707584113	1596707584110	-11.472	1.105	0.012	-0.392	-0.881	-3.205	127.738449	37.885380
1596707584128	1596707584126	-9.216	2.679	0.316	-0.254	-1.265	-2.821	127.738449	37.885380
1596707584152	1596707584150	-7.625	2.604	0.359	-0.207	-1.164	-2.332	127.738449	37.885380
1596707584167	1596707584165	-8.150	1.443	-0.142	-0.453	-0.431	-1.649	127.738449	37.885380
1596707584189	1596707584186	-9.158	1.280	0.222	-0.623	0.086	-1.007	127.738449	37.885380
1596707584207	1596707584205	-9.134	0.966	0.625	-0.668	-0.224	-0.215	127.738449	37.885380
1596707584227	1596707584225	-8.964	0.453	0.244	-0.764	-0.350	0.639	127.738449	37.885380
1596707584247	1596707584246	-9.405	0.386	0.507	-0.907	0.088	1.464	127.738449	37.885380
1596707584265	1596707584265	-10.248	-0.280	1.097	-1.019	0.408	2.241	127.738449	37.885380
1596707584286	1596707584286	-11.182	-1.384	1.502	-1.069	0.567	2.818	127.738449	37.885380
1596707584306	1596707584304	-12.387	-1.432	1.609	-1.028	0.820	3.219	127.738449	37.885380
1596707584325	1596707584323	-13.801	-0.747	1.621	-1.016	0.978	3.639	127.738449	37.885380
1596707584346	1596707584345	-15.161	-0.764	1.533	-1.142	0.981	3.975	127.738449	37.885380
1596707584365	1596707584364	-15.523	-1.382	1.008	-1.234	0.838	4.143	127.738449	37.885380
1596707584387	1596707584385	-14.361	-1.885	0.987	-1.081	0.345	4.173	127.738449	37.885380
1596707584405	1596707584404	-12.596	-2.038	1.135	-0.940	-0.050	4.051	127.738449	37.885380
1596707584424	1596707584424	-11.146	-1.770	0.495	-1.249	-0.028	3.728	127.738449	37.885380
1596707584443	1596707584443	-10.684	-1.772	0.057	-1.075	-0.208	3.615	127.738449	37.885380
1596707584464	1596707584463	-10.775	-1.097	-0.266	-1.186	0.082	3.509	127.738449	37.885380
1596707584486	1596707584481	-11.776	-1.058	0.951	-1.724	0.605	3.466	127.738449	37.885380
1596707584503	1596707584501	-12.593	-1.844	0.589	-2.245	0.330	3.351	127.738449	37.885380
1596707584525	1596707584521	-12.754	-2.429	0.182	-2.697	0.230	3.362	127.738449	37.885380
1596707584543	1596707584541	-12.852	-2.306	-0.036	-2.892	0.093	3.111	127.738449	37.885380
1596707584565	1596707584562	-13.044	-2.156	-0.458	-3.295	-0.053	2.892	127.738449	37.885380
1596707584582	1596707584582	-13.202	-2.924	-0.293	-3.494	-0.281	2.755	127.738449	37.885380
1596707584605	1596707584603	-12.871	-2.817	-1.148	-3.518	-0.548	2.678	127.738449	37.885380
1596707584622	1596707584622	-12.859	-3.614	-0.877	-3.424	-0.200	2.568	127.738449	37.885380
1596707584644	1596707584643	-13.029	-4.326	-0.671	-3.260	-0.115	2.182	127.738449	37.885380
1596707584662	1596707584661	-12.502	-4.788	-0.592	-2.898	-0.380	1.918	127.738449	37.885380
1596707584686	1596707584682	-11.879	-5.289	-1.093	-2.284	-0.543	1.624	127.738449	37.885380
1596707584701	1596707584699	-12.418	-5.557	-0.865	-1.565	-0.043	1.155	127.738449	37.885380
1596707584720	1596707584718	-12.579	-4.908	-0.125	-0.774	0.173	0.636	127.738449	37.885380
1596707584740	1596707584737	-11.544	-5.064	-0.470	0.107	-0.181	0.176	127.738449	37.885380
1596707584759	1596707584756	-11.271	-5.006	-0.726	0.890	-0.031	-0.338	127.738449	37.885380
1596707584780	1596707584778	-11.410	-4.367	-0.542	1.627	0.174	-0.873	127.738449	37.885380
1596707584799	1596707584797	-11.448	-3.895	-0.650	2.232	0.172	-1.357	127.738449	37.885380
1596707584818	1596707584817	-12.016	-3.686	-0.846	2.751	0.161	-1.852	127.738449	37.885380
1596707584838	1596707584837	-12.917	-3.538	-1.069	3.350	0.070	-2.304	127.738449	37.885380
1596707584861	1596707584860	-13.695	-3.039	-1.143	3.857	-0.084	-2.809	127.738449	37.885380
1596707584876	1596707584876	-14.169	-2.278	-1.133	4.266	-0.166	-3.313	127.738449	37.885380
1596707584899	1596707584897	-14.598	-1.667	-1.131	4.867	-0.306	-3.696	127.738449	37.885380
1596707584915	1596707584914	-15.149	-0.189	-1.002	5.084	-0.515	-4.137	127.738449	37.885380
1596707584937	1596707584933	-15.006	1.469	-0.628	4.362	-0.514	-4.579	127.738449	37.885380
1596707584956	1596707584956	-14.634	0.774	-0.429	3.590	-0.440	-4.862	127.738449	37.885372
1596707584974	1596707584973	-13.865	0.956	-0.379	2.761	-0.265	-5.520	127.738449	37.885372
1596707584994	1596707584992	-13.084	-0.507	-1.347	3.040	-0.558	-4.917	127.738449	37.885372
1596707585014	1596707585012	-14.347	0.168	-0.621	3.888	-0.244	-4.690	127.738449	37.885372
1596707585035	1596707585032	-14.502	1.931	0.016	3.351	-0.807	-4.366	127.738449	37.885372
1596707585054	1596707585051	-13.566	0.223	0.151	1.661	-1.223	-3.859	127.738449	37.885372
1596707585075	1596707585075	-12.366	-0.802	-0.503	0.280	-1.053	-3.882	127.738449	37.885372
1596707585095	1596707585092	-11.374	-0.960	-0.523	-0.138	-1.032	-3.407	127.738449	37.885372
1596707585119	1596707585112	-10.916	-0.328	-0.973	-0.371	-1.051	-2.949	127.738449	37.885372
1596707585133	1596707585130	-10.742	-0.757	-0.968	-0.447	-0.855	-2.685	127.738449	37.885372
1596707585155	1596707585152	-10.528	-0.311	-1.023	-0.736	-0.885	-2.652	127.738449	37.885372
1596707585171	1596707585171	-10.009	-0.222	-0.887	-0.881	-0.927	-2.323	127.738449	37.885372
1596707585192	1596707585192	-8.964	0.075	-0.314	-0.879	-1.042	-1.980	127.738449	37.885372
1596707585211	1596707585211	-7.323	0.542	0.069	-0.733	-1.188	-1.595	127.738449	37.885372
1596707585231	1596707585230	-5.979	1.471	0.057	-0.531	-1.188	-1.283	127.738449	37.885372
1596707585251	1596707585249	-5.936	2.245	-0.163	-0.467	-0.658	-0.687	127.738449	37.885372
1596707585270	1596707585269	-7.225	1.608	0.644	-0.495	0.138	0.156	127.738449	37.885372
1596707585289	1596707585287	-8.377	0.698	0.675	-0.846	0.279	0.912	127.738449	37.885372
1596707585309	1596707585309	-9.228	-0.551	0.452	-1.197	0.358	1.692	127.738449	37.885372
1596707585329	1596707585327	-10.262	-1.331	0.874	-1.306	0.651	2.582	127.738449	37.885372
1596707585349	1596707585346	-11.556	-1.466	1.734	-1.361	0.915	3.514	127.738449	37.885372
1596707585368	1596707585367	-12.677	-1.746	2.316	-1.344	0.934	4.096	127.738449	37.885372
1596707585389	1596707585388	-13.834	-1.849	2.304	-1.183	0.859	4.503	127.738449	37.885372
1596707585408	1596707585407	-15.834	-1.741	2.168	-0.742	1.069	5.017	127.738449	37.885372
1596707585428	1596707585426	-18.577	-2.038	2.151	-0.217	1.448	5.506	127.738449	37.885372
1596707585447	1596707585447	-19.399	-1.621	2.318	-0.048	1.053	5.364	127.738449	37.885372
1596707585466	1596707585466	-16.725	-1.365	1.837	-0.192	0.296	5.114	127.738449	37.885372
1596707585486	1596707585486	-13.726	-1.964	1.657	-0.615	-0.266	4.784	127.738449	37.885372
1596707585505	1596707585504	-11.060	-0.785	1.190	-1.156	-0.558	3.896	127.738449	37.885372
1596707585527	1596707585525	-9.704	-1.377	1.478	-1.527	-0.510	3.068	127.738449	37.885372
1596707585546	1596707585543	-9.642	-0.663	0.850	-1.815	-0.228	2.712	127.738449	37.885372
1596707585566	1596707585563	-10.758	-0.685	1.485	-2.656	0.538	2.985	127.738449	37.885372
1596707585584	1596707585582	-12.006	-2.460	1.427	-3.108	0.549	2.930	127.738449	37.885372
1596707585604	1596707585604	-12.131	-2.836	1.001	-3.301	-0.089	2.453	127.738449	37.885372
1596707585625	1596707585623	-11.465	-3.035	0.421	-3.621	-0.575	2.115	127.738449	37.885372
1596707585644	1596707585644	-10.792	-4.096	-0.214	-3.074	-0.950	1.969	127.738449	37.885372
1596707585664	1596707585663	-10.090	-3.746	-0.417	-2.737	-0.752	2.181	127.738449	37.885372
1596707585683	1596707585682	-10.222	-3.978	-0.173	-1.945	-0.518	1.974	127.738449	37.885372
1596707585705	1596707585703	-10.571	-4.252	-0.551	-1.342	-0.631	1.913	127.738449	37.885372
1596707585723	1596707585721	-10.849	-4.443	-0.594	-0.713	-0.421	1.747	127.738449	37.885372
1596707585742	1596707585741	-10.873	-4.290	-0.647	-0.243	-0.253	1.467	127.738449	37.885372
1596707585763	1596707585760	-10.234	-3.969	-0.707	0.123	-0.249	1.093	127.738449	37.885372
1596707585783	1596707585780	-10.449	-3.835	-1.102	0.336	-0.033	0.659	127.738449	37.885372
1596707585803	1596707585802	-12.152	-3.320	-0.791	0.409	0.643	0.019	127.738449	37.885372
1596707585822	1596707585822	-13.060	-2.426	0.177	0.533	0.916	-0.633	127.738449	37.885372
1596707585841	1596707585841	-13.063	-2.254	-0.170	0.801	0.706	-1.161	127.738449	37.885372
1596707585861	1596707585861	-13.911	-2.359	-0.702	1.019	0.794	-1.801	127.738449	37.885372
1596707585884	1596707585883	-14.378	-2.299	-0.650	1.163	0.831	-2.376	127.738449	37.885372
1596707585907	1596707585901	-13.659	-2.347	-0.820	1.431	0.636	-2.850	127.738449	37.885372
1596707585922	1596707585919	-13.142	-2.467	-1.419	1.817	0.499	-3.219	127.738449	37.885372
1596707585940	1596707585937	-13.307	-2.333	-1.821	2.243	0.611	-3.463	127.738449	37.885372
1596707585959	1596707585956	-14.275	-2.108	-1.802	2.714	0.865	-3.500	127.738457	37.885368
1596707585979	1596707585976	-15.753	-2.084	-1.016	3.234	1.018	-3.491	127.738457	37.885368
1596707585999	1596707585995	-16.366	-1.619	-0.582	3.807	0.699	-3.524	127.738457	37.885368
1596707586018	1596707586015	-15.362	-0.215	-1.371	5.050	0.145	-3.493	127.738457	37.885368
1596707586036	1596707586035	-13.664	0.853	-0.815	5.672	-0.163	-3.276	127.738457	37.885368
1596707586057	1596707586054	-12.435	0.458	-0.697	5.258	-0.268	-3.020	127.738457	37.885368
1596707586076	1596707586075	-12.277	-0.517	-1.356	5.851	-0.731	-3.031	127.738457	37.885368
1596707586099	1596707586098	-12.078	0.995	-1.608	6.149	-1.085	-3.109	127.738457	37.885368
1596707586119	1596707586114	-10.550	3.522	0.805	4.549	-1.185	-2.804	127.738457	37.885368
1596707586135	1596707586133	-10.358	1.141	0.876	1.812	-1.483	-2.430	127.738457	37.885368
1596707586159	1596707586155	-10.119	0.123	-0.400	-0.401	-1.196	-2.947	127.738457	37.885368
1596707586174	1596707586172	-10.452	-0.922	-0.216	-0.748	-0.803	-2.479	127.738457	37.885368
1596707586195	1596707586194	-10.327	-1.264	-0.233	-0.594	-1.030	-2.122	127.738457	37.885368
1596707586214	1596707586214	-9.628	-0.991	-0.458	-0.541	-1.287	-2.524	127.738457	37.885368
1596707586233	1596707586234	-9.429	-0.486	-0.793	-0.579	-1.247	-2.456	127.738457	37.885368
1596707586254	1596707586253	-9.771	-0.349	-0.717	-0.799	-1.012	-2.048	127.738457	37.885368
1596707586273	1596707586273	-9.920	-0.450	-0.599	-1.008	-1.026	-1.969	127.738457	37.885368
1596707586296	1596707586295	-9.180	0.333	-0.585	-1.187	-1.189	-1.862	127.738457	37.885368
1596707586312	1596707586312	-8.116	0.463	-0.494	-1.208	-1.219	-1.385	127.738457	37.885368
1596707586332	1596707586330	-7.718	0.724	-0.594	-1.155	-1.001	-0.988	127.738457	37.885368
1596707586354	1596707586354	-8.562	0.844	-0.084	-1.030	-0.358	-0.316	127.738457	37.885368
1596707586371	1596707586369	-9.561	0.333	0.876	-1.040	0.030	0.394	127.738457	37.885368
1596707586391	1596707586389	-9.929	-0.321	1.013	-1.284	-0.068	1.097	127.738457	37.885368
1596707586411	1596707586409	-10.013	-1.291	1.094	-1.433	0.064	1.936	127.738457	37.885368
1596707586430	1596707586430	-10.011	-1.789	1.238	-1.506	0.235	2.775	127.738457	37.885368
1596707586450	1596707586450	-10.670	-1.521	1.027	-1.554	0.395	3.404	127.738457	37.885368
1596707586469	1596707586469	-12.315	-1.130	0.941	-1.600	0.871	4.034	127.738457	37.885368
1596707586489	1596707586489	-14.809	-1.204	1.300	-1.554	1.192	4.753	127.738457	37.885368
1596707586509	1596707586508	-17.499	-2.156	1.475	-1.349	1.352	5.026	127.738457	37.885368
1596707586533	1596707586529	-18.661	-2.685	1.011	-0.703	0.704	4.868	127.738457	37.885368
1596707586552	1596707586551	-16.702	-2.007	0.131	-0.290	-0.204	4.631	127.738457	37.885368
1596707586572	1596707586569	-13.913	-1.825	-0.197	-0.086	-0.536	4.413	127.738457	37.885368
1596707586587	1596707586585	-11.784	-1.243	-0.396	-0.316	-0.555	3.998	127.738457	37.885368
1596707586609	1596707586607	-10.076	-1.070	-0.501	-0.916	-0.429	3.443	127.738457	37.885368
1596707586627	1596707586625	-9.235	-1.470	-0.089	-1.266	-0.107	3.023	127.738457	37.885368
1596707586648	1596707586646	-9.728	-1.401	0.910	-1.267	0.408	2.826	127.738457	37.885368
1596707586666	1596707586666	-10.624	-1.617	1.281	-1.455	0.543	2.529	127.738457	37.885368
1596707586686	1596707586686	-11.237	-1.978	0.984	-1.676	0.402	2.210	127.738457	37.885368
1596707586708	1596707586706	-11.410	-2.266	0.728	-1.869	0.283	2.130	127.738457	37.885368
1596707586726	1596707586726	-11.204	-2.443	0.246	-1.992	0.081	1.974	127.738457	37.885368
1596707586745	1596707586743	-10.892	-2.299	-0.420	-1.941	-0.048	1.827	127.738457	37.885368
1596707586764	1596707586762	-11.189	-2.235	-0.554	-1.917	0.061	1.880	127.738457	37.885368
1596707586783	1596707586782	-11.690	-2.476	-0.542	-1.886	0.211	1.950	127.738457	37.885368
1596707586804	1596707586802	-11.846	-3.025	-0.448	-1.706	0.198	1.970	127.738457	37.885368
1596707586823	1596707586822	-11.633	-3.339	-0.448	-1.445	0.100	1.885	127.738457	37.885368
1596707586843	1596707586843	-11.978	-3.648	-0.925	-1.157	0.226	1.713	127.738457	37.885368
1596707586864	1596707586863	-13.451	-4.115	-0.388	-0.751	0.623	1.458	127.738457	37.885368
1596707586883	1596707586883	-13.156	-4.249	0.385	-0.171	0.318	0.986	127.738457	37.885368
1596707586904	1596707586904	-11.292	-4.204	-0.549	0.488	-0.350	0.514	127.738457	37.885368
1596707586926	1596707586926	-11.242	-4.012	-0.836	1.098	0.079	-0.052	127.738457	37.885368
1596707586944	1596707586943	-12.572	-2.797	-0.161	1.411	0.572	-0.811	127.738457	37.885368
1596707586968	1596707586968	-13.053	-1.346	-0.161	1.364	0.361	-1.526	127.738457	37.885361
1596707586981	1596707586979	-12.761	-1.324	-0.561	1.261	0.093	-2.185	127.738457	37.885361
1596707587002	1596707586999	-12.840	-1.813	-0.738	1.197	-0.019	-2.793	127.738457	37.885361
1596707587021	1596707587019	-13.233	-1.770	-0.724	1.201	-0.090	-3.344	127.738457	37.885361
1596707587041	1596707587040	-13.302	-1.763	-0.539	1.326	-0.151	-3.655	127.738457	37.885361
1596707587062	1596707587059	-13.008	-1.863	-0.674	1.599	-0.176	-3.777	127.738457	37.885361
1596707587080	1596707587078	-12.378	-1.770	-0.681	2.191	-0.191	-3.858	127.738457	37.885361
1596707587101	1596707587101	-12.526	-1.573	-0.467	3.096	-0.002	-3.656	127.738457	37.885361
1596707587120	1596707587120	-13.242	-1.976	-0.005	4.223	0.316	-3.359	127.738457	37.885361
1596707587142	1596707587136	-12.914	-0.462	-0.324	5.180	-0.171	-3.362	127.738457	37.885361
1596707587159	1596707587156	-13.056	-0.613	-0.693	5.663	-0.659	-3.472	127.738457	37.885361
1596707587179	1596707587175	-13.077	0.559	-0.571	5.256	-0.546	-3.642	127.738457	37.885361
1596707587199	1596707587195	-12.787	0.784	-0.791	4.825	-1.159	-3.221	127.738457	37.885361
1596707587218	1596707587215	-11.439	-0.071	-1.244	4.607	-1.997	-3.156	127.738457	37.885361
1596707587237	1596707587235	-10.401	0.398	-2.856	4.597	-1.592	-3.064	127.738457	37.885361
1596707587257	1596707587255	-11.582	0.434	-1.105	6.020	-1.134	-1.466	127.738457	37.885361
1596707587276	1596707587276	-10.883	2.760	0.115	4.770	-1.911	-0.900	127.738457	37.885361
1596707587296	1596707587296	-8.071	1.879	-0.060	1.650	-2.574	-1.276	127.738457	37.885361
1596707587319	1596707587319	-7.124	0.719	-1.447	-0.649	-2.088	-1.429	127.738457	37.885361
1596707587334	1596707587333	-8.533	0.630	-0.659	-1.737	-1.114	-0.989	127.738457	37.885361
1596707587355	1596707587353	-9.359	1.093	-0.444	-2.897	-0.867	-0.966	127.738457	37.885361
1596707587374	1596707587374	-9.513	0.451	-0.726	-3.957	-0.940	-0.888	127.738457	37.885361
1596707587394	1596707587392	-9.434	0.000	-1.478	-4.674	-1.063	-0.828	127.738457	37.885361
1596707587413	1596707587412	-10.006	-0.622	-1.476	-4.941	-0.523	-0.525	127.738457	37.885361
1596707587433	1596707587433	-10.222	-1.329	-0.341	-4.673	-0.257	-0.244	127.738457	37.885361
1596707587453	1596707587452	-9.196	-1.331	-0.424	-4.042	-0.782	-0.112	127.738457	37.885361
1596707587472	1596707587472	-9.450	-1.252	-0.604	-3.090	-0.271	0.394	127.738457	37.885361
1596707587492	1596707587492	-11.695	-1.681	0.270	-2.097	0.783	1.062	127.738457	37.885361
1596707587512	1596707587512	-13.638	-2.127	0.943	-1.273	0.890	1.590	127.738457	37.885361
1596707587534	1596707587534	-14.306	-2.175	0.936	-0.466	0.497	2.092	127.738457	37.885361
1596707587552	1596707587549	-14.330	-1.767	1.202	0.368	0.469	2.604	127.738457	37.885361
1596707587575	1596707587575	-14.373	-1.554	2.065	0.827	0.758	3.037	127.738457	37.885361
1596707587591	1596707587589	-13.868	-1.581	2.177	0.789	0.851	3.095	127.738457	37.885361
1596707587614	1596707587611	-12.596	-0.874	1.554	0.472	0.639	2.904	127.738457	37.885361
1596707587630	1596707587628	-10.943	-0.356	0.713	0.135	0.373	2.757	127.738457	37.885361
1596707587655	1596707587652	-9.489	-0.421	0.251	-0.188	0.234	2.504	127.738457	37.885361
1596707587669	1596707587668	-8.559	-0.172	-0.115	-0.621	0.353	2.505	127.738457	37.885361
1596707587690	1596707587690	-8.612	-0.289	-0.039	-1.359	0.685	2.680	127.738457	37.885361
1596707587709	1596707587709	-9.544	-1.811	-0.065	-1.569	0.918	2.861	127.738457	37.885361
1596707587730	1596707587730	-10.610	-2.426	0.321	-1.014	0.876	2.760	127.738457	37.885361
1596707587752	1596707587746	-11.345	-0.994	0.596	-0.976	0.715	2.863	127.738457	37.885361
1596707587767	1596707587766	-12.030	-1.178	0.840	-1.381	0.706	3.231	127.738457	37.885361
1596707587788	1596707587785	-12.275	-2.615	0.594	-1.550	0.490	3.491	127.738457	37.885361
1596707587807	1596707587805	-12.466	-2.431	0.297	-1.417	0.369	3.889	127.738457	37.885361
1596707587826	1596707587824	-13.305	-2.203	0.438	-1.350	0.725	4.192	127.738457	37.885361
1596707587847	1596707587846	-14.416	-2.132	0.967	-1.743	0.980	4.193	127.738457	37.885361
1596707587865	1596707587865	-14.756	-2.833	0.802	-2.071	0.585	4.041	127.738457	37.885361
1596707587887	1596707587885	-13.884	-3.516	0.268	-2.254	0.296	3.685	127.738457	37.885361
1596707587906	1596707587905	-13.142	-3.962	-0.146	-2.410	0.170	3.230	127.738457	37.885361
1596707587925	1596707587925	-13.839	-4.589	-0.168	-2.277	0.330	2.518	127.738457	37.885361
1596707587959	1596707587959	-13.278	-5.169	0.840	-2.050	0.252	1.605	127.738457	37.885361
1596707587966	1596707587963	-10.972	-4.834	1.245	-1.441	-0.264	0.692	127.738457	37.885361
1596707587989	1596707587982	-10.183	-4.180	1.140	-0.621	-0.155	-0.296	127.738464	37.885349
1596707588010	1596707588002	-10.607	-3.674	0.333	0.434	0.006	-1.161	127.738464	37.885349
1596707588025	1596707588022	-11.736	-2.769	-0.858	1.343	-0.061	-2.038	127.738464	37.885349
1596707588043	1596707588042	-12.943	-2.400	-1.838	1.799	-0.105	-2.848	127.738464	37.885349
1596707588066	1596707588062	-14.376	-2.568	-2.221	2.093	-0.151	-3.290	127.738464	37.885349
1596707588084	1596707588081	-15.262	-2.098	-1.926	2.451	-0.403	-3.716	127.738464	37.885349
1596707588105	1596707588104	-15.621	-1.274	-1.191	2.659	-0.748	-3.976	127.738464	37.885349
1596707588123	1596707588123	-15.590	-0.565	-0.192	2.618	-1.046	-4.199	127.738464	37.885349
1596707588143	1596707588142	-13.928	1.050	0.194	2.401	-1.129	-4.294	127.738464	37.885349
1596707588165	1596707588165	-13.968	0.688	0.567	1.986	-0.509	-4.253	127.738464	37.885349
1596707588184	1596707588181	-14.134	-1.087	0.967	1.426	-0.359	-4.639	127.738464	37.885349
1596707588202	1596707588200	-13.154	-0.117	-0.324	1.473	-0.782	-4.530	127.738464	37.885349
1596707588222	1596707588220	-12.339	-0.184	0.048	1.853	-0.330	-4.560	127.738464	37.885349
1596707588241	1596707588239	-12.562	-0.383	-0.896	2.011	-0.151	-4.065	127.738464	37.885349
1596707588261	1596707588261	-13.190	-1.094	-1.728	2.392	-0.241	-3.409	127.738464	37.885349
1596707588281	1596707588278	-12.093	-1.267	-2.710	2.995	-0.187	-3.467	127.738464	37.885349
1596707588300	1596707588299	-10.579	-0.951	-3.158	4.644	-0.794	-2.868	127.738464	37.885349
1596707588320	1596707588319	-10.128	-1.006	-4.001	6.852	-1.299	-1.780	127.738464	37.885349
1596707588340	1596707588338	-10.651	0.568	-4.315	8.220	-1.147	-1.536	127.738464	37.885349
1596707588359	1596707588357	-10.564	1.270	-2.410	8.148	-0.822	-0.886	127.738464	37.885349
1596707588379	1596707588376	-11.015	0.971	-2.717	6.657	-1.102	-0.316	127.738464	37.885349
1596707588399	1596707588397	-8.969	2.880	-0.975	4.712	-1.381	0.006	127.738464	37.885349
1596707588417	1596707588415	-7.280	3.184	-1.601	1.484	-1.732	0.396	127.738464	37.885349
1596707588437	1596707588434	-8.650	2.063	-1.706	-1.686	-0.336	-0.130	127.738464	37.885349
1596707588457	1596707588455	-11.393	1.665	-1.263	-3.788	0.634	-0.161	127.738464	37.885349
1596707588476	1596707588474	-11.419	1.428	-1.143	-4.806	0.383	-0.070	127.738464	37.885349
1596707588496	1596707588495	-10.085	0.520	-0.599	-5.197	0.351	0.107	127.738464	37.885349
1596707588515	1596707588515	-9.664	-1.135	0.194	-4.961	0.710	0.633	127.738464	37.885349
1596707588535	1596707588535	-9.853	-1.799	1.197	-4.419	1.031	1.005	127.738464	37.885349
1596707588555	1596707588554	-10.521	-1.260	1.636	-3.499	1.266	1.286	127.738464	37.885349
1596707588576	1596707588573	-11.911	-1.178	2.192	-2.022	1.641	1.562	127.738464	37.885349
1596707588597	1596707588597	-13.556	-0.555	2.105	-0.580	1.921	1.711	127.738464	37.885349
1596707588616	1596707588614	-14.311	0.602	2.192	0.069	1.603	1.688	127.738464	37.885349
1596707588632	1596707588631	-13.171	1.220	2.182	0.272	0.905	1.571	127.738464	37.885349
1596707588655	1596707588653	-11.374	1.701	2.244	0.234	0.616	1.710	127.738464	37.885349
1596707588675	1596707588670	-10.377	2.111	2.223	-0.190	0.627	1.854	127.738464	37.885349
1596707588692	1596707588692	-9.666	2.298	2.239	-0.907	0.591	1.862	127.738464	37.885349
1596707588712	1596707588712	-9.388	1.754	1.964	-1.708	0.486	1.908	127.738464	37.885349
1596707588731	1596707588731	-9.223	1.050	1.468	-2.315	0.452	2.011	127.738464	37.885349
1596707588754	1596707588754	-9.493	0.087	1.183	-2.744	0.499	2.199	127.738464	37.885349
1596707588774	1596707588773	-10.133	-0.519	0.838	-3.082	0.477	2.239	127.738464	37.885349
1596707588791	1596707588788	-10.835	-1.104	0.522	-3.289	0.370	2.345	127.738464	37.885349
1596707588810	1596707588808	-11.319	-1.236	0.182	-3.471	0.159	2.415	127.738464	37.885349
1596707588829	1596707588828	-11.714	-1.691	-0.067	-3.598	-0.052	2.508	127.738464	37.885349
1596707588850	1596707588847	-11.918	-2.838	0.069	-3.440	-0.091	2.586	127.738464	37.885349
1596707588870	1596707588868	-11.793	-2.956	0.680	-2.858	-0.135	2.777	127.738464	37.885349
1596707588888	1596707588888	-11.532	-2.788	1.128	-2.314	-0.211	2.900	127.738464	37.885349
1596707588909	1596707588909	-11.604	-2.158	0.668	-2.238	-0.091	2.709	127.738464	37.885349
1596707588928	1596707588928	-12.349	-2.467	0.268	-2.321	0.202	2.642	127.738464	37.885349
1596707588950	1596707588949	-13.039	-2.853	0.416	-2.338	0.041	2.252	127.738464	37.885349
1596707588985	1596707588974	-12.543	-2.771	-0.022	-2.474	-0.274	1.935	127.738464	37.885342
1596707588989	1596707588989	-11.575	-2.771	-0.058	-2.692	-0.182	1.621	127.738464	37.885342
1596707589008	1596707589004	-11.954	-3.320	-0.714	-2.708	-0.058	1.222	127.738464	37.885342
1596707589031	1596707589027	-12.715	-3.660	-0.101	-2.466	0.260	0.706	127.738464	37.885342
1596707589047	1596707589044	-11.712	-3.504	0.182	-2.073	0.060	0.258	127.738464	37.885342
1596707589068	1596707589064	-11.606	-3.504	-0.662	-1.663	0.053	-0.207	127.738464	37.885342
1596707589085	1596707589085	-12.912	-3.931	-0.683	-1.170	0.409	-0.665	127.738464	37.885342
1596707589106	1596707589104	-12.663	-3.504	-0.261	-0.797	0.289	-1.037	127.738464	37.885342
1596707589125	1596707589124	-11.302	-3.253	-0.487	-0.316	0.009	-1.423	127.738464	37.885342
1596707589146	1596707589144	-10.988	-3.159	-0.549	0.304	0.110	-1.772	127.738464	37.885342
1596707589165	1596707589165	-11.273	-2.721	-0.221	0.811	0.419	-1.957	127.738464	37.885342
1596707589186	1596707589186	-11.582	-2.817	-0.067	1.433	0.507	-2.040	127.738464	37.885342
1596707589210	1596707589207	-11.563	-2.872	-0.091	1.977	0.484	-2.229	127.738464	37.885342
1596707589223	1596707589221	-11.405	-2.630	-0.017	2.489	0.619	-2.432	127.738464	37.885342
1596707589244	1596707589242	-11.544	-2.659	0.184	3.077	0.658	-2.448	127.738464	37.885342
1596707589263	1596707589261	-11.745	-2.474	-0.029	3.672	0.614	-2.553	127.738464	37.885342
1596707589283	1596707589281	-12.150	-2.261	-0.441	4.287	0.504	-2.774	127.738464	37.885342
1596707589303	1596707589302	-12.138	-1.363	-1.086	4.833	0.386	-2.997	127.738464	37.885342
1596707589323	1596707589323	-12.663	-0.905	-1.198	5.254	0.476	-3.127	127.738464	37.885342
1596707589343	1596707589343	-13.583	-0.141	-1.236	5.328	0.369	-3.102	127.738464	37.885342
1596707589363	1596707589362	-13.896	0.161	-0.987	5.232	-0.085	-3.050	127.738464	37.885342
1596707589386	1596707589382	-13.415	0.853	-0.810	4.698	-0.573	-3.065	127.738464	37.885342
1596707589402	1596707589399	-12.497	0.963	-0.391	3.956	-0.810	-2.890	127.738464	37.885342
1596707589421	1596707589419	-11.839	0.729	-0.048	3.251	-0.997	-2.730	127.738464	37.885342
1596707589441	1596707589439	-11.604	0.628	0.112	2.428	-1.206	-2.531	127.738464	37.885342
1596707589460	1596707589458	-11.273	0.408	0.196	1.682	-1.408	-2.471	127.738464	37.885342
1596707589480	1596707589478	-10.847	1.342	0.201	0.814	-1.433	-2.583	127.738464	37.885342
1596707589499	1596707589499	-10.447	2.317	0.158	0.026	-1.328	-2.465	127.738464	37.885342
1596707589519	1596707589518	-9.441	3.692	-0.197	-0.751	-1.366	-2.287	127.738464	37.885342
1596707589538	1596707589538	-8.279	4.650	-0.863	-1.648	-1.341	-1.868	127.738464	37.885342
1596707589559	1596707589557	-8.480	3.503	-1.366	-2.471	-0.847	-1.124	127.738464	37.885342
1596707589580	1596707589575	-10.011	2.005	-1.308	-3.128	-0.138	-0.512	127.738464	37.885342
1596707589599	1596707589595	-11.060	0.688	-0.479	-3.375	-0.025	-0.003	127.738464	37.885342
1596707589619	1596707589618	-11.187	-0.649	0.218	-3.195	-0.265	0.678	127.738464	37.885342
1596707589636	1596707589634	-10.555	-1.652	0.960	-2.552	-0.342	1.459	127.738464	37.885342
1596707589659	1596707589655	-9.985	-2.009	1.514	-1.596	-0.216	2.161	127.738464	37.885342
1596707589675	1596707589673	-10.394	-1.722	1.914	-0.613	0.211	2.604	127.738464	37.885342
1596707589696	1596707589694	-11.724	-1.226	2.175	0.140	0.715	2.903	127.738464	37.885342
1596707589714	1596707589714	-13.089	-0.931	1.954	0.633	0.928	3.073	127.738464	37.885342
1596707589735	1596707589735	-13.654	-0.747	1.811	0.994	0.924	3.034	127.738464	37.885342
1596707589754	1596707589754	-13.310	-0.234	1.248	1.113	0.868	2.874	127.738464	37.885342
1596707589779	1596707589778	-12.454	0.250	0.852	0.912	0.774	2.835	127.738464	37.885342
1596707589793	1596707589792	-11.499	0.599	0.505	0.279	0.584	2.737	127.738464	37.885342
1596707589813	1596707589811	-10.550	0.396	0.052	-0.742	0.508	2.588	127.738464	37.885342
1596707589833	1596707589831	-9.884	-0.349	0.426	-1.614	0.480	2.513	127.738464	37.885342
1596707589853	1596707589851	-9.625	-0.929	0.718	-2.124	0.367	2.365	127.738464	37.885342
1596707589872	1596707589870	-9.937	-1.145	0.702	-2.376	0.470	2.409	127.738464	37.885342
1596707589892	1596707589892	-10.933	-1.015	0.816	-2.658	0.712	2.669	127.738464	37.885342
1596707589912	1596707589911	-12.083	-1.346	0.805	-3.000	0.697	2.753	127.738464	37.885342
1596707589931	1596707589931	-12.438	-1.892	0.522	-3.292	0.443	2.756	127.738464	37.885342
1596707589954	1596707589949	-12.356	-2.048	0.761	-3.718	0.326	2.937	127.738464	37.885342
1596707589975	1596707589975	-12.164	-2.809	1.324	-4.141	0.210	3.063	127.738464	37.885330
1596707589993	1596707589993	-11.867	-4.005	1.494	-4.304	0.046	3.244	127.738464	37.885330
1596707590016	1596707590013	-11.831	-5.315	1.399	-3.744	-0.086	3.376	127.738464	37.885330
1596707590033	1596707590029	-12.066	-5.703	0.857	-2.869	-0.097	3.178	127.738464	37.885330
1596707590050	1596707590047	-12.239	-4.738	0.836	-2.016	0.124	2.612	127.738464	37.885330
1596707590073	1596707590069	-11.611	-3.883	1.377	-1.347	-0.150	2.171	127.738464	37.885330
1596707590090	1596707590087	-10.255	-3.495	0.642	-1.338	-0.629	1.839	127.738464	37.885330
1596707590111	1596707590110	-10.421	-4.249	-0.039	-0.952	-0.104	1.214	127.738464	37.885330
1596707590127	1596707590127	-12.890	-4.733	0.244	-0.306	0.566	0.722	127.738464	37.885330
1596707590149	1596707590147	-14.926	-4.644	0.220	0.317	0.420	0.209	127.738464	37.885330
1596707590167	1596707590167	-14.962	-4.779	0.546	1.107	-0.104	-0.314	127.738464	37.885330
1596707590187	1596707590187	-12.744	-4.702	0.460	1.880	-0.808	-0.739	127.738464	37.885330
1596707590210	1596707590210	-10.440	-4.002	-0.048	2.696	-1.278	-1.195	127.738464	37.885330
1596707590226	1596707590224	-9.695	-3.430	-0.733	3.278	-1.208	-1.627	127.738464	37.885330
1596707590246	1596707590244	-11.309	-3.128	-1.241	3.844	-0.979	-2.056	127.738464	37.885330
1596707590265	1596707590263	-13.769	-1.772	-1.560	4.279	-0.839	-2.556	127.738464	37.885330
1596707590285	1596707590283	-15.585	-0.311	-1.050	4.320	-0.871	-3.017	127.738464	37.885330
1596707590305	1596707590304	-15.925	0.283	-0.709	3.953	-1.280	-3.552	127.738464	37.885330
1596707590324	1596707590324	-15.525	0.935	-0.590	3.365	-1.667	-4.125	127.738464	37.885330
1596707590344	1596707590344	-14.938	1.294	-0.503	2.492	-1.833	-4.532	127.738464	37.885330
1596707590364	1596707590364	-15.327	0.896	-0.242	1.445	-1.434	-4.711	127.738464	37.885330
1596707590384	1596707590384	-16.048	0.005	0.071	0.758	-0.975	-4.791	127.738464	37.885330
1596707590404	1596707590402	-15.710	0.286	-0.168	0.277	-1.110	-5.071	127.738464	37.885330
1596707590423	1596707590421	-14.102	0.551	-0.424	-0.172	-1.287	-5.124	127.738464	37.885330
1596707590443	1596707590441	-13.036	-0.237	-0.786	-0.516	-1.051	-4.906	127.738464	37.885330
1596707590463	1596707590461	-12.605	-1.245	-0.441	-0.439	-0.561	-4.762	127.738464	37.885330
1596707590483	1596707590481	-11.776	-0.766	-0.362	0.001	-0.780	-4.693	127.738464	37.885330
1596707590503	1596707590501	-10.545	-0.527	-0.410	0.428	-1.175	-4.096	127.738464	37.885330
1596707590522	1596707590521	-10.001	0.005	-0.523	0.713	-1.056	-3.835	127.738464	37.885330
1596707590542	1596707590542	-10.020	1.277	-0.261	0.941	-0.682	-3.484	127.738464	37.885330
1596707590563	1596707590563	-9.187	3.158	-0.060	0.978	-0.890	-3.050	127.738464	37.885330
1596707590582	1596707590582	-7.723	3.644	-0.705	0.517	-1.234	-2.579	127.738464	37.885330
1596707590607	1596707590606	-7.920	2.504	-1.239	-0.193	-0.576	-1.782	127.738464	37.885330
1596707590621	1596707590621	-9.637	1.445	-0.214	-0.591	0.384	-0.751	127.738464	37.885330
1596707590642	1596707590639	-10.694	0.846	0.838	-0.748	0.439	0.232	127.738464	37.885330
1596707590660	1596707590658	-10.739	-0.464	1.013	-0.840	0.247	1.169	127.738464	37.885330
1596707590680	1596707590677	-10.425	-1.480	1.703	-0.640	0.407	2.212	127.738464	37.885330
1596707590701	1596707590697	-10.356	-1.090	2.762	-0.228	0.843	2.866	127.738464	37.885330
1596707590718	1596707590716	-11.477	-1.506	3.507	0.328	1.408	3.468	127.738464	37.885330
1596707590741	1596707590735	-13.310	-1.873	3.590	1.090	1.813	3.862	127.738464	37.885330
1596707590758	1596707590757	-14.821	-0.970	3.420	1.997	1.966	3.828	127.738464	37.885330
1596707590777	1596707590776	-15.286	-0.172	2.877	2.709	1.942	3.706	127.738464	37.885330
1596707590806	1596707590796	-14.191	0.781	2.132	2.805	1.593	3.373	127.738464	37.885330
1596707590815	1596707590814	-12.191	1.651	1.171	2.130	1.214	3.190	127.738464	37.885330
1596707590841	1596707590834	-10.454	1.874	0.548	0.928	0.927	3.081	127.738464	37.885330
1596707590855	1596707590853	-9.168	1.651	0.117	-0.541	0.711	2.864	127.738464	37.885330
1596707590875	1596707590873	-8.657	1.251	-0.281	-1.766	0.848	2.654	127.738464	37.885330
1596707590896	1596707590893	-9.235	0.992	-0.290	-2.683	1.195	2.750	127.738464	37.885330
1596707590914	1596707590912	-10.399	0.209	0.218	-3.371	1.540	3.077	127.738464	37.885330
1596707590936	1596707590934	-12.107	-1.430	1.250	-3.749	1.755	3.253	127.738464	37.885330
1596707590957	1596707590957	-13.535	-2.014	1.609	-4.016	1.519	3.088	127.738464	37.885319
1596707590974	1596707590972	-14.620	-3.473	1.653	-4.178	1.190	3.406	127.738464	37.885319
1596707590995	1596707590993	-14.507	-4.144	1.609	-4.291	0.635	3.242	127.738464	37.885319
1596707591016	1596707591011	-13.698	-3.928	0.958	-4.501	0.112	3.123	127.738464	37.885319
1596707591037	1596707591035	-13.302	-4.769	0.139	-4.339	-0.015	3.306	127.738464	37.885319
1596707591054	1596707591050	-13.386	-5.914	0.795	-3.897	0.224	3.311	127.738464	37.885319
1596707591074	1596707591073	-13.549	-6.391	1.245	-3.047	0.148	2.960	127.738464	37.885319
1596707591093	1596707591092	-12.691	-6.058	0.603	-1.943	-0.134	2.148	127.738464	37.885319
1596707591116	1596707591110	-10.857	-5.866	-0.261	-0.949	-0.482	1.543	127.738464	37.885319
1596707591132	1596707591130	-9.798	-5.813	-0.805	0.022	-0.379	1.230	127.738464	37.885319
1596707591155	1596707591153	-10.746	-5.998	-1.344	1.045	0.177	0.606	127.738464	37.885319
1596707591170	1596707591170	-14.193	-5.471	-1.622	1.871	0.827	-0.147	127.738464	37.885319
