1596707689540	1596707689535	-8.574	-1.700	1.224	-0.296	0.214	0.634	127.738167	37.884399
1596707689552	1596707689551	-9.381	-1.710	1.466	-0.039	0.297	0.738	127.738167	37.884399
1596707689574	1596707689574	-10.267	-1.775	1.880	0.153	0.420	0.863	127.738167	37.884399
1596707689593	1596707689593	-11.067	-1.724	2.352	0.209	0.466	1.034	127.738167	37.884399
1596707689616	1596707689609	-11.671	-1.856	2.635	-0.033	0.453	1.032	127.738167	37.884399
1596707689631	1596707689629	-12.318	-2.517	2.510	-0.433	0.437	0.814	127.738167	37.884399
1596707689650	1596707689649	-12.658	-3.035	2.295	-0.693	0.214	0.503	127.738167	37.884399
1596707689671	1596707689668	-12.768	-3.665	1.372	-0.818	-0.127	0.048	127.738167	37.884399
1596707689690	1596707689688	-14.208	-4.149	1.135	-0.903	0.155	-0.761	127.738167	37.884399
1596707689709	1596707689707	-15.913	-3.713	0.656	-0.992	0.356	-1.367	127.738167	37.884399
1596707689731	1596707689728	-15.942	-3.466	-0.302	-0.706	-0.126	-1.380	127.738167	37.884399
1596707689748	1596707689747	-14.481	-2.927	-0.228	-0.356	-0.719	-1.789	127.738167	37.884399
1596707689769	1596707689766	-12.397	-2.215	-0.539	-0.378	-1.107	-2.609	127.738167	37.884399
1596707689789	1596707689786	-10.902	-2.000	-1.510	-0.109	-1.006	-3.122	127.738167	37.884399
1596707689815	1596707689808	-11.300	-1.121	-1.236	-0.112	-0.381	-3.229	127.738167	37.884399
1596707689829	1596707689826	-12.533	-1.003	-0.556	-0.260	-0.028	-3.502	127.738167	37.884399
1596707689848	1596707689845	-12.145	-2.697	-0.230	-0.158	-0.228	-3.363	127.738167	37.884399
1596707689868	1596707689865	-11.209	-3.437	-0.379	0.253	-0.265	-2.831	127.738167	37.884399
1596707689887	1596707689884	-10.634	-2.965	-1.059	0.956	0.034	-2.452	127.738167	37.884399
1596707689906	1596707689904	-10.248	-3.176	-1.651	1.694	0.332	-1.996	127.738167	37.884399
1596707689926	1596707689924	-9.946	-2.153	-2.214	2.337	0.491	-1.949	127.738167	37.884399
1596707689949	1596707689947	-10.047	-0.709	-2.159	2.815	0.582	-1.694	127.738159	37.884392
1596707689967	1596707689966	-9.683	-0.301	-2.190	3.196	0.668	-1.408	127.738159	37.884392
1596707689986	1596707689985	-10.203	-1.458	-2.051	3.497	0.701	-1.439	127.738159	37.884392
1596707690007	1596707690002	-9.570	0.094	-2.623	4.018	0.016	-1.572	127.738159	37.884392
1596707690024	1596707690022	-9.206	0.312	-3.241	4.354	-0.665	-1.067	127.738159	37.884392
1596707690044	1596707690042	-8.150	-0.565	-3.481	4.607	-0.528	-1.064	127.738159	37.884392
1596707690064	1596707690062	-7.805	0.333	-2.302	5.234	-0.399	-0.559	127.738159	37.884392
1596707690084	1596707690081	-7.431	0.075	-1.790	5.097	-0.662	-0.184	127.738159	37.884392
1596707690102	1596707690101	-6.799	1.356	-0.616	4.124	-0.399	-0.477	127.738159	37.884392
1596707690123	1596707690121	-7.155	1.902	-0.063	2.379	-0.261	-0.629	127.738159	37.884392
1596707690143	1596707690140	-7.769	2.154	0.009	0.722	0.007	-0.558	127.738159	37.884392
1596707690165	1596707690163	-8.669	1.902	0.179	-0.926	0.353	-0.374	127.738159	37.884392
1596707690183	1596707690182	-9.383	1.807	0.129	-2.153	0.376	-0.334	127.738159	37.884392
1596707690207	1596707690203	-10.167	0.877	0.591	-2.897	0.695	-0.095	127.738159	37.884392
1596707690221	1596707690219	-11.015	-0.165	1.011	-3.079	0.935	0.320	127.738159	37.884392
1596707690242	1596707690239	-11.106	0.005	1.952	-2.969	0.936	0.588	127.738159	37.884392
1596707690262	1596707690262	-10.308	-0.234	1.550	-2.686	0.648	0.915	127.738159	37.884392
1596707690281	1596707690280	-11.225	0.168	-0.446	-2.629	0.497	1.269	127.738159	37.884392
1596707690301	1596707690300	-14.294	0.324	-1.129	-2.831	1.176	1.728	127.738159	37.884392
1596707690321	1596707690320	-17.408	-0.306	0.472	-2.911	1.744	2.133	127.738159	37.884392
1596707690346	1596707690340	-18.371	-1.667	2.273	-2.586	1.066	2.435	127.738159	37.884392
1596707690360	1596707690360	-15.992	-2.668	2.692	-1.837	-0.010	2.570	127.738159	37.884392
1596707690386	1596707690384	-13.815	-2.064	2.151	-0.837	-0.240	2.703	127.738159	37.884392
1596707690404	1596707690404	-13.573	-1.997	2.053	-0.152	0.303	2.861	127.738159	37.884392
1596707690421	1596707690420	-14.033	-1.236	1.672	0.302	0.516	2.505	127.738159	37.884392
1596707690444	1596707690444	-13.185	0.290	1.310	-0.306	0.239	2.317	127.738159	37.884392
1596707690459	1596707690459	-11.786	-0.644	1.099	-0.424	-0.111	2.624	127.738159	37.884392
1596707690479	1596707690478	-10.044	-1.379	0.440	-0.618	-0.463	2.390	127.738159	37.884392
1596707690499	1596707690498	-8.734	-1.600	-0.226	-1.159	-0.475	2.106	127.738159	37.884392
1596707690525	1596707690525	-8.701	-0.491	0.076	-1.414	-0.273	2.041	127.738159	37.884392
1596707690545	1596707690545	-9.321	-0.555	0.268	-1.794	-0.096	1.981	127.738159	37.884392
1596707690565	1596707690565	-9.546	-1.092	0.448	-2.272	-0.089	1.899	127.738159	37.884392
1596707690581	1596707690581	-9.103	-1.640	0.713	-2.487	-0.232	1.872	127.738159	37.884392
1596707690598	1596707690597	-8.375	-1.964	0.776	-2.570	-0.354	1.886	127.738159	37.884392
1596707690623	1596707690614	-7.999	-2.357	0.337	-2.602	-0.395	1.952	127.738159	37.884392
1596707690637	1596707690636	-8.368	-2.812	-0.113	-2.478	-0.149	1.893	127.738159	37.884392
1596707690655	1596707690654	-9.498	-2.721	-0.261	-2.181	0.201	1.803	127.738159	37.884392
1596707690674	1596707690673	-10.567	-2.565	-0.518	-1.822	0.277	1.761	127.738159	37.884392
1596707690693	1596707690693	-10.871	-2.678	-0.571	-1.501	0.232	1.700	127.738159	37.884392
1596707690723	1596707690723	-11.443	-3.221	-1.018	-1.135	0.223	1.521	127.738159	37.884392
1596707690740	1596707690740	-13.918	-3.933	-1.737	-0.617	0.745	1.174	127.738159	37.884392
1596707690754	1596707690753	-16.512	-4.453	0.105	0.128	1.524	0.882	127.738159	37.884392
1596707690780	1596707690780	-15.585	-3.703	0.282	0.974	0.606	0.437	127.738159	37.884392
1596707690794	1596707690794	-12.148	-3.308	-0.020	1.714	-0.058	0.057	127.738159	37.884392
1596707690814	1596707690814	-10.047	-2.678	0.081	2.207	-0.189	-0.595	127.738159	37.884392
1596707690836	1596707690832	-9.879	-1.875	-0.820	2.445	-0.126	-1.267	127.738159	37.884392
1596707690853	1596707690850	-11.762	-2.244	-1.344	2.541	0.166	-1.996	127.738159	37.884392
1596707690871	1596707690870	-13.920	-1.466	-1.749	2.407	0.121	-2.593	127.738159	37.884392
1596707690891	1596707690891	-14.505	-1.605	-1.651	2.437	-0.175	-2.877	127.738159	37.884392
1596707690917	1596707690918	-14.251	-0.867	-1.644	2.535	-0.444	-3.090	127.738159	37.884392
1596707690931	1596707690929	-13.820	-0.325	-1.426	2.589	-0.546	-3.541	127.738159	37.884392
1596707690951	1596707690951	-13.805	-0.527	-1.014	2.575	-0.741	-4.171	127.738159	37.884392
1596707690969	1596707690969	-12.957	-0.824	-1.433	3.136	-0.971	-4.474	127.738152	37.884384
1596707690999	1596707690998	-13.221	-0.378	-2.137	4.840	-0.553	-4.539	127.738152	37.884384
1596707691020	1596707691014	-14.352	2.166	-0.935	6.028	-0.174	-4.447	127.738152	37.884384
1596707691043	1596707691043	-12.778	4.648	-0.808	4.804	-1.184	-3.921	127.738152	37.884384
1596707691048	1596707691046	-11.448	0.901	0.189	3.414	-1.728	-3.528	127.738152	37.884384
1596707691068	1596707691067	-11.396	-0.634	-0.824	2.648	-1.574	-3.423	127.738152	37.884384
1596707691089	1596707691087	-11.225	0.587	-0.700	2.645	-1.128	-3.130	127.738152	37.884384
1596707691107	1596707691106	-10.411	1.272	-0.288	2.290	-1.368	-2.448	127.738152	37.884384
1596707691128	1596707691127	-8.854	2.185	-0.678	1.192	-1.618	-2.002	127.738152	37.884384
1596707691151	1596707691151	-8.466	1.500	-1.078	0.037	-1.270	-1.337	127.738152	37.884384
1596707691169	1596707691169	-8.832	0.355	-1.011	-0.675	-0.835	-0.893	127.738152	37.884384
1596707691196	1596707691195	-9.024	0.204	-1.311	-0.383	-0.941	-0.623	127.738152	37.884384
1596707691209	1596707691209	-8.538	0.137	-1.256	-0.223	-1.023	-0.146	127.738152	37.884384
1596707691231	1596707691231	-8.011	0.575	-0.618	-0.341	-0.868	0.342	127.738152	37.884384
1596707691246	1596707691244	-8.586	1.165	-0.743	-1.137	-0.594	0.653	127.738152	37.884384
1596707691266	1596707691267	-10.754	0.377	-1.248	-2.063	0.008	0.967	127.738152	37.884384
1596707691285	1596707691283	-12.907	0.044	-0.190	-2.719	0.618	1.369	127.738152	37.884384
1596707691303	1596707691302	-13.324	0.137	-0.149	-3.208	0.124	1.469	127.738152	37.884384
1596707691323	1596707691322	-11.757	-0.407	0.124	-3.573	-0.440	1.825	127.738152	37.884384
1596707691344	1596707691344	-10.068	-1.748	0.254	-3.527	-0.467	2.355	127.738152	37.884384
1596707691364	1596707691364	-9.577	-2.438	0.539	-3.213	0.011	2.568	127.738152	37.884384
1596707691383	1596707691383	-10.636	-2.108	0.874	-2.703	0.624	2.705	127.738152	37.884384
1596707691403	1596707691403	-12.696	-1.813	1.135	-1.939	1.092	2.857	127.738152	37.884384
1596707691422	1596707691420	-14.732	-2.359	1.130	-1.045	1.233	2.979	127.738152	37.884384
1596707691445	1596707691440	-15.710	-2.721	0.903	-0.188	1.021	2.846	127.738152	37.884384
1596707691466	1596707691466	-14.725	-1.952	0.495	0.451	0.353	2.569	127.738152	37.884384
1596707691483	1596707691480	-12.718	-1.377	-0.297	0.756	-0.287	2.390	127.738152	37.884384
1596707691502	1596707691500	-11.051	-0.440	-0.250	0.493	-0.280	2.106	127.738152	37.884384
1596707691521	1596707691520	-9.997	0.000	-0.053	-0.227	-0.146	1.841	127.738152	37.884384
1596707691543	1596707691543	-9.117	-0.239	0.141	-0.965	-0.084	1.601	127.738152	37.884384
1596707691561	1596707691561	-8.708	-0.280	0.158	-1.565	-0.044	1.443	127.738152	37.884384
1596707691584	1596707691582	-9.096	-1.262	0.237	-2.057	0.087	1.384	127.738152	37.884384
1596707691602	1596707691601	-9.319	-1.535	0.249	-2.404	0.091	1.277	127.738152	37.884384
1596707691624	1596707691624	-9.438	-1.693	0.196	-2.435	0.077	1.314	127.738152	37.884384
1596707691641	1596707691639	-9.659	-1.844	0.143	-2.396	0.087	1.378	127.738152	37.884384
1596707691666	1596707691666	-9.592	-1.827	0.318	-2.254	0.076	1.618	127.738152	37.884384
1596707691679	1596707691677	-9.223	-2.117	0.575	-1.960	0.124	1.944	127.738152	37.884384
1596707691700	1596707691698	-9.249	-2.385	0.402	-1.549	0.117	2.380	127.738152	37.884384
1596707691718	1596707691715	-9.783	-2.223	-0.032	-1.259	0.232	2.728	127.738152	37.884384
1596707691739	1596707691737	-10.828	-1.918	0.021	-1.221	0.572	2.922	127.738152	37.884384
1596707691757	1596707691757	-12.014	-2.086	0.426	-1.326	0.805	3.089	127.738152	37.884384
1596707691776	1596707691777	-12.313	-2.553	0.591	-1.414	0.716	3.071	127.738152	37.884384
1596707691797	1596707691797	-12.526	-3.238	-0.182	-1.331	0.524	2.859	127.738152	37.884384
1596707691816	1596707691816	-15.061	-4.120	-0.039	-0.950	0.905	2.553	127.738152	37.884384
1596707691838	1596707691837	-15.669	-4.522	2.144	-0.236	0.935	1.843	127.738152	37.884384
1596707691855	1596707691855	-12.311	-5.047	1.257	0.703	-0.329	1.309	127.738152	37.884384
1596707691878	1596707691873	-12.009	-4.882	0.131	1.683	-0.347	0.601	127.738152	37.884384
1596707691895	1596707691892	-13.118	-3.413	0.268	2.517	-0.130	-0.260	127.738152	37.884384
1596707691914	1596707691912	-12.794	-2.742	-0.803	3.095	-0.662	-0.981	127.738152	37.884384
1596707691934	1596707691931	-13.063	-1.942	-2.111	3.440	-0.928	-1.764	127.738152	37.884384
1596707691953	1596707691951	-14.625	-1.583	-2.259	3.741	-1.011	-2.481	127.738144	37.884377
1596707691975	1596707691975	-15.525	-0.342	-2.243	3.828	-1.432	-3.204	127.738144	37.884377
1596707692002	1596707692000	-15.324	0.736	-1.787	3.770	-1.882	-3.910	127.738144	37.884377
1596707692013	1596707692012	-14.972	0.956	-1.368	3.331	-2.238	-4.242	127.738144	37.884377
1596707692034	1596707692032	-14.548	0.925	-0.781	2.793	-2.382	-4.567	127.738144	37.884377
1596707692060	1596707692054	-13.999	0.664	-0.285	2.350	-2.404	-4.825	127.738144	37.884377
1596707692073	1596707692070	-13.731	0.171	0.067	2.091	-2.251	-4.830	127.738144	37.884377
1596707692093	1596707692091	-14.045	-0.821	-0.091	2.317	-1.970	-4.882	127.738144	37.884377
1596707692112	1596707692110	-13.724	-0.040	-0.305	2.820	-1.546	-5.046	127.738144	37.884377
1596707692131	1596707692128	-13.127	1.126	-0.702	2.821	-1.255	-4.533	127.738144	37.884377
1596707692151	1596707692151	-13.029	-0.088	-1.373	3.165	-1.658	-3.995	127.738144	37.884377
1596707692170	1596707692168	-12.279	-0.016	-2.482	3.498	-1.815	-3.300	127.738144	37.884377
1596707692191	1596707692191	-11.173	0.738	-1.641	3.409	-1.664	-2.681	127.738144	37.884377
1596707692210	1596707692210	-10.540	0.853	-1.644	3.281	-1.968	-2.147	127.738144	37.884377
1596707692230	1596707692230	-11.060	0.118	-2.403	2.846	-2.178	-1.504	127.738144	37.884377
1596707692253	1596707692253	-10.353	-0.524	-3.438	2.183	-2.083	-1.316	127.738144	37.884377
1596707692268	1596707692267	-8.507	0.966	-1.943	2.036	-1.810	-1.360	127.738144	37.884377
1596707692290	1596707692289	-7.671	3.582	-1.783	0.755	-1.975	-0.511	127.738144	37.884377
1596707692307	1596707692306	-7.826	2.185	-2.015	-1.323	-1.889	-0.216	127.738144	37.884377
1596707692327	1596707692326	-8.384	0.810	-2.164	-3.270	-0.887	-0.505	127.738144	37.884377
1596707692353	1596707692353	-9.640	0.755	-1.730	-4.285	-0.016	-0.084	127.738144	37.884377
1596707692367	1596707692367	-10.624	0.513	-0.978	-4.955	0.377	0.429	127.738144	37.884377
1596707692393	1596707692393	-10.291	-0.630	0.242	-5.699	0.635	0.627	127.738144	37.884377
1596707692414	1596707692414	-9.728	-2.587	1.526	-5.337	0.738	1.066	127.738144	37.884377
1596707692434	1596707692434	-9.838	-2.932	2.771	-4.351	1.109	1.978	127.738144	37.884377
1596707692446	1596707692446	-10.998	-2.754	3.083	-2.787	1.343	2.797	127.738144	37.884377
1596707692466	1596707692464	-12.529	-2.505	3.231	-1.343	1.659	3.239	127.738144	37.884377
1596707692487	1596707692487	-14.198	-1.006	3.904	-0.731	1.876	3.295	127.738144	37.884377
1596707692503	1596707692503	-14.864	0.424	4.333	-0.746	1.562	3.443	127.738144	37.884377
1596707692523	1596707692523	-13.908	1.026	4.283	-1.344	0.938	3.532	127.738144	37.884377
1596707692544	1596707692545	-12.241	1.399	3.430	-2.565	0.390	3.437	127.738144	37.884377
1596707692567	1596707692567	-11.257	1.392	1.609	-3.754	-0.029	3.496	127.738144	37.884377
1596707692588	1596707692585	-11.326	1.620	0.036	-5.242	-0.263	3.505	127.738144	37.884377
1596707692601	1596707692601	-11.534	-1.542	-0.166	-6.558	-0.736	2.877	127.738144	37.884377
1596707692628	1596707692624	-11.585	-3.497	-0.949	-7.347	-1.301	2.526	127.738144	37.884377
1596707692645	1596707692645	-11.966	-5.670	-1.572	-6.049	-1.612	2.592	127.738144	37.884377
1596707692668	1596707692664	-12.414	-4.711	-0.563	-3.826	-1.833	2.329	127.738144	37.884377
1596707692688	1596707692682	-13.070	-3.126	-0.173	-2.902	-1.885	2.064	127.738144	37.884377
1596707692706	1596707692706	-12.871	-3.480	-0.707	-2.630	-1.941	1.988	127.738144	37.884377
1596707692722	1596707692722	-12.390	-3.566	-0.549	-1.949	-1.872	2.190	127.738144	37.884377
1596707692742	1596707692740	-12.054	-2.814	-0.264	-1.480	-1.711	2.127	127.738144	37.884377
1596707692765	1596707692764	-11.666	-3.454	-0.384	-1.275	-1.605	2.094	127.738144	37.884377
1596707692788	1596707692788	-11.515	-3.475	-0.743	-1.211	-1.282	2.199	127.738144	37.884377
1596707692808	1596707692808	-11.448	-3.650	-0.669	-1.062	-0.940	1.988	127.738144	37.884377
1596707692827	1596707692827	-11.427	-3.473	-0.880	-1.163	-0.747	1.835	127.738144	37.884377
1596707692843	1596707692843	-12.172	-4.163	-1.931	-1.042	-0.522	1.520	127.738144	37.884377
1596707692862	1596707692859	-13.391	-4.165	-1.910	-0.739	0.005	1.015	127.738144	37.884377
1596707692879	1596707692878	-13.072	-3.722	-1.296	-0.102	-0.047	0.603	127.738144	37.884377
1596707692899	1596707692897	-10.871	-3.188	-1.083	0.580	-0.347	0.115	127.738144	37.884377
1596707692919	1596707692916	-8.832	-3.576	-0.590	1.537	-0.188	-0.311	127.738144	37.884377
1596707692941	1596707692936	-8.557	-2.551	-0.542	1.892	0.311	-0.678	127.738144	37.884377
1596707692958	1596707692958	-9.896	-1.861	-0.669	1.661	0.599	-1.147	127.738136	37.884373
1596707692979	1596707692979	-11.039	-3.466	-1.064	1.744	0.584	-1.498	127.738136	37.884373
1596707692996	1596707692996	-12.164	-3.289	-1.349	2.191	0.748	-1.740	127.738136	37.884373
1596707693016	1596707693014	-13.575	-2.191	-1.229	2.854	1.056	-1.923	127.738136	37.884373
1596707693042	1596707693037	-14.126	-1.796	-0.750	3.399	1.065	-2.029	127.738136	37.884373
1596707693054	1596707693053	-13.659	-2.100	-0.259	3.736	0.782	-2.152	127.738136	37.884373
1596707693078	1596707693076	-12.469	-1.763	-0.273	4.074	0.550	-2.560	127.738136	37.884373
1596707693094	1596707693093	-11.666	-0.833	-0.168	4.343	0.468	-2.860	127.738136	37.884373
1596707693115	1596707693112	-11.218	-0.836	-0.206	4.364	0.411	-3.214	127.738136	37.884373
1596707693132	1596707693132	-11.678	-1.516	-0.297	4.404	0.393	-3.508	127.738136	37.884373
1596707693153	1596707693151	-12.049	-0.819	-0.618	4.608	0.333	-3.766	127.738136	37.884373
1596707693173	1596707693171	-12.890	-0.601	-0.760	4.623	0.230	-3.748	127.738136	37.884373
1596707693201	1596707693201	-13.693	-0.620	-0.983	4.559	0.087	-3.872	127.738136	37.884373
1596707693230	1596707693230	-13.714	-0.249	-0.499	4.665	-0.131	-3.903	127.738136	37.884373
1596707693232	1596707693231	-12.794	0.784	-0.446	4.830	-0.611	-3.575	127.738136	37.884373
1596707693254	1596707693254	-12.651	0.966	0.428	4.750	-0.833	-3.203	127.738136	37.884373
1596707693276	1596707693276	-11.887	1.292	0.122	4.335	-1.421	-2.616	127.738136	37.884373
1596707693291	1596707693289	-10.967	1.241	-0.571	3.692	-1.906	-2.442	127.738136	37.884373
1596707693311	1596707693309	-10.078	2.037	-0.757	2.598	-1.886	-2.519	127.738136	37.884373
1596707693330	1596707693328	-9.762	1.438	-0.726	1.549	-1.666	-1.989	127.738136	37.884373
1596707693350	1596707693347	-9.755	0.963	-0.477	0.818	-1.564	-1.465	127.738136	37.884373
1596707693369	1596707693368	-8.978	1.682	-0.261	-0.055	-1.405	-1.249	127.738136	37.884373
1596707693389	1596707693389	-8.030	1.110	-0.022	-0.906	-1.158	-0.778	127.738136	37.884373
1596707693409	1596707693410	-7.618	1.673	0.100	-1.829	-1.038	-0.346	127.738136	37.884373
1596707693429	1596707693429	-7.675	1.359	-0.194	-3.014	-0.750	0.116	127.738136	37.884373
1596707693448	1596707693448	-7.759	0.180	-0.451	-3.836	-0.313	0.641	127.738136	37.884373
1596707693469	1596707693469	-8.736	0.199	-1.335	-4.507	0.095	1.291	127.738136	37.884373
1596707693488	1596707693487	-10.456	-0.404	-0.719	-4.792	0.809	2.049	127.738136	37.884373
1596707693510	1596707693510	-11.930	-1.482	0.673	-4.750	1.022	2.733	127.738136	37.884373
1596707693527	1596707693524	-12.682	-2.465	1.533	-4.396	0.643	3.461	127.738136	37.884373
1596707693546	1596707693545	-12.962	-2.929	1.193	-3.715	0.435	4.041	127.738136	37.884373
1596707693566	1596707693564	-13.499	-2.275	0.917	-2.928	0.829	4.286	127.738136	37.884373
1596707693587	1596707693584	-15.281	-2.237	1.451	-2.155	1.129	4.611	127.738136	37.884373
1596707693606	1596707693606	-17.248	-3.099	2.060	-1.354	1.093	4.728	127.738136	37.884373
1596707693627	1596707693627	-17.502	-3.056	1.799	-0.532	0.781	4.430	127.738136	37.884373
1596707693645	1596707693646	-15.295	-1.696	1.966	0.146	0.193	4.168	127.738136	37.884373
1596707693666	1596707693664	-12.670	-1.887	1.262	0.469	0.024	3.794	127.738136	37.884373
1596707693691	1596707693683	-10.559	-0.203	0.632	0.380	-0.428	3.042	127.738136	37.884373
1596707693709	1596707693705	-9.266	0.645	0.012	-0.738	-0.165	2.531	127.738136	37.884373
1596707693723	1596707693721	-9.594	-0.241	0.814	-1.888	0.286	2.112	127.738136	37.884373
1596707693744	1596707693741	-10.171	-1.485	0.919	-2.059	0.172	1.988	127.738136	37.884373
1596707693763	1596707693761	-10.595	-1.173	0.905	-2.462	-0.040	1.589	127.738136	37.884373
1596707693782	1596707693782	-10.341	-1.260	0.771	-2.720	-0.332	1.418	127.738136	37.884373
1596707693803	1596707693803	-9.891	-1.844	0.397	-2.752	-0.535	1.314	127.738136	37.884373
1596707693823	1596707693823	-9.644	-2.285	0.352	-2.717	-0.601	1.232	127.738136	37.884373
1596707693844	1596707693844	-8.990	-2.901	0.385	-2.562	-0.698	1.262	127.738136	37.884373
1596707693866	1596707693866	-8.645	-3.193	0.160	-2.322	-0.715	1.306	127.738136	37.884373
1596707693884	1596707693880	-8.641	-3.461	0.086	-1.964	-0.594	1.370	127.738136	37.884373
1596707693903	1596707693900	-9.146	-3.370	-0.144	-1.308	-0.372	1.470	127.738136	37.884373
1596707693921	1596707693920	-9.994	-3.313	-0.120	-0.476	-0.027	1.588	127.738136	37.884373
1596707694048	1596707694048	-10.686	-2.898	0.064	0.155	0.109	1.649	127.738129	37.884369
1596707694048	1596707694048	-11.168	-2.632	-0.113	0.576	0.087	1.620	127.738129	37.884369
1596707694049	1596707694048	-12.756	-2.762	-0.391	0.975	0.214	1.331	127.738129	37.884369
1596707694049	1596707694049	-14.651	-2.898	0.340	1.377	0.780	0.991	127.738129	37.884369
1596707694049	1596707694049	-15.482	-2.759	0.512	1.969	0.469	0.672	127.738129	37.884369
1596707694049	1596707694049	-13.762	-2.726	0.404	2.517	-0.151	0.299	127.738129	37.884369
1596707694061	1596707694061	-11.927	-4.218	0.481	3.173	-0.363	-0.125	127.738129	37.884369
1596707694085	1596707694078	-11.120	-3.502	-0.748	3.921	-0.537	-0.654	127.738129	37.884369
1596707694101	1596707694098	-12.493	-2.505	-1.373	4.441	-0.477	-1.247	127.738129	37.884369
1596707694121	1596707694118	-14.301	-1.348	-1.816	4.595	-0.730	-1.848	127.738129	37.884369
1596707694136	1596707694133	-15.336	-0.241	-2.089	4.524	-1.173	-2.248	127.738129	37.884369
1596707694158	1596707694155	-15.923	0.228	-1.692	4.273	-1.730	-2.750	127.738129	37.884369
1596707694174	1596707694172	-15.279	0.757	-2.029	3.807	-2.456	-3.320	127.738129	37.884369
1596707694197	1596707694192	-14.395	0.995	-2.202	3.287	-2.780	-3.872	127.738129	37.884369
1596707694213	1596707694212	-14.296	1.119	-2.185	2.891	-2.609	-4.367	127.738129	37.884369
1596707694234	1596707694231	-14.373	1.553	-1.615	2.463	-2.308	-4.608	127.738129	37.884369
1596707694252	1596707694251	-14.689	1.165	-0.951	1.860	-2.320	-4.771	127.738129	37.884369
1596707694272	1596707694271	-14.313	0.721	-0.865	1.942	-2.477	-4.971	127.738129	37.884369
1596707694295	1596707694290	-13.254	1.189	-1.404	1.971	-2.315	-4.696	127.738129	37.884369
1596707694312	1596707694310	-12.943	0.755	-1.109	1.984	-2.016	-4.467	127.738129	37.884369
1596707694332	1596707694331	-12.179	0.784	-1.646	1.839	-2.124	-4.217	127.738129	37.884369
1596707694352	1596707694352	-11.041	0.559	-0.606	1.475	-1.910	-3.624	127.738129	37.884369
1596707694372	1596707694372	-10.564	0.494	0.424	1.043	-1.834	-3.552	127.738129	37.884369
1596707694399	1596707694399	-10.020	0.434	-1.380	0.723	-1.725	-3.639	127.738129	37.884369
1596707694419	1596707694419	-9.589	0.056	-1.960	1.012	-1.474	-3.027	127.738129	37.884369
1596707694439	1596707694439	-9.733	-0.062	-2.485	1.267	-1.354	-2.366	127.738129	37.884369
1596707694460	1596707694460	-9.161	1.361	-1.843	1.190	-0.971	-2.061	127.738129	37.884369
1596707694472	1596707694472	-8.473	2.209	-1.165	0.722	-0.867	-1.204	127.738129	37.884369
1596707694501	1596707694501	-8.267	1.773	-0.832	-0.343	-0.462	-0.425	127.738129	37.884369
1596707694515	1596707694509	-7.927	1.383	-0.559	-1.208	-0.091	0.073	127.738129	37.884369
1596707694530	1596707694529	-8.015	1.169	-1.138	-1.828	0.204	0.650	127.738129	37.884369
1596707694549	1596707694548	-8.554	0.441	-0.654	-2.272	0.844	1.266	127.738129	37.884369
1596707694569	1596707694568	-8.907	-0.141	-0.336	-2.426	1.087	1.539	127.738129	37.884369
1596707694590	1596707694587	-10.083	-0.206	-0.369	-2.218	1.422	2.158	127.738129	37.884369
1596707694613	1596707694613	-12.121	-0.136	-0.235	-2.077	1.892	2.818	127.738129	37.884369
1596707694634	1596707694634	-14.742	-0.433	0.352	-1.977	2.289	3.302	127.738129	37.884369
1596707694649	1596707694648	-17.346	-0.910	1.018	-1.695	2.371	3.772	127.738129	37.884369
1596707694668	1596707694666	-18.462	-1.329	1.619	-1.491	1.930	4.097	127.738129	37.884369
1596707694687	1596707694685	-16.800	-1.250	0.632	-1.624	1.038	4.075	127.738129	37.884369
1596707694709	1596707694708	-14.572	-0.522	-0.142	-2.044	0.748	4.087	127.738129	37.884369
1596707694728	1596707694726	-13.523	-0.680	-0.530	-2.611	0.744	4.292	127.738129	37.884369
1596707694745	1596707694745	-12.476	-1.255	-0.712	-3.183	0.762	3.976	127.738129	37.884369
1596707694765	1596707694765	-11.431	-0.668	-0.525	-3.639	0.507	3.623	127.738129	37.884369
1596707694785	1596707694785	-11.381	-0.654	0.002	-4.028	0.658	3.247	127.738129	37.884369
1596707694807	1596707694807	-12.464	-1.475	-0.084	-4.117	0.829	2.825	127.738129	37.884369
1596707694827	1596707694827	-12.943	-2.711	-0.393	-4.023	0.670	2.645	127.738129	37.884369
1596707694847	1596707694847	-12.797	-2.831	-0.697	-3.669	0.409	2.596	127.738129	37.884369
1596707694865	1596707694865	-12.622	-2.172	-0.889	-3.307	0.217	2.500	127.738129	37.884369
1596707694885	1596707694885	-12.267	-2.503	-1.040	-2.963	0.023	2.415	127.738129	37.884369
1596707694904	1596707694904	-12.030	-2.790	-1.143	-2.518	-0.063	2.494	127.738129	37.884369
1596707694924	1596707694923	-12.105	-2.704	-1.105	-1.968	-0.009	2.426	127.738129	37.884369
1596707694951	1596707694951	-12.438	-2.730	-0.834	-1.530	0.144	2.395	127.738129	37.884369
1596707694973	1596707694973	-12.531	-2.738	-0.499	-1.167	0.162	2.387	127.738129	37.884365
1596707694986	1596707694981	-11.999	-2.476	-0.403	-1.059	0.107	2.249	127.738129	37.884365
1596707695004	1596707695002	-12.969	-2.764	-0.638	-1.116	0.313	2.192	127.738129	37.884365
1596707695022	1596707695022	-14.955	-3.509	0.115	-0.899	0.660	2.187	127.738129	37.884365
1596707695043	1596707695042	-13.638	-3.389	0.527	-0.488	0.209	1.699	127.738129	37.884365
1596707695061	1596707695061	-12.006	-4.458	-0.101	-0.090	-0.133	1.244	127.738129	37.884365
1596707695088	1596707695088	-12.119	-4.374	-0.123	0.541	-0.065	0.777	127.738129	37.884365
1596707695100	1596707695100	-11.400	-3.607	0.179	1.268	-0.157	0.277	127.738129	37.884365
1596707695126	1596707695123	-10.483	-3.370	-0.010	1.845	-0.324	-0.275	127.738129	37.884365
1596707695145	1596707695142	-10.478	-3.207	-0.599	2.484	-0.418	-0.856	127.738129	37.884365
1596707695163	1596707695160	-11.168	-2.740	-1.045	3.040	-0.506	-1.400	127.738129	37.884365
1596707695180	1596707695179	-11.810	-1.981	-1.198	3.327	-0.665	-1.904	127.738129	37.884365
1596707695201	1596707695198	-12.600	-1.341	-0.853	3.441	-0.890	-2.392	127.738129	37.884365
1596707695220	1596707695220	-13.171	-0.895	-0.676	3.489	-1.241	-2.916	127.738129	37.884365
1596707695249	1596707695249	-13.187	-0.167	-0.707	3.667	-1.655	-3.410	127.738129	37.884365
1596707695259	1596707695260	-12.886	0.305	-0.817	3.611	-2.017	-3.894	127.738129	37.884365
1596707695278	1596707695278	-12.665	0.482	-1.181	3.400	-2.196	-4.320	127.738129	37.884365
1596707695300	1596707695299	-12.989	0.729	-1.148	3.177	-2.046	-4.612	127.738129	37.884365
1596707695321	1596707695321	-14.090	0.791	-1.081	2.969	-1.849	-4.672	127.738129	37.884365
1596707695337	1596707695335	-14.931	0.523	-0.523	2.703	-1.843	-4.670	127.738129	37.884365
1596707695358	1596707695355	-15.413	0.257	-0.820	2.612	-1.834	-4.655	127.738129	37.884365
1596707695376	1596707695374	-14.689	1.550	-0.678	2.789	-1.818	-4.065	127.738129	37.884365
1596707695395	1596707695393	-14.107	0.805	-0.376	2.941	-2.188	-3.191	127.738129	37.884365
1596707695414	1596707695415	-13.264	0.221	-0.527	2.718	-2.521	-3.275	127.738129	37.884365
1596707695436	1596707695435	-12.459	0.741	-1.232	2.004	-2.751	-3.290	127.738129	37.884365
1596707695455	1596707695455	-11.618	1.629	-1.828	0.781	-2.707	-2.803	127.738129	37.884365
1596707695474	1596707695474	-10.782	1.217	-1.577	-0.081	-2.341	-2.211	127.738129	37.884365
1596707695494	1596707695494	-10.512	0.906	-1.246	-0.804	-2.059	-1.751	127.738129	37.884365
1596707695513	1596707695511	-10.806	1.102	-1.742	-1.540	-1.909	-1.605	127.738129	37.884365
1596707695534	1596707695533	-10.995	0.681	-1.217	-2.121	-1.371	-1.190	127.738129	37.884365
1596707695552	1596707695550	-10.023	0.808	-1.572	-2.604	-1.328	-0.778	127.738129	37.884365
1596707695574	1596707695571	-9.527	0.872	-1.847	-3.112	-1.016	-0.294	127.738129	37.884365
1596707695593	1596707695590	-8.873	0.264	-0.647	-3.696	-0.542	0.223	127.738129	37.884365
1596707695611	1596707695610	-7.481	-1.250	0.409	-3.622	-0.429	0.571	127.738129	37.884365
1596707695633	1596707695631	-6.808	-1.870	1.348	-3.215	0.062	1.046	127.738129	37.884365
1596707695652	1596707695652	-7.788	-1.751	1.653	-2.360	0.842	1.702	127.738129	37.884365
1596707695671	1596707695671	-9.618	-1.427	1.633	-1.286	1.273	2.085	127.738129	37.884365
1596707695692	1596707695692	-11.537	-1.281	1.423	-0.502	1.677	2.651	127.738129	37.884365
1596707695711	1596707695711	-13.460	-1.339	1.566	0.136	2.093	3.040	127.738129	37.884365
1596707695735	1596707695729	-15.099	-1.137	1.842	0.662	1.956	3.361	127.738129	37.884365
1596707695753	1596707695753	-14.816	-0.915	1.641	0.857	1.349	3.445	127.738129	37.884365
1596707695769	1596707695767	-12.773	0.321	1.207	0.235	0.725	3.217	127.738129	37.884365
1596707695789	1596707695787	-10.782	0.870	0.198	-0.801	0.312	3.336	127.738129	37.884365
1596707695808	1596707695806	-10.006	-0.347	0.012	-1.621	0.402	3.515	127.738129	37.884365
1596707695828	1596707695828	-9.723	-0.146	0.297	-2.073	0.494	3.254	127.738129	37.884365
1596707695848	1596707695848	-10.476	-0.265	0.908	-2.388	0.734	3.205	127.738129	37.884365
1596707695868	1596707695868	-12.121	-1.518	1.147	-2.711	0.980	3.211	127.738129	37.884365
1596707695888	1596707695888	-13.623	-1.890	0.764	-2.775	0.889	3.133	127.738129	37.884365
1596707695907	1596707695908	-14.505	-2.292	0.316	-2.699	0.603	3.354	127.738129	37.884365
1596707695927	1596707695927	-14.548	-2.098	-0.115	-2.754	0.165	3.512	127.738129	37.884365
1596707695955	1596707695953	-13.767	-1.949	-0.408	-2.790	-0.159	3.537	127.738121	37.884357
1596707695973	1596707695971	-13.415	-2.541	-0.491	-2.621	-0.125	3.589	127.738121	37.884357
1596707695985	1596707695985	-13.961	-3.248	-0.214	-2.269	0.203	3.592	127.738121	37.884357
1596707696005	1596707696003	-14.598	-3.542	0.570	-1.789	0.406	3.383	127.738121	37.884357
1596707696025	1596707696023	-14.148	-3.308	0.989	-1.329	0.094	3.065	127.738121	37.884357
1596707696044	1596707696042	-13.539	-3.490	0.124	-1.037	-0.287	2.902	127.738121	37.884357
1596707696065	1596707696065	-13.987	-4.208	-0.297	-0.630	0.240	2.357	127.738121	37.884357
1596707696085	1596707696082	-14.026	-4.343	0.416	-0.218	0.460	1.704	127.738121	37.884357
1596707696103	1596707696103	-12.275	-3.768	0.347	0.065	-0.048	1.158	127.738121	37.884357
1596707696126	1596707696126	-9.606	-3.535	0.407	0.466	-0.457	0.406	127.738121	37.884357
1596707696145	1596707696144	-7.436	-2.402	0.323	0.711	-0.632	-0.447	127.738121	37.884357
1596707696170	1596707696164	-7.618	-1.700	0.227	0.877	-0.274	-1.233	127.738121	37.884357
1596707696183	1596707696180	-9.824	-1.676	-0.089	0.930	-0.002	-1.918	127.738121	37.884357
1596707696206	1596707696204	-11.213	-2.263	-0.453	1.162	-0.104	-2.347	127.738121	37.884357
1596707696223	1596707696220	-12.131	-2.072	-0.669	1.537	-0.312	-2.654	127.738121	37.884357
1596707696244	1596707696241	-12.735	-2.201	-0.594	2.051	-0.486	-2.766	127.738121	37.884357
1596707696262	1596707696261	-13.355	-1.878	-0.137	2.567	-0.692	-2.810	127.738121	37.884357
1596707696282	1596707696282	-13.271	-1.319	-0.142	2.795	-1.173	-3.028	127.738121	37.884357
1596707696302	1596707696302	-12.179	-0.670	-0.111	2.757	-1.386	-3.304	127.738121	37.884357
1596707696324	1596707696324	-11.889	-0.771	0.213	2.736	-1.327	-3.408	127.738121	37.884357
1596707696343	1596707696343	-12.155	-0.376	-0.060	2.667	-1.223	-3.486	127.738121	37.884357
1596707696361	1596707696359	-12.560	0.362	0.155	2.409	-0.642	-3.629	127.738121	37.884357
1596707696392	1596707696388	-13.441	-0.071	-0.060	2.207	-0.682	-3.487	127.738121	37.884357
1596707696415	1596707696412	-13.575	-0.107	-0.745	1.848	-0.844	-3.329	127.738121	37.884357
1596707696424	1596707696422	-13.192	0.125	-0.978	1.577	-0.768	-3.390	127.738121	37.884357
1596707696440	1596707696440	-12.759	0.154	-1.045	1.544	-0.870	-3.257	127.738121	37.884357
1596707696458	1596707696458	-12.188	0.015	-1.586	1.470	-1.166	-2.942	127.738121	37.884357
1596707696478	1596707696478	-11.051	0.123	-1.821	1.561	-1.257	-2.793	127.738121	37.884357
1596707696499	1596707696498	-10.883	0.458	-1.395	1.781	-1.057	-2.519	127.738121	37.884357
1596707696529	1596707696528	-10.701	1.153	-1.189	1.724	-1.183	-2.175	127.738121	37.884357
1596707696542	1596707696535	-9.908	1.246	-1.840	1.454	-1.592	-1.894	127.738121	37.884357
1596707696556	1596707696554	-9.664	1.294	-1.907	1.029	-1.424	-1.739	127.738121	37.884357
1596707696577	1596707696573	-9.465	1.457	-1.514	0.502	-1.204	-1.352	127.738121	37.884357
1596707696595	1596707696593	-9.417	0.626	-2.140	-0.085	-1.039	-0.860	127.738121	37.884357
1596707696613	1596707696613	-10.468	0.017	-1.442	-0.306	-0.391	-0.549	127.738121	37.884357
1596707696635	1596707696632	-11.573	0.983	-0.626	-0.919	-0.084	-0.431	127.738121	37.884357
1596707696655	1596707696655	-11.599	0.537	0.100	-1.801	-0.032	-0.299	127.738121	37.884357
1596707696676	1596707696676	-10.543	-0.476	1.025	-2.261	-0.049	-0.122	127.738121	37.884357
1596707696695	1596707696695	-9.072	-1.125	1.609	-2.026	0.031	0.227	127.738121	37.884357
1596707696715	1596707696715	-8.432	-0.845	2.223	-1.335	0.548	0.603	127.738121	37.884357
1596707696735	1596707696733	-9.204	-0.524	2.381	-0.660	1.184	1.043	127.738121	37.884357
1596707696753	1596707696752	-11.079	-0.764	2.268	-0.090	1.549	1.513	127.738121	37.884357
1596707696776	1596707696776	-12.751	-0.709	2.208	0.317	1.633	1.959	127.738121	37.884357
1596707696792	1596707696790	-13.798	-0.459	2.280	0.593	1.523	2.338	127.738121	37.884357
1596707696812	1596707696809	-13.987	-0.019	2.721	0.663	1.242	2.496	127.738121	37.884357
1596707696831	1596707696829	-12.718	0.805	2.829	0.217	0.698	2.520	127.738121	37.884357
1596707696852	1596707696852	-10.919	0.920	2.443	-0.488	0.297	2.616	127.738121	37.884357
1596707696871	1596707696871	-9.563	0.939	2.048	-1.240	0.284	2.586	127.738121	37.884357
1596707696891	1596707696892	-8.897	0.961	1.990	-2.011	0.406	2.399	127.738121	37.884357
1596707696911	1596707696911	-8.727	0.630	1.710	-2.796	0.504	2.284	127.738121	37.884357
1596707696930	1596707696929	-9.237	-0.301	1.722	-3.246	0.645	2.358	127.738121	37.884357
1596707696955	1596707696952	-10.164	-1.078	1.367	-3.631	0.706	2.707	127.738121	37.884357
1596707696973	1596707696968	-11.005	-2.117	0.457	-3.709	0.575	2.915	127.738121	37.884357
1596707696988	1596707696988	-11.494	-2.335	0.105	-3.612	0.326	3.191	127.738121	37.884346
1596707697016	1596707697011	-11.808	-2.716	0.292	-3.421	0.068	3.490	127.738121	37.884346
1596707697029	1596707697026	-11.927	-3.820	0.110	-3.023	-0.139	3.605	127.738121	37.884346
1596707697048	1596707697045	-12.267	-4.513	-0.065	-2.348	-0.244	3.663	127.738121	37.884346
1596707697068	1596707697065	-12.838	-4.597	0.019	-1.482	-0.067	3.529	127.738121	37.884346
1596707697088	1596707697085	-13.508	-5.080	0.627	-0.643	0.170	3.250	127.738121	37.884346
1596707697107	1596707697107	-12.981	-5.109	1.094	-0.041	0.051	2.744	127.738121	37.884346
1596707697128	1596707697128	-11.235	-3.804	0.958	0.174	-0.195	2.167	127.738121	37.884346
1596707697147	1596707697146	-10.756	-2.965	0.627	0.216	0.023	1.473	127.738121	37.884346
1596707697173	1596707697166	-13.494	-2.120	-0.137	0.293	0.947	0.635	127.738121	37.884346
1596707697185	1596707697185	-16.141	-1.887	1.205	0.650	1.234	-0.076	127.738121	37.884346
1596707697206	1596707697203	-14.680	-2.124	0.836	0.865	0.037	-0.582	127.738121	37.884346
1596707697225	1596707697222	-13.060	-3.468	-0.022	1.272	-0.386	-0.785	127.738121	37.884346
1596707697245	1596707697242	-13.072	-3.392	0.632	1.962	-0.203	-0.894	127.738121	37.884346
1596707697266	1596707697266	-12.112	-3.025	0.457	2.189	-0.624	-1.039	127.738121	37.884346
1596707697284	1596707697284	-11.633	-2.920	-0.429	2.175	-0.904	-1.341	127.738121	37.884346
1596707697303	1596707697304	-12.351	-2.972	-0.556	2.413	-0.978	-1.664	127.738121	37.884346
1596707697323	1596707697323	-13.355	-1.842	-0.592	2.938	-1.204	-1.988	127.738121	37.884346
1596707697346	1596707697345	-13.238	-0.922	-0.681	3.333	-1.611	-2.369	127.738121	37.884346
1596707697374	1596707697366	-11.982	-0.014	-0.475	3.488	-1.917	-2.847	127.738121	37.884346
1596707697382	1596707697380	-11.357	0.130	-0.858	3.125	-1.903	-3.404	127.738121	37.884346
1596707697401	1596707697400	-11.350	0.168	-1.062	3.058	-1.839	-3.936	127.738121	37.884346
1596707697421	1596707697419	-11.697	1.210	-1.107	2.943	-1.817	-4.110	127.738121	37.884346
1596707697442	1596707697440	-12.021	2.590	-1.212	1.919	-1.503	-4.098	127.738121	37.884346
1596707697462	1596707697462	-12.363	-0.931	-1.141	1.473	-1.038	-3.999	127.738121	37.884346
1596707697482	1596707697482	-14.119	-1.255	-0.697	1.540	-0.907	-4.257	127.738121	37.884346
1596707697502	1596707697502	-13.817	1.203	-0.913	2.026	-1.099	-4.145	127.738121	37.884346
1596707697522	1596707697522	-12.775	1.227	-0.582	1.920	-1.319	-3.409	127.738121	37.884346
1596707697543	1596707697543	-12.227	0.194	-0.645	1.479	-1.637	-3.372	127.738121	37.884346
1596707697565	1596707697565	-12.373	0.822	-0.906	1.004	-1.527	-3.440	127.738121	37.884346
1596707697584	1596707697580	-12.490	1.584	-1.112	0.124	-1.508	-2.877	127.738121	37.884346
1596707697599	1596707697599	-10.737	2.094	-1.490	-0.911	-1.937	-2.821	127.738121	37.884346
1596707697624	1596707697620	-7.884	2.556	-1.581	-2.024	-2.237	-2.639	127.738121	37.884346
1596707697640	1596707697635	-5.709	2.056	-1.306	-2.908	-1.828	-1.992	127.738121	37.884346
1596707697664	1596707697660	-5.100	0.678	-0.882	-3.182	-0.830	-1.522	127.738121	37.884346
1596707697678	1596707697676	-6.820	0.417	-0.393	-2.809	0.421	-0.946	127.738121	37.884346
1596707697699	1596707697697	-9.630	0.640	0.472	-2.255	1.192	-0.134	127.738121	37.884346
1596707697717	1596707697717	-11.118	0.480	0.119	-1.627	1.027	0.507	127.738121	37.884346
1596707697739	1596707697737	-11.779	-0.443	0.036	-1.027	0.792	1.134	127.738121	37.884346
1596707697754	1596707697754	-11.779	-1.403	0.826	-0.388	0.678	1.845	127.738121	37.884346
1596707697777	1596707697777	-11.235	-1.600	1.336	0.302	0.582	2.533	127.738121	37.884346
1596707697799	1596707697793	-11.098	-0.895	1.614	0.808	0.776	2.957	127.738121	37.884346
1596707697813	1596707697812	-12.332	-0.210	1.447	0.825	1.246	3.335	127.738121	37.884346
1596707697834	1596707697832	-14.778	-0.028	1.789	0.466	1.807	3.615	127.738121	37.884346
1596707697852	1596707697852	-16.536	-0.014	1.403	-0.054	1.668	3.647	127.738121	37.884346
1596707697873	1596707697873	-16.060	-0.519	0.824	-0.693	1.060	3.608	127.738121	37.884346
1596707697893	1596707697893	-14.158	-0.893	-0.142	-1.180	0.568	3.422	127.738121	37.884346
1596707697914	1596707697914	-12.706	-1.255	-0.168	-1.209	0.269	3.308	127.738121	37.884346
1596707697948	1596707697948	-11.434	-1.113	-0.391	-1.527	0.023	3.108	127.738113	37.884338
1596707697952	1596707697951	-10.464	-1.042	-0.602	-1.654	0.087	2.980	127.738113	37.884338
1596707697973	1596707697973	-10.382	-1.188	-0.202	-1.930	0.355	2.830	127.738113	37.884338
1596707697999	1596707697998	-11.271	-1.291	0.254	-2.132	0.713	2.615	127.738113	37.884338
1596707698012	1596707698012	-12.414	-1.779	0.601	-2.230	0.781	2.674	127.738113	37.884338
1596707698032	1596707698030	-12.840	-2.005	0.436	-2.320	0.530	2.734	127.738113	37.884338
1596707698051	1596707698048	-12.301	-2.064	0.074	-2.384	0.212	2.768	127.738113	37.884338
1596707698071	1596707698069	-11.431	-2.285	-0.453	-2.520	0.001	2.888	127.738113	37.884338
1596707698092	1596707698090	-10.612	-2.563	-0.654	-2.368	-0.118	2.955	127.738113	37.884338
1596707698111	1596707698111	-10.159	-2.934	-0.949	-1.999	-0.099	3.032	127.738113	37.884338
1596707698130	1596707698130	-10.361	-3.607	-0.990	-1.496	0.115	2.962	127.738113	37.884338
1596707698150	1596707698151	-11.233	-3.938	-0.729	-0.788	0.438	2.820	127.738113	37.884338
1596707698169	1596707698169	-12.349	-3.986	-0.585	0.054	0.591	2.728	127.738113	37.884338
1596707698190	1596707698190	-14.632	-4.448	-0.896	0.734	0.711	2.477	127.738113	37.884338
1596707698208	1596707698208	-16.917	-4.494	-0.324	1.127	1.197	1.877	127.738113	37.884338
1596707698229	1596707698226	-15.925	-4.467	0.721	1.359	0.550	1.459	127.738113	37.884338
1596707698248	1596707698246	-11.307	-4.050	0.781	1.490	-0.571	0.827	127.738113	37.884338
1596707698266	1596707698265	-8.437	-2.821	0.529	1.548	-0.837	-0.315	127.738113	37.884338
1596707698287	1596707698287	-8.931	-0.608	0.045	1.437	-0.305	-1.516	127.738113	37.884338
1596707698306	1596707698306	-11.994	0.135	-0.161	1.108	0.080	-2.401	127.738113	37.884338
1596707698326	1596707698326	-13.439	-1.399	-0.987	0.957	-0.266	-2.970	127.738113	37.884338
1596707698346	1596707698346	-14.342	-1.978	-1.613	1.190	-0.490	-3.425	127.738113	37.884338
1596707698372	1596707698372	-15.473	-1.643	-1.502	1.704	-0.494	-3.721	127.738113	37.884338
1596707698388	1596707698388	-16.055	-2.326	-1.129	2.465	-0.782	-3.604	127.738113	37.884338
1596707698405	1596707698404	-15.310	-0.905	-0.856	3.076	-1.234	-3.625	127.738113	37.884338
1596707698424	1596707698422	-14.146	-1.061	-0.635	3.968	-1.851	-3.629	127.738113	37.884338
1596707698444	1596707698442	-12.598	0.302	-1.490	4.301	-2.208	-3.767	127.738113	37.884338
1596707698463	1596707698462	-11.139	0.331	-1.435	5.514	-2.104	-4.014	127.738113	37.884338
1596707698483	1596707698481	-11.065	3.100	-0.391	5.510	-1.860	-3.294	127.738113	37.884338
1596707698509	1596707698509	-11.824	1.584	0.225	4.109	-2.142	-2.766	127.738113	37.884338
1596707698527	1596707698527	-12.730	-0.431	-0.039	2.542	-1.798	-3.088	127.738113	37.884338
1596707698556	1596707698556	-13.417	0.137	-1.184	1.953	-1.371	-3.326	127.738113	37.884338
1596707698564	1596707698564	-13.765	0.329	-2.652	2.189	-1.826	-2.882	127.738113	37.884338
1596707698589	1596707698583	-13.686	-0.848	-7.843	3.600	-1.956	-2.323	127.738113	37.884338
1596707698611	1596707698611	-12.874	-1.691	-5.524	6.838	-1.351	-1.729	127.738113	37.884338
1596707698629	1596707698624	-10.025	1.445	-3.603	7.517	-3.130	-0.727	127.738113	37.884338
1596707698644	1596707698640	-8.586	2.468	-3.179	4.643	-3.490	0.646	127.738113	37.884338
1596707698664	1596707698662	-8.473	2.739	-2.326	0.905	-2.018	0.019	127.738113	37.884338
1596707698681	1596707698680	-9.728	0.930	-1.672	-1.484	-1.369	0.075	127.738113	37.884338
1596707698705	1596707698705	-9.934	1.136	-1.316	-2.842	-1.235	0.012	127.738113	37.884338
1596707698730	1596707698731	-7.603	2.415	-1.335	-3.841	-1.418	-0.059	127.738113	37.884338
1596707698744	1596707698744	-7.994	1.613	-1.866	-5.354	-0.954	0.077	127.738113	37.884338
1596707698765	1596707698765	-8.729	0.345	-1.953	-6.443	0.056	0.008	127.738113	37.884338
1596707698787	1596707698787	-8.571	-0.304	-1.639	-7.017	0.576	0.161	127.738113	37.884338
1596707698809	1596707698809	-8.950	-0.733	-1.421	-7.278	1.201	0.422	127.738113	37.884338
1596707698819	1596707698817	-10.344	-1.140	-0.343	-7.103	1.765	0.658	127.738113	37.884338
1596707698844	1596707698836	-11.405	-2.388	0.414	-6.077	1.259	1.500	127.738113	37.884338
1596707698858	1596707698855	-11.546	-3.804	0.112	-4.645	0.677	2.731	127.738113	37.884338
1596707698877	1596707698875	-11.877	-4.149	0.050	-2.757	0.553	3.173	127.738113	37.884338
1596707698897	1596707698895	-13.293	-3.998	0.464	-0.900	0.878	3.556	127.738113	37.884338
1596707698919	1596707698919	-15.190	-2.266	0.419	0.025	1.242	3.896	127.738113	37.884338
1596707698937	1596707698933	-16.215	-1.197	1.185	0.068	1.180	3.907	127.738113	37.884338
1596707698957	1596707698957	-15.123	-0.040	1.411	-0.712	0.453	3.093	127.738113	37.884331
1596707698974	1596707698972	-12.648	-0.622	1.418	-1.522	-0.055	2.706	127.738113	37.884331
1596707698994	1596707698992	-10.631	-0.967	2.048	-1.873	-0.269	2.136	127.738113	37.884331
1596707699015	1596707699013	-9.228	-0.019	1.629	-2.040	-0.461	1.404	127.738113	37.884331
1596707699049	1596707699046	-8.974	0.080	1.315	-2.748	-0.002	1.422	127.738113	37.884331
1596707699054	1596707699053	-9.831	-1.123	0.555	-3.592	0.232	1.362	127.738113	37.884331
1596707699073	1596707699072	-10.593	-2.096	-0.412	-3.423	0.065	1.077	127.738113	37.884331
1596707699095	1596707699090	-11.041	-2.587	-0.760	-2.936	-0.328	1.188	127.738113	37.884331
1596707699116	1596707699114	-11.496	-2.455	-1.040	-2.814	-0.567	1.346	127.738113	37.884331
1596707699131	1596707699131	-12.059	-2.263	-1.119	-2.650	-0.743	1.527	127.738113	37.884331
1596707699151	1596707699151	-12.164	-2.263	-1.234	-2.543	-1.041	1.734	127.738113	37.884331
1596707699171	1596707699171	-11.956	-2.390	-1.361	-2.347	-1.186	2.087	127.738113	37.884331
1596707699193	1596707699193	-11.652	-2.831	-0.899	-1.954	-1.060	2.534	127.738113	37.884331
1596707699215	1596707699214	-11.927	-3.372	-0.254	-1.403	-0.808	3.025	127.738113	37.884331
1596707699233	1596707699231	-12.797	-3.852	0.170	-0.669	-0.596	3.451	127.738113	37.884331
1596707699256	1596707699253	-13.238	-3.763	0.759	-0.128	-0.301	3.554	127.738113	37.884331
1596707699269	1596707699267	-13.151	-3.454	0.824	0.001	-0.232	3.482	127.738113	37.884331
1596707699292	1596707699288	-13.353	-3.978	0.088	0.065	-0.121	3.226	127.738113	37.884331
1596707699320	1596707699319	-14.716	-4.867	-0.573	0.083	0.264	2.929	127.738113	37.884331
1596707699331	1596707699327	-14.165	-5.682	-0.798	0.569	-0.072	2.215	127.738113	37.884331
1596707699348	1596707699348	-10.456	-6.570	-1.018	1.478	-0.919	1.390	127.738113	37.884331
