1596707561690	1596707561685	-5.182	-4.311	0.215	-0.204	0.193	0.119	127.738495	37.885605
1596707561706	1596707561704	-6.257	-4.544	-0.372	-0.226	0.209	0.294	127.738495	37.885605
1596707561726	1596707561723	-7.057	-5.890	-1.229	-0.302	0.147	0.473	127.738495	37.885605
1596707561745	1596707561743	-7.888	-7.423	-2.032	-0.159	0.039	0.448	127.738495	37.885605
1596707561765	1596707561763	-9.192	-7.325	-1.447	-0.192	-0.100	0.453	127.738495	37.885605
1596707561784	1596707561782	-9.074	-6.875	-1.162	-0.337	-0.474	0.631	127.738495	37.885605
1596707561805	1596707561802	-8.322	-6.975	-1.006	-0.730	-0.618	0.657	127.738495	37.885605
1596707561824	1596707561822	-7.738	-6.760	-0.072	-1.319	-0.599	0.643	127.738495	37.885605
1596707561843	1596707561841	-7.706	-6.202	0.414	-1.957	-0.551	0.523	127.738495	37.885605
1596707561864	1596707561863	-7.843	-6.400	-0.479	-2.586	-0.299	0.247	127.738495	37.885605
1596707561888	1596707561881	-7.618	-8.295	-1.790	-2.857	-0.126	0.081	127.738495	37.885605
1596707561904	1596707561901	-7.668	-9.898	-2.475	-2.647	-0.034	0.086	127.738495	37.885605
1596707561923	1596707561921	-7.268	-10.739	-2.283	-1.916	0.080	0.072	127.738495	37.885605
1596707561943	1596707561941	-7.069	-9.783	-1.203	-0.798	0.211	0.011	127.738495	37.885605
1596707561968	1596707561967	-8.530	-8.904	0.673	0.593	0.206	0.201	127.738487	37.885593
1596707561989	1596707561987	-10.528	-7.581	2.244	1.517	0.076	0.246	127.738487	37.885593
1596707562003	1596707562001	-11.570	-5.739	3.490	1.609	-0.481	0.287	127.738487	37.885593
1596707562025	1596707562023	-11.295	-4.331	4.254	1.088	-1.466	0.538	127.738487	37.885593
1596707562041	1596707562040	-9.798	-4.455	3.459	0.181	-2.359	0.540	127.738487	37.885593
1596707562064	1596707562061	-8.272	-4.302	2.908	-0.979	-2.775	0.555	127.738487	37.885593
1596707562083	1596707562080	-7.160	-4.620	3.164	-1.975	-2.856	0.753	127.738487	37.885593
1596707562106	1596707562104	-6.930	-6.300	3.248	-2.701	-2.530	0.636	127.738487	37.885593
1596707562120	1596707562120	-7.136	-7.507	2.237	-2.801	-2.181	0.285	127.738487	37.885593
1596707562139	1596707562138	-7.170	-6.628	1.897	-2.022	-1.767	0.114	127.738487	37.885593
1596707562160	1596707562157	-6.418	-4.350	2.232	-1.337	-1.560	-0.013	127.738487	37.885593
1596707562179	1596707562176	-5.177	-2.041	0.711	-1.064	-1.388	-0.132	127.738487	37.885593
1596707562199	1596707562195	-4.415	-2.036	-0.463	-1.048	-1.123	0.097	127.738487	37.885593
1596707562218	1596707562215	-4.458	-2.884	-0.041	-1.110	-0.805	0.671	127.738487	37.885593
1596707562238	1596707562235	-4.930	-2.675	0.534	-1.027	-0.620	1.161	127.738487	37.885593
1596707562259	1596707562256	-5.869	-2.625	1.243	-0.696	-0.380	1.793	127.738487	37.885593
1596707562277	1596707562275	-7.244	-3.353	1.291	-0.116	-0.149	2.376	127.738487	37.885593
1596707562295	1596707562293	-8.660	-3.691	1.621	0.185	0.211	2.688	127.738487	37.885593
1596707562317	1596707562313	-10.488	-3.550	2.400	0.339	0.533	2.787	127.738487	37.885593
1596707562335	1596707562334	-11.932	-3.313	3.006	0.008	0.687	2.951	127.738487	37.885593
1596707562355	1596707562353	-12.735	-3.598	1.914	-0.840	0.672	2.662	127.738487	37.885593
1596707562374	1596707562373	-14.354	-3.150	0.646	-1.804	0.981	2.586	127.738487	37.885593
1596707562394	1596707562392	-16.670	-4.431	1.633	-2.148	1.245	2.713	127.738487	37.885593
1596707562414	1596707562412	-17.547	-5.919	1.485	-2.168	0.592	2.621	127.738487	37.885593
1596707562440	1596707562435	-16.884	-6.925	1.344	-1.708	0.054	2.365	127.738487	37.885593
1596707562460	1596707562452	-14.490	-7.375	0.876	-0.836	-0.567	2.166	127.738487	37.885593
1596707562476	1596707562474	-12.114	-6.240	-0.947	-0.308	-0.842	1.844	127.738487	37.885593
1596707562492	1596707562490	-11.731	-5.912	-0.839	0.405	-0.309	1.486	127.738487	37.885593
1596707562514	1596707562511	-12.090	-5.569	-0.209	1.236	-0.019	0.997	127.738487	37.885593
1596707562533	1596707562531	-11.903	-5.229	0.081	1.937	-0.145	0.615	127.738487	37.885593
1596707562555	1596707562551	-10.983	-4.812	0.234	2.326	-0.326	0.292	127.738487	37.885593
1596707562572	1596707562572	-9.977	-4.060	0.340	2.467	-0.549	0.006	127.738487	37.885593
1596707562593	1596707562593	-8.602	-3.380	0.440	2.415	-0.825	-0.273	127.738487	37.885593
1596707562612	1596707562611	-7.179	-2.903	0.404	2.131	-0.969	-0.554	127.738487	37.885593
1596707562632	1596707562632	-6.298	-2.493	0.759	1.688	-0.805	-0.840	127.738487	37.885593
1596707562656	1596707562650	-6.152	-2.544	1.688	1.368	-0.517	-1.084	127.738487	37.885593
1596707562670	1596707562668	-6.619	-2.841	1.573	1.233	-0.432	-1.270	127.738487	37.885593
1596707562691	1596707562688	-7.476	-2.467	1.006	1.063	-0.350	-1.444	127.738487	37.885593
1596707562710	1596707562707	-8.435	-2.263	0.982	0.876	-0.351	-1.504	127.738487	37.885593
1596707562729	1596707562727	-9.000	-2.254	0.630	0.691	-0.571	-1.496	127.738487	37.885593
1596707562750	1596707562748	-9.369	-2.105	0.299	0.483	-0.747	-1.438	127.738487	37.885593
1596707562768	1596707562768	-9.793	-1.851	0.261	0.197	-0.887	-1.443	127.738487	37.885593
1596707562789	1596707562788	-10.020	-1.535	-0.400	-0.113	-1.006	-1.564	127.738487	37.885593
1596707562809	1596707562808	-10.607	-0.939	-0.755	-0.364	-0.837	-1.639	127.738487	37.885593
1596707562828	1596707562828	-11.400	0.448	-0.616	-0.685	-0.637	-1.586	127.738487	37.885593
1596707562849	1596707562848	-11.249	1.833	-0.451	-1.210	-0.805	-1.452	127.738487	37.885593
1596707562867	1596707562867	-10.030	2.192	-0.554	-1.642	-1.149	-1.145	127.738487	37.885593
1596707562887	1596707562885	-8.859	0.777	-1.023	-1.802	-1.157	-0.768	127.738487	37.885593
1596707562912	1596707562905	-10.533	-0.043	-0.748	-1.965	-0.202	-0.279	127.738487	37.885593
1596707562926	1596707562924	-13.444	-0.198	-0.079	-2.121	0.540	0.236	127.738487	37.885593
1596707562945	1596707562943	-14.294	-0.713	0.383	-2.148	0.288	0.527	127.738487	37.885593
1596707562968	1596707562967	-12.754	-1.312	0.258	-1.850	-0.301	0.735	127.738480	37.885590
1596707562992	1596707562990	-11.894	-1.255	0.155	-1.594	-0.044	1.181	127.738480	37.885590
1596707563005	1596707563003	-13.887	-0.998	0.589	-1.344	1.000	1.497	127.738480	37.885590
1596707563026	1596707563024	-16.309	-0.975	1.499	-1.126	1.416	1.704	127.738480	37.885590
1596707563043	1596707563042	-16.191	-1.504	2.129	-0.988	0.852	1.738	127.738480	37.885590
1596707563068	1596707563065	-13.209	-2.134	2.055	-0.873	0.006	1.666	127.738480	37.885590
1596707563084	1596707563084	-10.145	-2.122	1.930	-0.768	-0.442	1.615	127.738480	37.885590
1596707563107	1596707563105	-7.833	-1.794	1.250	-1.004	-0.510	1.422	127.738480	37.885590
1596707563123	1596707563122	-6.231	-1.849	0.539	-0.946	-0.312	1.261	127.738480	37.885590
1596707563143	1596707563142	-6.125	-1.231	0.989	-0.716	-0.059	1.311	127.738480	37.885590
1596707563165	1596707563163	-7.005	0.259	0.860	-1.431	0.395	1.254	127.738480	37.885590
1596707563183	1596707563182	-8.324	-0.989	0.651	-2.217	0.439	1.266	127.738480	37.885590
1596707563204	1596707563203	-8.835	-1.478	0.134	-2.773	0.176	1.280	127.738480	37.885590
1596707563222	1596707563222	-8.998	-2.517	-0.566	-2.663	-0.089	1.220	127.738480	37.885590
1596707563242	1596707563242	-8.935	-2.795	-0.036	-1.988	-0.431	1.334	127.738480	37.885590
1596707563265	1596707563265	-9.201	-1.614	-0.355	-2.012	-0.523	1.846	127.738480	37.885590
1596707563282	1596707563280	-9.688	-2.402	-0.221	-2.139	-0.315	2.500	127.738480	37.885590
1596707563302	1596707563299	-10.056	-4.132	-0.187	-2.074	-0.412	2.868	127.738480	37.885590
1596707563321	1596707563318	-10.306	-4.549	-0.084	-1.587	-0.334	3.192	127.738480	37.885590
1596707563340	1596707563338	-11.400	-5.224	0.809	-0.946	0.257	3.725	127.738480	37.885590
1596707563361	1596707563358	-13.286	-6.122	1.097	-0.270	0.566	3.762	127.738480	37.885590
1596707563380	1596707563378	-16.290	-7.744	0.785	0.922	0.636	3.717	127.738480	37.885590
1596707563400	1596707563398	-18.769	-6.271	1.056	2.065	0.767	2.837	127.738480	37.885590
1596707563419	1596707563417	-16.783	-4.867	1.511	2.181	-0.470	1.680	127.738480	37.885590
1596707563441	1596707563440	-12.205	-5.318	-0.190	2.250	-1.544	1.057	127.738480	37.885590
1596707563458	1596707563457	-9.903	-3.763	-0.719	2.519	-1.024	-0.042	127.738480	37.885590
1596707563485	1596707563480	-10.857	-1.700	-0.700	2.250	-0.201	-1.223	127.738480	37.885590
1596707563499	1596707563495	-13.628	-0.443	-0.731	1.779	0.016	-2.237	127.738480	37.885590
1596707563519	1596707563516	-15.408	-1.221	-1.212	1.559	-0.371	-3.130	127.738480	37.885590
1596707563535	1596707563534	-14.967	-1.317	-1.277	1.705	-0.956	-3.940	127.738480	37.885590
1596707563559	1596707563554	-13.789	-0.498	-1.435	2.007	-1.574	-4.400	127.738480	37.885590
1596707563575	1596707563575	-12.926	-0.443	-0.467	1.794	-1.500	-4.441	127.738480	37.885590
1596707563596	1596707563595	-12.945	-0.788	0.203	1.002	-1.418	-4.462	127.738480	37.885590
1596707563615	1596707563615	-11.939	-1.801	0.452	0.824	-1.427	-4.408	127.738480	37.885590
1596707563634	1596707563634	-11.312	-2.002	0.965	1.239	-1.282	-4.359	127.738480	37.885590
1596707563655	1596707563654	-10.679	-0.745	0.670	1.411	-1.076	-4.080	127.738480	37.885590
1596707563675	1596707563675	-10.878	-1.377	-0.309	2.026	-0.799	-4.094	127.738480	37.885590
1596707563697	1596707563697	-10.569	-0.500	-1.979	3.420	-0.345	-3.759	127.738480	37.885590
1596707563713	1596707563711	-10.399	-2.493	-2.928	5.412	-0.431	-2.943	127.738480	37.885590
1596707563735	1596707563730	-10.864	-0.294	-0.614	7.121	-0.705	-1.792	127.738480	37.885590
1596707563752	1596707563750	-11.568	0.048	-1.708	6.749	-1.539	-1.463	127.738480	37.885590
1596707563771	1596707563770	-10.849	1.304	-0.841	5.063	-1.692	-1.415	127.738480	37.885590
1596707563791	1596707563789	-11.130	0.983	-0.736	3.469	-1.446	-1.031	127.738480	37.885590
1596707563811	1596707563811	-11.067	1.045	-0.542	1.801	-1.399	-0.981	127.738480	37.885590
1596707563832	1596707563830	-10.792	2.037	-0.388	0.302	-1.459	-0.805	127.738480	37.885590
1596707563851	1596707563850	-9.676	2.997	-0.202	-1.448	-1.620	-0.872	127.738480	37.885590
1596707563870	1596707563870	-8.993	2.662	-1.050	-3.127	-1.540	-0.672	127.738480	37.885590
1596707563890	1596707563890	-9.699	1.502	-1.074	-4.628	-0.711	-0.420	127.738480	37.885590
1596707563910	1596707563908	-10.186	0.297	-0.685	-5.304	-0.400	-0.217	127.738480	37.885590
1596707563935	1596707563928	-9.867	-0.371	-0.563	-5.290	-0.502	0.239	127.738480	37.885590
1596707563952	1596707563950	-9.201	-0.757	-0.417	-4.992	-0.290	0.741	127.738480	37.885590
1596707563969	1596707563967	-9.149	-1.870	-0.106	-4.402	0.082	1.180	127.738472	37.885578
1596707563990	1596707563991	-9.925	-2.599	0.270	-3.360	0.513	1.738	127.738472	37.885578
1596707564013	1596707564013	-11.216	-2.774	0.970	-2.207	0.892	2.535	127.738472	37.885578
1596707564027	1596707564025	-12.284	-2.781	1.751	-0.976	1.067	3.049	127.738472	37.885578
1596707564048	1596707564045	-13.017	-3.073	1.988	0.083	1.198	3.470	127.738472	37.885578
1596707564066	1596707564065	-13.750	-3.825	2.560	1.485	1.466	3.856	127.738472	37.885578
1596707564087	1596707564084	-13.671	-2.946	2.259	2.710	1.361	3.786	127.738472	37.885578
1596707564107	1596707564104	-12.167	-2.199	1.506	3.365	1.006	3.464	127.738472	37.885578
1596707564126	1596707564124	-10.495	-0.586	0.601	3.167	0.854	3.042	127.738472	37.885578
1596707564145	1596707564143	-9.692	0.786	0.062	1.927	1.161	3.127	127.738472	37.885578
1596707564165	1596707564163	-9.838	-0.191	-0.396	0.959	1.467	3.063	127.738472	37.885578
1596707564186	1596707564183	-10.289	0.559	-0.036	-0.138	1.650	2.682	127.738472	37.885578
1596707564205	1596707564203	-10.983	0.281	0.761	-1.129	1.598	2.616	127.738472	37.885578
1596707564224	1596707564224	-11.592	-0.426	0.999	-2.059	1.401	2.505	127.738472	37.885578
1596707564244	1596707564244	-12.124	-0.879	0.723	-3.147	1.404	2.582	127.738472	37.885578
1596707564265	1596707564263	-12.874	-1.770	0.479	-4.137	1.426	2.442	127.738472	37.885578
1596707564284	1596707564283	-13.487	-2.405	-0.008	-4.683	1.152	2.229	127.738472	37.885578
1596707564304	1596707564302	-13.607	-3.248	-0.178	-4.775	0.891	2.226	127.738472	37.885578
1596707564323	1596707564321	-13.204	-3.847	0.040	-4.486	0.575	2.097	127.738472	37.885578
1596707564343	1596707564341	-12.608	-3.763	0.450	-3.862	0.385	2.156	127.738472	37.885578
1596707564363	1596707564360	-12.150	-4.522	1.063	-3.080	0.386	2.566	127.738472	37.885578
1596707564384	1596707564381	-12.435	-5.504	1.643	-1.976	0.612	2.244	127.738472	37.885578
1596707564405	1596707564401	-13.779	-6.314	2.338	-0.407	1.073	1.862	127.738472	37.885578
1596707564422	1596707564420	-14.088	-7.244	2.925	1.824	0.873	1.624	127.738472	37.885578
1596707564443	1596707564443	-11.896	-6.848	3.083	3.730	0.106	1.112	127.738472	37.885578
1596707564462	1596707564460	-9.781	-4.010	2.398	4.422	-0.384	0.459	127.738472	37.885578
1596707564485	1596707564484	-10.155	-0.699	2.235	4.747	-0.408	-0.179	127.738472	37.885578
1596707564501	1596707564500	-11.843	0.949	2.405	4.551	-0.395	-0.737	127.738472	37.885578
1596707564528	1596707564520	-13.446	1.857	2.156	3.549	-0.806	-1.195	127.738472	37.885578
1596707564541	1596707564537	-13.872	1.598	1.775	2.443	-1.541	-1.756	127.738472	37.885578
1596707564564	1596707564561	-13.501	1.059	1.346	1.513	-2.303	-2.373	127.738472	37.885578
1596707564579	1596707564576	-12.543	0.695	0.999	0.820	-2.832	-2.902	127.738472	37.885578
1596707564604	1596707564602	-10.617	1.052	0.428	0.305	-2.915	-3.126	127.738472	37.885578
1596707564620	1596707564616	-10.931	-0.795	0.098	0.253	-2.480	-3.086	127.738472	37.885578
1596707564639	1596707564637	-11.345	-1.669	1.082	0.098	-2.212	-3.670	127.738472	37.885578
1596707564658	1596707564656	-10.634	-0.735	-0.458	-0.450	-2.461	-3.924	127.738472	37.885578
1596707564677	1596707564674	-10.497	-2.812	-0.288	0.223	-2.028	-3.737	127.738472	37.885578
1596707564700	1596707564700	-10.993	-4.946	-0.678	1.549	-1.544	-3.454	127.738472	37.885578
1596707564721	1596707564720	-11.958	-5.835	-0.563	3.676	-1.114	-3.158	127.738472	37.885578
1596707564735	1596707564733	-12.993	-3.799	-0.925	5.288	-1.175	-2.641	127.738472	37.885578
1596707564755	1596707564753	-12.641	-1.767	-0.702	5.900	-1.632	-2.225	127.738472	37.885578
1596707564775	1596707564773	-11.012	-1.135	0.256	4.976	-1.995	-2.037	127.738472	37.885578
1596707564794	1596707564792	-9.328	-0.493	0.632	3.189	-1.774	-1.934	127.738472	37.885578
1596707564815	1596707564813	-9.707	-1.952	0.536	1.910	-1.339	-1.718	127.738472	37.885578
1596707564834	1596707564834	-11.007	-2.323	0.318	1.353	-1.092	-1.606	127.738472	37.885578
1596707564854	1596707564853	-12.006	-1.415	0.218	1.069	-1.101	-1.539	127.738472	37.885578
1596707564874	1596707564873	-12.131	-0.819	-0.226	0.400	-1.400	-1.607	127.738472	37.885578
1596707564892	1596707564891	-11.781	-0.014	-1.919	-0.480	-1.613	-1.637	127.738472	37.885578
1596707564913	1596707564913	-11.810	0.604	-2.695	-1.108	-1.294	-1.452	127.738472	37.885578
1596707564933	1596707564931	-11.448	1.148	-1.395	-1.613	-1.038	-1.324	127.738472	37.885578
1596707564967	1596707564967	-9.067	1.689	-0.264	-2.118	-1.545	-1.398	127.738472	37.885578
1596707564984	1596707564984	-6.181	1.809	0.031	-2.267	-1.639	-1.314	127.738472	37.885571
1596707564992	1596707564992	-6.549	0.568	0.884	-2.141	-0.260	-0.697	127.738472	37.885571
1596707565012	1596707565011	-10.437	-0.814	2.275	-2.060	1.435	-0.103	127.738472	37.885571
1596707565031	1596707565029	-13.805	-1.880	3.701	-1.546	1.938	0.391	127.738472	37.885571
1596707565051	1596707565050	-14.536	-1.331	4.244	-0.681	1.492	0.937	127.738472	37.885571
1596707565070	1596707565068	-12.986	0.005	4.271	0.056	1.025	1.302	127.738472	37.885571
1596707565091	1596707565090	-11.309	1.201	3.708	0.287	1.005	1.608	127.738472	37.885571
1596707565110	1596707565109	-10.624	1.943	3.507	0.159	1.274	1.735	127.738472	37.885571
1596707565130	1596707565127	-9.913	2.518	3.123	-0.177	1.225	1.629	127.738472	37.885571
1596707565149	1596707565147	-9.216	2.391	2.790	-0.496	1.102	1.859	127.738472	37.885571
1596707565169	1596707565166	-8.667	2.247	2.184	-0.873	0.964	2.118	127.738472	37.885571
1596707565188	1596707565186	-8.677	1.701	1.617	-1.396	0.987	2.376	127.738472	37.885571
1596707565208	1596707565206	-9.573	0.666	1.094	-1.839	1.082	2.627	127.738472	37.885571
1596707565227	1596707565227	-10.751	0.130	0.848	-2.112	1.051	2.801	127.738472	37.885571
1596707565248	1596707565246	-11.772	-0.373	0.975	-2.360	0.988	2.996	127.738472	37.885571
1596707565267	1596707565266	-12.720	-1.147	1.593	-2.576	0.890	3.275	127.738472	37.885571
1596707565286	1596707565286	-13.199	-2.469	1.880	-2.908	0.660	3.518	127.738472	37.885571
1596707565307	1596707565306	-12.866	-3.823	1.746	-3.076	0.334	3.472	127.738472	37.885571
1596707565326	1596707565325	-12.234	-4.364	1.696	-3.019	0.190	3.555	127.738472	37.885571
1596707565345	1596707565343	-12.141	-5.548	1.964	-2.402	0.241	3.403	127.738472	37.885571
1596707565365	1596707565363	-12.723	-6.166	2.196	-1.675	0.539	3.183	127.738472	37.885571
1596707565384	1596707565382	-13.089	-5.301	2.582	-0.911	0.781	2.850	127.738472	37.885571
1596707565405	1596707565402	-12.962	-4.934	2.225	-0.158	0.598	2.466	127.738472	37.885571
1596707565424	1596707565424	-13.604	-5.207	0.754	0.339	0.645	2.114	127.738472	37.885571
1596707565444	1596707565443	-15.168	-4.774	1.880	0.664	1.289	1.675	127.738472	37.885571
1596707565464	1596707565463	-14.629	-4.436	2.599	1.193	0.800	0.910	127.738472	37.885571
1596707565485	1596707565484	-11.836	-4.240	2.292	1.458	0.079	0.375	127.738472	37.885571
1596707565503	1596707565503	-10.444	-4.012	2.177	1.634	-0.031	-0.080	127.738472	37.885571
1596707565525	1596707565526	-9.915	-3.497	1.420	1.497	-0.185	-0.469	127.738472	37.885571
1596707565544	1596707565543	-10.849	-3.284	1.842	1.200	0.015	-0.708	127.738472	37.885571
1596707565567	1596707565565	-12.033	-3.382	2.687	1.045	-0.039	-0.912	127.738472	37.885571
1596707565583	1596707565581	-11.851	-3.241	2.764	1.124	-0.545	-1.150	127.738472	37.885571
1596707565607	1596707565604	-10.909	-2.869	2.716	1.274	-0.971	-1.482	127.738472	37.885571
1596707565622	1596707565620	-10.066	-2.484	2.565	1.394	-1.211	-1.834	127.738472	37.885571
1596707565642	1596707565641	-9.608	-2.091	2.342	1.454	-1.312	-2.231	127.738472	37.885571
1596707565662	1596707565661	-9.767	-1.542	2.117	1.493	-1.281	-2.645	127.738472	37.885571
1596707565682	1596707565680	-10.325	-1.054	1.830	1.608	-1.213	-2.877	127.738472	37.885571
1596707565701	1596707565700	-10.710	-0.725	1.463	1.787	-1.285	-2.989	127.738472	37.885571
1596707565723	1596707565723	-11.077	-0.426	1.233	1.852	-1.344	-2.933	127.738472	37.885571
1596707565742	1596707565742	-11.678	-0.397	1.324	1.746	-1.404	-2.925	127.738472	37.885571
1596707565760	1596707565756	-12.090	-0.196	1.260	1.597	-1.449	-2.869	127.738472	37.885571
1596707565780	1596707565776	-12.435	-0.196	1.732	1.502	-1.519	-2.714	127.738472	37.885571
1596707565799	1596707565796	-12.275	0.283	1.796	0.986	-1.728	-2.788	127.738472	37.885571
1596707565818	1596707565815	-11.544	0.427	1.662	0.331	-1.871	-2.793	127.738472	37.885571
1596707565837	1596707565835	-10.698	0.235	1.195	-0.304	-1.884	-2.577	127.738472	37.885571
1596707565859	1596707565857	-10.128	-0.064	0.910	-0.687	-1.752	-2.450	127.738472	37.885571
1596707565877	1596707565876	-9.618	0.762	0.618	-0.932	-1.627	-2.316	127.738472	37.885571
1596707565896	1596707565896	-8.897	1.852	0.457	-1.310	-1.440	-1.949	127.738472	37.885571
1596707565916	1596707565916	-8.310	1.740	0.117	-1.847	-1.286	-1.619	127.738472	37.885571
1596707565959	1596707565959	-7.812	1.558	-0.264	-2.053	-1.203	-1.353	127.738472	37.885571
1596707565971	1596707565965	-8.502	1.665	-0.707	-2.406	-0.712	-0.643	127.738472	37.885571
1596707565975	1596707565973	-9.877	0.029	-0.503	-2.500	-0.091	0.200	127.738472	37.885571
1596707565994	1596707565992	-10.725	-0.699	-0.214	-2.333	-0.065	0.826	127.738457	37.885563
1596707566017	1596707566012	-10.579	-0.172	-0.372	-2.271	-0.307	1.344	127.738457	37.885563
1596707566034	1596707566033	-10.236	-0.915	-0.005	-2.201	-0.129	2.015	127.738457	37.885563
1596707566054	1596707566051	-11.029	-1.894	1.111	-1.957	0.438	2.534	127.738457	37.885563
1596707566072	1596707566071	-12.656	-2.412	2.546	-1.208	1.071	2.729	127.738457	37.885563
1596707566096	1596707566095	-13.978	-2.093	3.274	-0.266	1.303	2.713	127.738457	37.885563
1596707566113	1596707566113	-14.514	-1.609	2.898	0.637	1.193	2.655	127.738457	37.885563
1596707566135	1596707566133	-14.512	-1.006	1.969	1.413	1.122	2.539	127.738457	37.885563
1596707566153	1596707566151	-13.971	-0.498	0.924	1.893	1.087	2.335	127.738457	37.885563
1596707566172	1596707566170	-12.763	0.039	0.172	1.771	0.952	2.113	127.738457	37.885563
1596707566191	1596707566189	-11.235	0.113	0.445	1.212	0.602	1.766	127.738457	37.885563
1596707566211	1596707566209	-9.484	0.209	0.596	0.432	0.181	1.577	127.738457	37.885563
1596707566230	1596707566228	-8.090	0.621	0.713	-0.585	0.096	1.557	127.738457	37.885563
1596707566251	1596707566249	-7.924	0.456	0.663	-1.552	0.323	1.644	127.738457	37.885563
1596707566269	1596707566269	-8.619	-0.162	0.555	-2.485	0.666	1.863	127.738457	37.885563
1596707566290	1596707566290	-9.659	-0.891	0.642	-3.028	0.873	2.029	127.738457	37.885563
1596707566309	1596707566309	-10.524	-1.473	0.781	-3.331	0.854	2.230	127.738457	37.885563
1596707566328	1596707566329	-11.051	-1.959	0.800	-3.484	0.719	2.371	127.738457	37.885563
1596707566349	1596707566349	-11.300	-2.395	0.905	-3.483	0.672	2.609	127.738457	37.885563
1596707566371	1596707566366	-11.364	-2.917	1.229	-3.249	0.690	3.030	127.738457	37.885563
1596707566388	1596707566387	-11.525	-3.291	1.298	-2.816	0.468	3.401	127.738457	37.885563
1596707566408	1596707566405	-11.872	-4.244	1.641	-2.050	0.684	3.637	127.738457	37.885563
1596707566427	1596707566425	-12.821	-3.763	2.424	-1.107	0.948	3.439	127.738457	37.885563
1596707566447	1596707566445	-14.596	-4.007	2.515	-0.613	0.926	3.550	127.738457	37.885563
1596707566466	1596707566466	-16.670	-3.617	1.988	-0.118	1.116	2.706	127.738457	37.885563
1596707566487	1596707566486	-17.796	-4.585	3.727	-0.158	1.296	2.824	127.738457	37.885563
1596707566507	1596707566506	-13.264	-4.546	3.262	-0.029	-0.469	1.947	127.738457	37.885563
1596707566526	1596707566526	-8.760	-3.519	2.136	-0.066	-1.430	1.085	127.738457	37.885563
1596707566545	1596707566543	-7.850	-1.461	1.605	-0.424	-0.744	-0.008	127.738457	37.885563
1596707566570	1596707566564	-9.688	-1.104	0.352	-0.766	0.046	-0.830	127.738457	37.885563
1596707566585	1596707566582	-11.860	-2.910	-0.530	-0.745	0.122	-1.756	127.738457	37.885563
1596707566607	1596707566605	-12.924	-3.164	-1.260	-0.951	-0.236	-2.885	127.738457	37.885563
1596707566624	1596707566622	-13.815	-3.116	-1.591	-0.962	-0.302	-3.357	127.738457	37.885563
1596707566643	1596707566642	-14.708	-3.418	-1.201	-0.515	-0.412	-3.766	127.738457	37.885563
1596707566665	1596707566664	-14.548	-3.859	-0.515	0.010	-0.760	-4.179	127.738457	37.885563
1596707566683	1596707566683	-13.607	-2.924	0.258	0.451	-0.747	-4.515	127.738457	37.885563
1596707566704	1596707566703	-12.761	-2.467	0.256	0.933	-0.535	-4.294	127.738457	37.885563
1596707566724	1596707566724	-11.779	-2.029	0.886	1.347	-0.203	-4.369	127.738457	37.885563
1596707566743	1596707566741	-11.142	-1.135	1.171	1.679	0.024	-4.448	127.738457	37.885563
1596707566764	1596707566764	-10.952	-1.712	0.857	2.120	0.211	-4.192	127.738457	37.885563
1596707566782	1596707566780	-10.768	-2.036	-0.158	2.632	0.337	-4.106	127.738457	37.885563
1596707566802	1596707566800	-11.058	-1.873	-1.133	3.009	0.496	-3.778	127.738457	37.885563
1596707566822	1596707566820	-11.906	-1.700	-1.581	2.995	0.616	-3.344	127.738457	37.885563
1596707566842	1596707566840	-12.665	-1.545	-1.639	2.710	0.554	-2.948	127.738457	37.885563
1596707566861	1596707566860	-13.472	-1.930	-1.356	2.526	0.325	-2.438	127.738457	37.885563
1596707566880	1596707566880	-13.700	-2.196	-1.038	2.347	0.001	-2.070	127.738457	37.885563
1596707566900	1596707566900	-13.324	-1.631	-0.901	1.998	-0.498	-2.013	127.738457	37.885563
1596707566920	1596707566919	-12.418	-0.603	-1.172	1.644	-1.057	-1.898	127.738457	37.885563
1596707566952	1596707566947	-11.410	0.400	-1.035	1.293	-1.248	-1.898	127.738449	37.885551
1596707566959	1596707566956	-10.722	0.674	-0.503	0.974	-1.216	-1.915	127.738449	37.885551
1596707566988	1596707566979	-10.047	0.458	0.062	0.809	-1.188	-1.935	127.738449	37.885551
1596707566999	1596707566995	-9.218	1.229	0.165	0.760	-1.181	-1.946	127.738449	37.885551
1596707567023	1596707567019	-9.012	2.367	-0.055	0.564	-0.888	-1.663	127.738449	37.885551
1596707567037	1596707567035	-10.071	2.573	-0.551	-0.069	-0.349	-1.152	127.738449	37.885551
1596707567060	1596707567056	-11.788	1.857	-0.733	-0.918	0.188	-0.513	127.738449	37.885551
1596707567076	1596707567075	-11.970	0.683	0.309	-1.517	0.138	0.108	127.738449	37.885551
1596707567099	1596707567096	-9.522	-0.416	1.018	-1.712	-0.632	0.618	127.738449	37.885551
1596707567116	1596707567115	-6.681	-0.946	1.430	-1.653	-0.758	1.303	127.738449	37.885551
1596707567136	1596707567135	-5.562	-1.468	1.688	-1.389	-0.021	2.092	127.738449	37.885551
1596707567158	1596707567158	-6.425	-1.509	2.129	-1.169	0.974	2.568	127.738449	37.885551
1596707567175	1596707567173	-8.344	-1.509	2.254	-0.909	1.571	2.854	127.738449	37.885551
1596707567194	1596707567192	-10.179	-1.815	1.681	-0.410	1.772	3.247	127.738449	37.885551
1596707567214	1596707567212	-12.133	-1.619	0.764	0.312	2.062	3.555	127.738449	37.885551
1596707567234	1596707567232	-14.546	-1.214	0.064	1.114	2.278	3.927	127.738449	37.885551
1596707567253	1596707567253	-16.203	-1.190	-0.290	1.624	1.971	4.082	127.738449	37.885551
1596707567273	1596707567273	-14.977	-0.924	-0.966	1.578	1.141	4.004	127.738449	37.885551
1596707567292	1596707567292	-12.869	-0.368	-1.581	0.906	0.732	3.983	127.738449	37.885551
1596707567312	1596707567312	-12.701	-0.244	-1.337	0.114	0.980	3.836	127.738449	37.885551
1596707567333	1596707567332	-13.106	-0.560	-0.551	-0.898	1.342	3.900	127.738449	37.885551
1596707567352	1596707567351	-14.090	-1.578	0.577	-1.456	1.506	3.990	127.738449	37.885551
1596707567371	1596707567369	-15.190	-2.223	1.411	-1.589	1.696	3.961	127.738449	37.885551
1596707567393	1596707567393	-15.671	-2.369	2.295	-1.733	1.679	3.643	127.738449	37.885551
1596707567411	1596707567409	-14.871	-2.033	1.698	-1.901	1.011	3.449	127.738449	37.885551
1596707567431	1596707567428	-13.245	-2.901	0.793	-2.300	0.762	3.482	127.738449	37.885551
1596707567450	1596707567448	-12.565	-3.365	0.414	-2.295	0.867	3.333	127.738449	37.885551
1596707567470	1596707567468	-12.967	-3.806	1.260	-2.012	1.133	3.366	127.738449	37.885551
1596707567490	1596707567489	-13.379	-4.599	2.285	-1.669	1.061	2.865	127.738449	37.885551
1596707567509	1596707567509	-13.743	-5.500	2.132	-0.890	0.669	2.263	127.738449	37.885551
1596707567529	1596707567528	-15.233	-5.718	2.659	-0.362	0.971	1.819	127.738449	37.885551
1596707567549	1596707567548	-15.437	-5.277	3.801	-0.355	0.902	1.045	127.738449	37.885551
1596707567569	1596707567569	-12.390	-5.737	3.432	-0.184	-0.221	0.350	127.738449	37.885551
1596707567593	1596707567587	-9.558	-5.512	2.084	0.207	-0.905	-0.545	127.738449	37.885551
1596707567610	1596707567606	-9.086	-3.971	1.372	0.798	-0.552	-1.607	127.738449	37.885551
1596707567627	1596707567625	-10.840	-2.654	1.650	1.256	-0.080	-2.415	127.738449	37.885551
1596707567647	1596707567644	-12.370	-2.247	1.550	1.476	-0.358	-3.102	127.738449	37.885551
1596707567666	1596707567664	-12.818	-2.577	0.548	1.749	-0.848	-3.519	127.738449	37.885551
1596707567686	1596707567685	-13.468	-2.970	-0.571	2.609	-1.036	-3.614	127.738449	37.885551
1596707567707	1596707567705	-15.379	-1.796	-0.539	3.649	-1.079	-3.630	127.738449	37.885551
1596707567726	1596707567725	-17.605	-1.643	0.019	4.109	-1.704	-3.678	127.738449	37.885551
1596707567745	1596707567745	-17.370	0.436	0.412	4.306	-2.428	-3.729	127.738449	37.885551
1596707567765	1596707567764	-17.032	0.000	0.136	4.167	-2.932	-3.371	127.738449	37.885551
1596707567788	1596707567788	-15.300	0.408	0.682	4.145	-3.304	-3.540	127.738449	37.885551
1596707567804	1596707567802	-13.834	1.512	0.680	3.347	-3.209	-3.365	127.738449	37.885551
1596707567825	1596707567821	-14.165	0.036	0.392	2.523	-2.809	-2.887	127.738449	37.885551
1596707567844	1596707567842	-14.605	-0.244	-0.139	1.556	-2.462	-3.056	127.738449	37.885551
1596707567863	1596707567862	-14.907	-0.361	-0.309	0.596	-2.278	-3.151	127.738449	37.885551
1596707567882	1596707567881	-14.162	-0.227	-0.939	-0.382	-2.313	-3.057	127.738449	37.885551
1596707567903	1596707567901	-13.369	-0.572	-1.179	-0.820	-2.238	-2.923	127.738449	37.885551
1596707567923	1596707567921	-12.869	-0.443	-1.030	-1.104	-2.149	-2.994	127.738449	37.885551
1596707567942	1596707567941	-11.877	0.254	-0.872	-1.023	-2.200	-3.149	127.738449	37.885551
1596707567965	1596707567965	-10.679	3.610	-1.459	-0.992	-2.060	-3.248	127.738449	37.885540
1596707567991	1596707567990	-9.156	7.961	-1.696	-1.502	-1.988	-3.319	127.738449	37.885540
1596707568003	1596707568001	-7.115	7.848	-1.591	-2.492	-2.342	-2.713	127.738449	37.885540
1596707568027	1596707568021	-5.936	3.922	-0.662	-3.406	-1.772	-1.969	127.738449	37.885540
1596707568041	1596707568039	-6.923	2.724	-1.332	-4.278	-0.925	-1.373	127.738449	37.885540
1596707568065	1596707568061	-8.693	3.615	-2.156	-4.268	-0.596	-0.600	127.738449	37.885540
1596707568080	1596707568079	-9.745	4.906	-2.338	-3.868	-0.755	0.273	127.738449	37.885540
1596707568106	1596707568105	-10.651	3.479	-3.800	-3.557	-0.981	1.180	127.738449	37.885540
1596707568120	1596707568118	-11.841	1.004	-4.631	-3.307	-0.827	1.903	127.738449	37.885540
1596707568139	1596707568138	-12.356	-1.379	-3.531	-2.828	-0.870	2.379	127.738449	37.885540
1596707568159	1596707568158	-11.805	-2.323	-1.711	-2.138	-1.034	2.979	127.738449	37.885540
1596707568179	1596707568178	-11.010	-2.841	0.112	-1.159	-0.647	3.583	127.738449	37.885540
1596707568199	1596707568196	-11.592	-2.752	1.535	-0.239	0.277	3.930	127.738449	37.885540
1596707568217	1596707568215	-13.808	-1.861	2.304	0.666	1.204	4.121	127.738449	37.885540
1596707568236	1596707568235	-15.997	-0.457	1.339	1.527	1.546	4.349	127.738449	37.885540
1596707568257	1596707568254	-17.358	-0.124	-0.333	2.182	1.636	4.660	127.738449	37.885540
1596707568276	1596707568274	-17.904	-1.482	-1.368	2.609	1.944	4.599	127.738449	37.885540
1596707568295	1596707568294	-17.193	-2.431	-1.670	2.647	2.372	4.163	127.738449	37.885540
1596707568316	1596707568314	-16.062	-2.663	-1.323	3.047	1.800	4.079	127.738449	37.885540
1596707568335	1596707568335	-14.452	-1.267	-2.041	2.811	1.586	3.764	127.738449	37.885540
1596707568355	1596707568354	-14.320	1.083	-1.965	1.760	2.348	3.782	127.738449	37.885540
1596707568374	1596707568374	-16.400	0.283	-0.891	0.633	2.908	4.114	127.738449	37.885540
1596707568394	1596707568394	-18.323	-0.213	0.095	-0.409	3.013	4.189	127.738449	37.885540
1596707568415	1596707568412	-18.347	-1.154	1.492	-1.072	2.775	4.413	127.738449	37.885540
1596707568435	1596707568433	-17.734	-1.468	2.812	-1.348	2.298	4.223	127.738449	37.885540
1596707568454	1596707568451	-16.999	-1.930	3.485	-1.812	2.110	4.716	127.738449	37.885540
1596707568474	1596707568471	-15.911	-4.005	5.001	-2.008	2.163	4.778	127.738449	37.885540
1596707568492	1596707568490	-14.761	-5.567	5.514	-1.244	1.559	4.566	127.738449	37.885540
1596707568514	1596707568513	-13.434	-7.164	6.559	-0.115	1.323	4.345	127.738449	37.885540
1596707568531	1596707568531	-12.131	-7.957	7.054	0.687	0.877	3.329	127.738449	37.885540
1596707568553	1596707568553	-11.070	-9.038	6.029	1.495	0.454	2.360	127.738449	37.885540
1596707568571	1596707568571	-11.800	-8.245	4.089	2.864	0.693	1.456	127.738449	37.885540
1596707568592	1596707568592	-13.851	-2.117	3.384	3.697	0.676	0.134	127.738449	37.885540
1596707568613	1596707568609	-13.935	1.210	3.092	3.092	-0.467	-0.755	127.738449	37.885540
1596707568631	1596707568631	-12.045	0.906	0.891	1.419	-1.894	-1.613	127.738449	37.885540
1596707568650	1596707568648	-11.649	1.042	-0.796	0.258	-2.551	-2.483	127.738449	37.885540
1596707568669	1596707568667	-12.651	1.455	-1.989	-0.446	-2.893	-2.997	127.738449	37.885540
1596707568689	1596707568687	-13.559	1.299	-2.501	-0.946	-3.124	-3.447	127.738449	37.885540
1596707568709	1596707568708	-14.893	-0.052	-0.472	-1.356	-3.371	-3.893	127.738449	37.885540
1596707568728	1596707568728	-15.655	-1.387	1.415	-1.830	-4.009	-4.343	127.738449	37.885540
1596707568748	1596707568748	-16.244	-2.642	1.485	-2.339	-3.985	-4.562	127.738449	37.885540
1596707568768	1596707568767	-19.068	-6.101	2.424	-1.629	-3.187	-4.822	127.738449	37.885540
1596707568787	1596707568787	-21.505	-3.837	2.223	-0.597	-2.834	-5.827	127.738449	37.885540
1596707568811	1596707568810	-19.035	0.561	1.394	0.213	-3.113	-5.764	127.738449	37.885540
1596707568835	1596707568831	-16.725	0.779	0.656	-0.530	-2.663	-5.068	127.738449	37.885540
1596707568847	1596707568844	-15.822	-0.105	-0.539	-1.106	-1.903	-4.781	127.738449	37.885540
1596707568868	1596707568864	-15.051	-0.162	-1.859	-1.109	-1.241	-4.301	127.738449	37.885540
1596707568885	1596707568884	-14.416	-0.380	-2.506	-0.750	-0.571	-4.177	127.738449	37.885540
1596707568906	1596707568903	-14.081	-1.068	-2.698	-0.016	-0.372	-3.903	127.738449	37.885540
1596707568925	1596707568924	-13.456	-2.021	-2.777	0.905	-0.563	-3.200	127.738449	37.885540
1596707568944	1596707568943	-12.701	-2.690	-2.302	1.880	-0.719	-2.913	127.738449	37.885540
1596707568970	1596707568967	-11.949	-2.390	-1.744	2.578	-1.086	-2.697	127.738457	37.885525
1596707568991	1596707568991	-11.429	-1.720	-1.330	3.145	-1.426	-2.368	127.738457	37.885525
1596707569005	1596707569003	-11.362	-1.353	-0.547	3.721	-1.485	-2.200	127.738457	37.885525
1596707569026	1596707569024	-11.017	-0.546	-0.214	3.726	-1.888	-2.034	127.738457	37.885525
1596707569043	1596707569042	-9.616	0.597	-0.503	3.325	-2.459	-2.044	127.738457	37.885525
1596707569068	1596707569065	-7.999	1.237	-0.465	2.569	-2.612	-1.871	127.738457	37.885525
1596707569085	1596707569083	-6.801	2.688	-0.693	1.348	-2.435	-1.796	127.738457	37.885525
1596707569107	1596707569105	-5.900	4.552	-0.992	0.005	-2.074	-1.690	127.738457	37.885525
1596707569123	1596707569123	-4.949	5.201	-1.843	-1.014	-1.880	-1.540	127.738457	37.885525
1596707569142	1596707569143	-5.237	4.087	-2.432	-1.358	-1.250	-1.168	127.738457	37.885525
1596707569163	1596707569162	-7.153	2.734	-1.785	-1.317	-0.192	-0.793	127.738457	37.885525
1596707569182	1596707569182	-9.038	2.032	-1.660	-1.349	0.445	-0.422	127.738457	37.885525
1596707569202	1596707569202	-10.090	0.987	-0.963	-1.430	0.803	0.548	127.738457	37.885525
1596707569221	1596707569221	-10.792	-0.872	1.001	-1.254	1.190	2.056	127.738457	37.885525
1596707569241	1596707569241	-11.884	-2.148	2.707	-1.047	1.873	3.257	127.738457	37.885525
1596707569261	1596707569259	-13.405	-1.930	3.183	-0.836	2.775	3.867	127.738457	37.885525
1596707569280	1596707569278	-14.977	-0.143	2.807	-0.858	3.334	4.596	127.738457	37.885525
1596707569300	1596707569297	-16.733	0.566	1.875	-1.088	3.650	5.181	127.738457	37.885525
1596707569319	1596707569317	-18.666	1.890	-0.094	-1.457	3.863	5.255	127.738457	37.885525
1596707569339	1596707569337	-21.186	0.525	-1.308	-1.645	4.128	6.265	127.738457	37.885525
1596707569358	1596707569358	-21.095	-1.018	-0.987	-1.101	3.504	6.089	127.738457	37.885525
1596707569378	1596707569377	-18.450	-1.387	-1.586	-0.767	2.417	5.284	127.738457	37.885525
1596707569398	1596707569397	-16.261	-1.612	-2.384	-0.643	1.794	4.936	127.738457	37.885525
1596707569418	1596707569416	-15.329	-1.185	-2.700	-1.124	1.717	4.640	127.738457	37.885525
1596707569442	1596707569440	-16.107	-1.487	-2.590	-1.387	2.029	4.405	127.738457	37.885525
1596707569457	1596707569454	-17.456	-0.970	-1.457	-1.563	2.041	4.121	127.738457	37.885525
1596707569482	1596707569478	-18.354	-1.018	-0.369	-2.065	2.013	3.647	127.738457	37.885525
1596707569495	1596707569493	-18.618	-1.640	0.189	-2.982	1.909	3.390	127.738457	37.885525
1596707569517	1596707569515	-17.655	-1.971	0.316	-3.793	1.678	3.222	127.738457	37.885525
1596707569535	1596707569533	-16.611	-2.323	0.412	-4.502	1.554	3.181	127.738457	37.885525
1596707569556	1596707569554	-15.530	-3.327	0.330	-4.778	1.255	3.139	127.738457	37.885525
1596707569574	1596707569574	-14.852	-4.587	0.551	-4.560	0.946	3.181	127.738457	37.885525
1596707569594	1596707569594	-14.541	-5.011	1.344	-4.242	0.809	3.108	127.738457	37.885525
1596707569614	1596707569613	-13.736	-6.276	1.585	-4.051	0.654	3.567	127.738457	37.885525
1596707569633	1596707569633	-11.707	-7.093	0.567	-3.478	-0.009	2.960	127.738457	37.885525
1596707569659	1596707569654	-10.023	-8.175	-0.659	-2.825	-0.535	2.394	127.738457	37.885525
1596707569674	1596707569670	-9.608	-8.968	-0.803	-2.105	-0.082	1.802	127.738457	37.885525
1596707569692	1596707569691	-9.798	-8.326	-0.422	-1.356	0.441	0.664	127.738457	37.885525
1596707569712	1596707569710	-10.159	-7.600	0.634	-0.418	0.591	-0.483	127.738457	37.885525
1596707569731	1596707569729	-10.794	-5.574	1.231	0.338	0.739	-1.574	127.738457	37.885525
1596707569751	1596707569750	-11.652	-4.031	1.171	0.637	0.784	-2.525	127.738457	37.885525
1596707569771	1596707569771	-12.591	-4.204	0.012	0.734	0.545	-3.372	127.738457	37.885525
1596707569792	1596707569790	-13.302	-4.853	-1.006	1.131	0.392	-4.130	127.738457	37.885525
1596707569811	1596707569810	-14.510	-4.807	-1.665	1.867	0.311	-4.615	127.738457	37.885525
1596707569830	1596707569830	-16.079	-4.316	-1.584	2.798	0.227	-5.065	127.738457	37.885525
1596707569853	1596707569853	-18.036	-2.958	-1.251	3.304	0.116	-5.436	127.738457	37.885525
1596707569869	1596707569867	-20.338	-1.729	-0.379	3.463	0.086	-5.744	127.738457	37.885525
1596707569889	1596707569886	-21.373	-0.548	0.385	3.432	-0.183	-5.936	127.738457	37.885525
1596707569909	1596707569906	-20.137	0.024	0.119	3.970	-0.842	-5.561	127.738457	37.885525
1596707569928	1596707569926	-19.629	-0.838	-0.197	5.197	-1.039	-5.288	127.738457	37.885525
1596707569958	1596707569946	-19.758	-0.218	-0.927	5.639	-1.067	-5.367	127.738457	37.885509
1596707569971	1596707569971	-19.365	0.575	-0.772	4.677	-1.075	-4.981	127.738457	37.885509
1596707569989	1596707569989	-18.879	-1.681	-1.057	3.371	-1.240	-4.169	127.738457	37.885509
1596707570008	1596707570005	-18.994	-3.174	-1.692	3.264	-1.461	-3.979	127.738457	37.885509
1596707570026	1596707570024	-18.445	-1.887	-2.152	3.088	-1.517	-3.735	127.738457	37.885509
1596707570047	1596707570047	-17.358	-0.797	-2.691	2.600	-1.849	-3.237	127.738457	37.885509
1596707570068	1596707570067	-16.416	-0.615	-2.899	2.067	-2.217	-2.779	127.738457	37.885509
1596707570087	1596707570086	-15.365	-0.165	-2.899	1.393	-2.656	-2.688	127.738457	37.885509
1596707570109	1596707570107	-13.954	0.329	-2.817	0.694	-3.187	-2.772	127.738457	37.885509
1596707570126	1596707570124	-12.172	0.312	-2.410	0.082	-3.391	-2.876	127.738457	37.885509
1596707570145	1596707570145	-10.217	0.482	-2.061	-0.702	-3.344	-3.112	127.738457	37.885509
1596707570165	1596707570165	-8.511	1.066	-2.104	-1.411	-3.078	-3.454	127.738457	37.885509
1596707570185	1596707570185	-7.738	2.868	-1.780	-2.288	-2.145	-3.328	127.738457	37.885509
1596707570205	1596707570205	-6.593	5.477	-1.783	-3.134	-1.539	-3.066	127.738457	37.885509
1596707570225	1596707570225	-4.499	6.166	-1.613	-3.484	-1.538	-2.443	127.738457	37.885509
1596707570253	1596707570253	-3.636	2.451	-1.854	-3.688	-0.812	-1.428	127.738457	37.885509
1596707570264	1596707570262	-4.954	-1.540	-0.824	-2.979	0.521	-0.262	127.738457	37.885509
1596707570283	1596707570281	-7.733	-4.295	1.154	-1.158	1.539	1.151	127.738457	37.885509
1596707570303	1596707570300	-9.458	-2.752	2.747	0.595	1.870	2.403	127.738457	37.885509
1596707570323	1596707570321	-9.937	-0.874	2.927	1.978	1.990	3.582	127.738457	37.885509
1596707570342	1596707570341	-10.782	-0.661	3.408	2.446	2.383	4.139	127.738457	37.885509
1596707570364	1596707570361	-12.071	-0.965	2.386	2.789	2.594	4.491	127.738457	37.885509
1596707570383	1596707570383	-12.907	-0.105	0.718	3.507	2.728	4.477	127.738457	37.885509
1596707570402	1596707570403	-13.398	0.647	0.529	4.054	3.142	4.623	127.738457	37.885509
1596707570424	1596707570424	-13.779	1.330	0.273	3.587	3.398	4.669	127.738457	37.885509
1596707570446	1596707570446	-13.439	1.922	0.666	2.679	3.152	4.302	127.738457	37.885509
1596707570463	1596707570463	-12.763	1.950	0.289	1.190	3.056	4.049	127.738457	37.885509
1596707570490	1596707570481	-13.293	1.505	-0.247	-0.057	3.367	3.897	127.738457	37.885509
1596707570504	1596707570500	-15.219	1.871	-1.066	-1.140	3.719	3.750	127.738457	37.885509
1596707570525	1596707570521	-18.124	1.352	-0.868	-2.162	4.176	4.109	127.738457	37.885509
1596707570540	1596707570536	-20.865	0.539	-0.261	-3.440	4.213	4.047	127.738457	37.885509
1596707570562	1596707570559	-22.070	-1.195	0.139	-4.633	3.787	3.822	127.738457	37.885509
1596707570580	1596707570578	-20.946	-2.996	-0.250	-5.170	2.765	4.002	127.738457	37.885509
1596707570600	1596707570598	-19.571	-3.550	-0.549	-5.095	2.157	4.413	127.738457	37.885509
1596707570618	1596707570618	-18.968	-3.310	-0.005	-4.575	1.976	4.572	127.738457	37.885509
1596707570638	1596707570638	-18.699	-4.932	2.316	-3.721	1.603	4.316	127.738457	37.885509
1596707570663	1596707570660	-16.625	-4.462	1.720	-2.275	0.237	4.143	127.738457	37.885509
1596707570683	1596707570678	-14.938	-5.818	2.266	-1.302	0.902	4.717	127.738457	37.885509
1596707570696	1596707570696	-16.737	-7.236	2.927	-0.327	1.757	3.766	127.738457	37.885509
1596707570716	1596707570713	-16.608	-8.841	4.046	0.776	1.205	3.185	127.738457	37.885509
1596707570735	1596707570733	-13.269	-9.910	3.619	2.090	0.182	2.445	127.738457	37.885509
1596707570756	1596707570753	-12.181	-5.112	2.565	3.212	0.040	1.050	127.738457	37.885509
1596707570775	1596707570774	-13.056	-0.160	3.035	3.235	-0.089	-0.217	127.738457	37.885509
1596707570794	1596707570794	-11.676	0.319	1.947	1.919	-1.050	-1.136	127.738457	37.885509
1596707570814	1596707570815	-9.810	-0.546	0.642	0.760	-1.696	-1.855	127.738457	37.885509
1596707570834	1596707570834	-9.738	-0.819	0.349	0.268	-1.857	-2.456	127.738457	37.885509
1596707570854	1596707570854	-10.878	-1.219	0.527	0.068	-1.943	-2.920	127.738457	37.885509
1596707570877	1596707570877	-11.970	-2.170	0.656	0.240	-2.247	-3.138	127.738457	37.885509
1596707570893	1596707570891	-12.622	-2.694	0.864	0.862	-2.624	-3.119	127.738457	37.885509
1596707570916	1596707570916	-13.470	-3.020	1.140	1.660	-2.792	-3.049	127.738457	37.885509
1596707570952	1596707570930	-14.371	-2.678	0.977	2.352	-3.234	-3.191	127.738457	37.885509
1596707570952	1596707570952	-14.380	-1.437	0.534	2.715	-3.646	-3.472	127.738457	37.885509
1596707570972	1596707570971	-14.404	-0.785	0.510	2.901	-3.664	-3.723	127.738449	37.885494
1596707570998	1596707570998	-14.656	0.132	0.505	2.968	-3.380	-3.978	127.738449	37.885494
1596707571021	1596707571018	-15.645	1.014	1.195	2.748	-2.748	-3.694	127.738449	37.885494
1596707571034	1596707571031	-17.418	0.417	0.869	1.924	-2.310	-3.273	127.738449	37.885494
1596707571050	1596707571050	-18.577	-0.783	-0.372	1.376	-2.621	-3.117	127.738449	37.885494
1596707571072	1596707571072	-20.127	-2.009	-0.978	0.820	-2.615	-3.185	127.738449	37.885494
1596707571092	1596707571088	-19.339	0.393	-1.943	0.159	-2.646	-3.475	127.738449	37.885494
1596707571110	1596707571107	-17.030	1.481	-2.305	-0.836	-3.096	-3.189	127.738449	37.885494
1596707571136	1596707571129	-14.208	0.760	-2.794	-2.115	-3.429	-3.379	127.738449	37.885494
1596707571149	1596707571146	-12.265	0.757	-2.767	-2.860	-3.245	-3.624	127.738449	37.885494
1596707571168	1596707571166	-11.678	1.373	-2.444	-3.011	-2.613	-3.906	127.738449	37.885494
1596707571188	1596707571186	-11.422	2.839	-1.672	-2.964	-2.092	-4.136	127.738449	37.885494
1596707571208	1596707571208	-10.147	5.565	-1.512	-3.097	-1.982	-3.958	127.738449	37.885494
1596707571228	1596707571227	-7.407	4.631	-1.483	-2.611	-2.394	-3.332	127.738449	37.885494
1596707571265	1596707571265	-4.679	1.831	-1.272	-2.008	-2.256	-2.741	127.738449	37.885494
1596707571267	1596707571266	-5.043	0.856	-1.512	-1.086	-0.872	-1.768	127.738449	37.885494
1596707571292	1596707571292	-7.407	0.678	-0.695	0.262	0.420	-0.567	127.738449	37.885494
1596707571311	1596707571309	-8.128	2.003	0.747	1.009	0.179	0.488	127.738449	37.885494
1596707571327	1596707571324	-7.716	3.076	0.280	0.974	-0.033	1.356	127.738449	37.885494
1596707571345	1596707571343	-8.375	2.041	-0.067	0.457	0.812	2.025	127.738449	37.885494
1596707571365	1596707571363	-10.294	0.961	0.361	-0.208	1.800	2.645	127.738449	37.885494
1596707571384	1596707571382	-12.905	0.216	0.481	-0.617	2.373	3.564	127.738449	37.885494
1596707571404	1596707571404	-15.362	-0.436	0.781	-0.655	2.685	4.157	127.738449	37.885494
1596707571429	1596707571429	-16.970	-0.464	0.896	-0.554	2.602	4.437	127.738449	37.885494
1596707571444	1596707571444	-17.183	-0.565	-0.079	-0.554	2.163	4.681	127.738449	37.885494
1596707571465	1596707571463	-15.983	-0.534	-0.590	-0.583	2.167	4.798	127.738449	37.885494
1596707571488	1596707571485	-15.156	-2.005	0.074	0.058	2.360	4.995	127.738449	37.885494
1596707571506	1596707571504	-14.395	-2.225	0.414	-0.053	1.889	4.596	127.738449	37.885494
