1596707669864	1596707669862	-10.837	0.377	-0.216	-0.030	0.294	0.992	127.738373	37.884556
1596707669884	1596707669881	-12.416	0.357	-1.047	-0.433	0.523	1.336	127.738373	37.884556
1596707669903	1596707669901	-14.577	0.470	-0.362	-1.021	1.061	1.605	127.738373	37.884556
1596707669928	1596707669921	-15.310	-0.661	0.781	-1.808	0.762	1.562	127.738373	37.884556
1596707669943	1596707669940	-13.048	-1.030	0.620	-1.932	-0.166	1.647	127.738373	37.884556
1596707669962	1596707669962	-11.024	-1.406	0.661	-1.964	-0.178	1.550	127.738373	37.884556
1596707669983	1596707669980	-10.155	-2.179	1.260	-1.855	0.193	1.331	127.738365	37.884548
1596707670001	1596707669999	-9.505	-1.957	1.173	-1.380	0.263	1.061	127.738365	37.884548
1596707670023	1596707670020	-9.625	-1.787	1.087	-0.659	0.585	0.871	127.738365	37.884548
1596707670042	1596707670039	-10.864	-1.406	1.221	-0.020	0.969	0.751	127.738365	37.884548
1596707670064	1596707670061	-11.817	-1.348	1.075	0.451	0.920	0.710	127.738365	37.884548
1596707670081	1596707670079	-11.748	-1.319	1.046	0.783	0.738	0.663	127.738365	37.884548
1596707670104	1596707670100	-11.235	-0.888	1.557	0.912	0.525	0.613	127.738365	37.884548
1596707670121	1596707670119	-10.318	-0.608	1.952	0.761	0.266	0.556	127.738365	37.884548
1596707670142	1596707670139	-9.201	-0.361	2.089	0.466	0.024	0.445	127.738365	37.884548
1596707670160	1596707670158	-8.075	-0.069	1.897	0.046	-0.171	0.301	127.738365	37.884548
1596707670182	1596707670180	-7.321	0.024	1.696	-0.378	-0.167	0.125	127.738365	37.884548
1596707670202	1596707670198	-7.429	0.070	1.588	-0.816	-0.009	0.008	127.738365	37.884548
1596707670219	1596707670217	-7.975	-0.124	1.466	-1.187	0.107	0.000	127.738365	37.884548
1596707670240	1596707670237	-8.648	-0.555	1.492	-1.402	0.121	0.030	127.738365	37.884548
1596707670260	1596707670259	-8.883	-0.994	1.514	-1.417	0.053	0.125	127.738365	37.884548
1596707670279	1596707670277	-8.720	-1.250	1.550	-1.278	-0.014	0.224	127.738365	37.884548
1596707670298	1596707670295	-8.257	-1.358	1.583	-1.064	-0.005	0.320	127.738365	37.884548
1596707670317	1596707670315	-8.387	-1.497	1.523	-0.797	0.110	0.394	127.738365	37.884548
1596707670337	1596707670334	-9.038	-1.657	1.355	-0.613	0.230	0.410	127.738365	37.884548
1596707670356	1596707670353	-10.037	-1.748	1.367	-0.452	0.372	0.419	127.738365	37.884548
1596707670376	1596707670373	-11.182	-1.825	1.535	-0.279	0.438	0.420	127.738365	37.884548
1596707670396	1596707670393	-11.391	-1.418	1.303	-0.047	0.330	0.427	127.738365	37.884548
1596707670415	1596707670412	-12.105	-1.387	-0.020	-0.077	0.306	0.379	127.738365	37.884548
1596707670438	1596707670434	-14.263	-1.530	0.495	-0.187	0.765	0.228	127.738365	37.884548
1596707670459	1596707670452	-15.786	-1.518	1.835	-0.105	0.725	0.109	127.738365	37.884548
1596707670475	1596707670473	-13.580	-1.813	1.291	0.150	-0.446	0.048	127.738365	37.884548
1596707670494	1596707670491	-10.828	-1.581	0.064	0.581	-0.950	-0.139	127.738365	37.884548
1596707670512	1596707670511	-11.472	-1.015	-0.175	0.559	-0.356	-0.508	127.738365	37.884548
1596707670533	1596707670530	-12.756	-1.662	-0.324	0.744	-0.068	-0.557	127.738365	37.884548
1596707670552	1596707670552	-13.300	-1.892	-0.333	1.238	-0.296	-0.610	127.738365	37.884548
1596707670572	1596707670571	-12.440	-0.402	-0.518	1.448	-0.642	-0.805	127.738365	37.884548
1596707670593	1596707670591	-11.386	0.175	-0.767	1.519	-0.686	-0.811	127.738365	37.884548
1596707670613	1596707670611	-10.789	-1.772	-0.321	1.433	-0.689	-1.086	127.738365	37.884548
1596707670630	1596707670629	-9.843	0.118	-0.889	1.498	-0.730	-1.428	127.738365	37.884548
1596707670656	1596707670652	-9.311	1.579	-0.345	1.853	-0.520	-1.427	127.738365	37.884548
1596707670669	1596707670668	-8.576	1.526	-0.178	1.675	-0.513	-1.361	127.738365	37.884548
1596707670692	1596707670690	-7.920	0.559	-0.072	1.127	-0.586	-1.557	127.738365	37.884548
1596707670709	1596707670707	-7.716	0.939	-0.398	0.839	-0.663	-1.428	127.738365	37.884548
1596707670731	1596707670729	-7.177	0.872	-0.961	0.820	-0.748	-1.190	127.738365	37.884548
1596707670750	1596707670747	-6.593	0.300	-0.990	0.894	-0.530	-0.738	127.738365	37.884548
1596707670769	1596707670769	-7.469	0.470	-0.985	0.397	-0.288	-0.663	127.738365	37.884548
1596707670789	1596707670788	-8.511	0.980	-0.281	-0.062	-0.225	-0.572	127.738365	37.884548
1596707670809	1596707670809	-7.908	-0.158	-0.199	0.190	-0.504	-0.085	127.738365	37.884548
1596707670828	1596707670826	-7.692	0.180	-0.566	0.247	-0.352	0.074	127.738365	37.884548
1596707670848	1596707670848	-9.331	0.230	-0.060	0.130	0.123	0.069	127.738365	37.884548
1596707670867	1596707670866	-10.694	0.118	0.079	-0.049	0.245	0.207	127.738365	37.884548
1596707670888	1596707670885	-11.309	0.082	0.203	-0.255	0.173	0.443	127.738365	37.884548
1596707670907	1596707670905	-11.724	-0.328	0.165	-0.507	0.131	0.690	127.738365	37.884548
1596707670926	1596707670925	-12.883	-0.860	-0.417	-0.703	0.255	0.833	127.738365	37.884548
1596707670946	1596707670944	-14.838	-0.083	-0.214	-0.837	0.660	0.881	127.738365	37.884548
1596707670973	1596707670969	-14.979	-0.196	0.416	-1.179	0.350	0.798	127.738350	37.884541
1596707670992	1596707670989	-12.234	-0.934	0.742	-1.393	-0.369	0.678	127.738350	37.884541
1596707671005	1596707671003	-9.889	-1.698	1.114	-1.229	-0.460	0.494	127.738350	37.884541
1596707671030	1596707671026	-8.830	-0.529	1.140	-0.909	-0.117	0.272	127.738350	37.884541
1596707671045	1596707671042	-9.510	-1.078	1.164	-0.706	0.443	0.210	127.738350	37.884541
1596707671066	1596707671064	-11.479	-1.710	1.288	-0.392	0.840	0.019	127.738350	37.884541
1596707671084	1596707671082	-12.447	-0.471	1.408	0.186	0.920	-0.206	127.738350	37.884541
1596707671105	1596707671102	-12.835	-0.553	1.597	0.510	0.628	-0.168	127.738350	37.884541
1596707671123	1596707671121	-12.208	-0.323	0.953	0.380	0.077	-0.296	127.738350	37.884541
1596707671143	1596707671141	-10.821	0.590	0.924	0.377	-0.122	-0.328	127.738350	37.884541
1596707671163	1596707671162	-10.176	0.446	1.698	0.127	-0.069	-0.191	127.738350	37.884541
1596707671186	1596707671184	-9.069	0.630	2.247	-0.327	-0.283	-0.164	127.738350	37.884541
1596707671202	1596707671202	-7.457	0.412	2.211	-0.743	-0.575	-0.147	127.738350	37.884541
1596707671223	1596707671223	-6.188	0.345	1.859	-1.011	-0.548	-0.065	127.738350	37.884541
1596707671242	1596707671242	-6.272	-0.160	1.902	-1.228	-0.104	0.078	127.738350	37.884541
1596707671263	1596707671259	-7.043	-0.551	1.842	-1.363	0.168	0.124	127.738350	37.884541
1596707671286	1596707671285	-7.151	-0.637	1.576	-1.326	0.050	0.237	127.738350	37.884541
1596707671302	1596707671299	-6.825	-0.994	1.267	-1.168	-0.084	0.429	127.738350	37.884541
1596707671321	1596707671320	-7.364	-1.355	1.279	-0.909	0.048	0.601	127.738350	37.884541
1596707671341	1596707671339	-8.301	-1.434	1.252	-0.607	0.253	0.765	127.738350	37.884541
1596707671360	1596707671360	-9.002	-1.403	0.867	-0.362	0.390	0.973	127.738350	37.884541
1596707671380	1596707671380	-10.004	-1.425	0.735	-0.303	0.572	1.162	127.738350	37.884541
1596707671400	1596707671400	-11.388	-1.303	0.982	-0.378	0.760	1.291	127.738350	37.884541
1596707671420	1596707671419	-12.409	-1.533	1.092	-0.443	0.754	1.401	127.738350	37.884541
1596707671440	1596707671439	-13.151	-1.806	0.323	-0.479	0.646	1.417	127.738350	37.884541
1596707671459	1596707671459	-15.164	-1.801	0.095	-0.434	0.924	1.370	127.738350	37.884541
1596707671482	1596707671479	-17.197	-1.715	1.267	-0.395	1.158	1.264	127.738350	37.884541
1596707671501	1596707671499	-15.779	-2.256	1.609	-0.304	0.393	1.050	127.738350	37.884541
1596707671518	1596707671515	-12.581	-2.029	0.805	-0.049	-0.392	0.722	127.738350	37.884541
1596707671537	1596707671534	-10.962	-2.455	0.309	0.278	-0.277	0.375	127.738350	37.884541
1596707671557	1596707671554	-10.425	-2.359	0.651	0.651	-0.018	0.035	127.738350	37.884541
1596707671577	1596707671575	-9.568	-1.581	0.395	0.896	-0.180	-0.355	127.738350	37.884541
1596707671597	1596707671595	-9.443	-1.525	0.122	1.096	-0.196	-0.672	127.738350	37.884541
1596707671614	1596707671613	-10.605	-1.691	0.342	1.303	-0.047	-0.882	127.738350	37.884541
1596707671635	1596707671634	-11.276	-1.700	0.589	1.593	-0.182	-0.953	127.738350	37.884541
1596707671655	1596707671652	-11.269	-1.514	0.816	1.942	-0.306	-0.886	127.738350	37.884541
1596707671676	1596707671676	-10.921	-1.260	0.910	2.122	-0.445	-0.859	127.738350	37.884541
1596707671695	1596707671691	-10.006	-0.991	0.869	2.058	-0.666	-0.903	127.738350	37.884541
1596707671713	1596707671711	-9.115	-1.063	0.649	1.903	-0.774	-0.972	127.738350	37.884541
1596707671733	1596707671731	-9.000	-1.159	0.637	1.834	-0.773	-1.067	127.738350	37.884541
1596707671763	1596707671770	-8.950	-0.910	0.457	1.742	-0.823	-1.152	127.738350	37.884541
1596707671777	1596707671776	-8.875	-0.098	0.263	1.514	-0.818	-1.218	127.738350	37.884541
1596707671798	1596707671793	-9.568	-0.436	0.239	1.101	-0.724	-1.251	127.738350	37.884541
1596707671811	1596707671811	-9.628	-0.100	-0.065	0.614	-0.755	-1.227	127.738350	37.884541
1596707671836	1596707671832	-10.164	-1.667	0.306	0.236	-0.859	-1.252	127.738350	37.884541
1596707671854	1596707671850	-9.362	-0.177	-0.343	0.027	-1.100	-1.390	127.738350	37.884541
1596707671887	1596707671890	-9.110	-0.117	-0.199	-0.081	-0.906	-1.292	127.738350	37.884541
1596707671900	1596707671896	-9.065	-0.646	-0.182	-0.293	-0.886	-1.307	127.738350	37.884541
1596707671913	1596707671911	-8.713	-0.701	-0.357	-0.376	-0.986	-1.320	127.738350	37.884541
1596707671931	1596707671928	-9.120	-0.709	-0.487	-0.411	-0.899	-1.294	127.738350	37.884541
1596707671951	1596707671948	-9.544	-0.543	-0.405	-0.308	-0.749	-1.024	127.738350	37.884541
1596707671979	1596707671976	-9.601	-0.306	-0.439	-0.253	-0.664	-0.784	127.738342	37.884537
1596707671992	1596707671990	-9.460	-0.136	-0.578	-0.141	-0.594	-0.583	127.738342	37.884537
1596707672009	1596707672006	-10.557	0.206	-1.071	-0.125	-0.241	-0.277	127.738342	37.884537
1596707672029	1596707672027	-13.111	0.094	-0.796	-0.389	0.466	0.188	127.738342	37.884537
1596707672060	1596707672054	-14.172	-0.347	0.225	-0.704	0.491	0.589	127.738342	37.884537
1596707672068	1596707672066	-12.169	-0.476	0.019	-1.086	-0.178	0.772	127.738342	37.884537
1596707672088	1596707672085	-10.440	-0.699	0.242	-1.353	-0.124	0.895	127.738342	37.884537
1596707672107	1596707672104	-9.925	-1.030	0.644	-1.416	0.322	0.928	127.738342	37.884537
1596707672126	1596707672124	-10.071	-1.494	1.255	-1.229	0.697	0.908	127.738342	37.884537
1596707672146	1596707672144	-10.902	-1.887	1.978	-0.774	1.043	0.945	127.738342	37.884537
1596707672167	1596707672166	-12.277	-2.340	2.584	-0.015	1.280	1.007	127.738342	37.884537
1596707672186	1596707672185	-13.127	-1.590	2.345	0.693	1.205	0.908	127.738342	37.884537
1596707672208	1596707672208	-12.675	-0.802	1.454	1.216	0.877	0.609	127.738342	37.884537
1596707672225	1596707672225	-11.760	-0.462	1.171	1.496	0.628	0.478	127.738342	37.884537
1596707672245	1596707672244	-10.746	0.695	1.025	1.173	0.236	0.208	127.738342	37.884537
1596707672264	1596707672262	-9.450	0.872	1.341	0.710	-0.077	0.198	127.738342	37.884537
1596707672284	1596707672281	-8.111	1.356	1.499	0.154	-0.402	0.094	127.738342	37.884537
1596707672303	1596707672302	-6.902	1.955	1.406	-0.984	-0.404	0.111	127.738342	37.884537
1596707672323	1596707672321	-6.684	0.743	1.593	-1.977	-0.178	0.340	127.738342	37.884537
1596707672343	1596707672341	-7.064	-0.076	1.583	-2.512	-0.089	0.429	127.738342	37.884537
1596707672363	1596707672360	-7.785	-0.603	1.468	-2.851	0.021	0.622	127.738342	37.884537
1596707672383	1596707672382	-8.384	-1.276	1.121	-2.933	0.006	0.877	127.738342	37.884537
1596707672401	1596707672401	-8.808	-1.688	0.706	-2.759	-0.015	1.209	127.738342	37.884537
1596707672422	1596707672422	-9.465	-2.024	0.438	-2.400	0.070	1.557	127.738342	37.884537
1596707672442	1596707672441	-10.296	-2.340	0.584	-1.912	0.212	1.911	127.738342	37.884537
1596707672464	1596707672464	-11.022	-2.505	0.807	-1.386	0.219	2.223	127.738342	37.884537
1596707672485	1596707672481	-11.479	-2.323	0.704	-0.913	0.156	2.306	127.738342	37.884537
1596707672502	1596707672500	-11.851	-1.988	1.030	-0.814	0.315	2.547	127.738342	37.884537
1596707672521	1596707672519	-12.390	-2.103	0.706	-0.895	0.394	2.529	127.738342	37.884537
1596707672542	1596707672539	-14.102	-2.740	0.227	-0.968	0.763	2.358	127.738342	37.884537
1596707672561	1596707672558	-16.337	-2.692	1.394	-0.589	1.236	2.176	127.738342	37.884537
1596707672583	1596707672582	-15.494	-2.014	2.132	0.113	0.465	1.682	127.738342	37.884537
1596707672601	1596707672599	-12.126	-3.047	1.576	0.779	-0.453	1.111	127.738342	37.884537
1596707672626	1596707672621	-10.243	-3.478	0.860	1.218	-0.568	0.471	127.738342	37.884537
1596707672639	1596707672639	-10.782	-3.732	0.321	1.772	-0.536	-0.325	127.738342	37.884537
1596707672663	1596707672661	-11.604	-2.330	-0.194	2.057	-0.394	-0.697	127.738342	37.884537
1596707672681	1596707672677	-11.460	-2.163	0.206	2.023	-0.347	-0.635	127.738342	37.884537
1596707672703	1596707672701	-11.338	-1.820	-0.146	2.065	-0.748	-1.105	127.738342	37.884537
1596707672718	1596707672714	-11.431	-1.470	0.222	2.054	-0.797	-1.539	127.738342	37.884537
1596707672737	1596707672734	-11.259	-0.994	0.747	1.932	-0.918	-1.943	127.738342	37.884537
1596707672757	1596707672754	-10.418	-0.359	0.948	1.602	-1.249	-2.383	127.738342	37.884537
1596707672777	1596707672775	-9.395	-0.040	0.819	1.143	-1.355	-2.722	127.738342	37.884537
1596707672796	1596707672794	-8.952	-0.433	0.603	0.910	-1.162	-2.897	127.738342	37.884537
1596707672815	1596707672815	-9.450	-0.565	0.534	0.732	-0.979	-3.045	127.738342	37.884537
1596707672835	1596707672834	-9.946	-0.400	0.316	0.436	-0.936	-3.047	127.738342	37.884537
1596707672854	1596707672854	-9.937	-0.354	0.328	0.228	-0.920	-2.828	127.738342	37.884537
1596707672873	1596707672872	-9.958	-0.230	0.095	0.039	-0.852	-2.646	127.738342	37.884537
1596707672902	1596707672897	-9.697	-0.392	0.048	-0.045	-0.709	-2.398	127.738342	37.884537
1596707672913	1596707672911	-9.795	-0.404	0.007	0.069	-0.745	-2.071	127.738342	37.884537
1596707672937	1596707672933	-9.467	-0.376	-0.046	0.176	-0.835	-1.689	127.738342	37.884537
1596707672953	1596707672953	-9.007	-0.503	-0.194	0.369	-0.835	-1.260	127.738335	37.884529
1596707672972	1596707672971	-8.811	-0.146	-0.369	0.341	-0.821	-0.936	127.738335	37.884529
1596707672992	1596707672990	-8.993	0.077	-0.597	0.195	-0.660	-0.624	127.738335	37.884529
1596707673011	1596707673010	-9.491	0.326	-0.547	-0.081	-0.459	-0.344	127.738335	37.884529
1596707673032	1596707673031	-9.678	0.118	-0.465	-0.488	-0.400	-0.102	127.738335	37.884529
1596707673051	1596707673048	-9.067	0.015	-0.046	-0.911	-0.399	0.016	127.738335	37.884529
1596707673074	1596707673069	-9.216	-0.074	-0.259	-1.189	-0.163	0.258	127.738335	37.884529
1596707673092	1596707673091	-11.113	-0.333	0.012	-1.331	0.565	0.592	127.738335	37.884529
1596707673112	1596707673109	-12.517	-0.649	0.778	-1.371	0.830	0.932	127.738335	37.884529
1596707673132	1596707673132	-12.042	-1.233	0.982	-1.131	0.467	1.245	127.738335	37.884529
1596707673151	1596707673148	-11.132	-1.252	0.934	-0.770	0.437	1.568	127.738335	37.884529
1596707673169	1596707673167	-11.228	-1.480	1.066	-0.460	0.699	1.822	127.738335	37.884529
1596707673189	1596707673188	-11.712	-1.502	1.470	-0.136	0.886	1.999	127.738335	37.884529
1596707673208	1596707673208	-11.954	-1.631	1.887	0.298	0.972	2.114	127.738335	37.884529
1596707673228	1596707673228	-12.687	-1.722	2.074	0.807	1.092	2.134	127.738335	37.884529
1596707673248	1596707673248	-13.585	-1.274	1.700	1.053	1.154	1.965	127.738335	37.884529
1596707673267	1596707673267	-13.837	-1.111	1.509	1.038	1.061	1.644	127.738335	37.884529
1596707673288	1596707673286	-12.823	-0.855	1.813	1.138	0.696	1.374	127.738335	37.884529
1596707673307	1596707673307	-10.739	-0.131	2.029	0.756	0.173	1.056	127.738335	37.884529
1596707673329	1596707673328	-8.559	0.187	1.540	0.219	-0.239	0.688	127.738335	37.884529
1596707673346	1596707673344	-7.215	0.899	1.214	-0.389	-0.273	0.427	127.738335	37.884529
1596707673365	1596707673363	-6.743	1.088	1.193	-1.106	-0.101	0.282	127.738335	37.884529
1596707673385	1596707673383	-7.136	0.218	1.090	-1.988	0.079	0.159	127.738335	37.884529
1596707673404	1596707673404	-7.601	-0.895	0.931	-2.734	0.213	0.155	127.738335	37.884529
1596707673424	1596707673424	-8.298	-1.684	1.106	-3.018	0.365	0.336	127.738335	37.884529
1596707673444	1596707673444	-8.871	-1.892	1.274	-3.098	0.341	0.472	127.738335	37.884529
1596707673464	1596707673464	-8.895	-2.230	1.130	-3.040	0.137	0.636	127.738335	37.884529
1596707673484	1596707673482	-8.902	-2.889	1.142	-2.523	0.065	0.992	127.738335	37.884529
1596707673507	1596707673502	-9.206	-3.140	1.202	-1.672	0.163	1.355	127.738335	37.884529
1596707673523	1596707673522	-9.963	-2.685	1.466	-0.836	0.399	1.647	127.738335	37.884529
1596707673543	1596707673540	-10.837	-2.282	1.669	-0.300	0.578	1.793	127.738335	37.884529
1596707673562	1596707673560	-11.487	-2.589	2.100	0.002	0.703	1.949	127.738335	37.884529
1596707673583	1596707673581	-11.877	-2.872	1.947	0.339	0.684	1.937	127.738335	37.884529
1596707673601	1596707673601	-12.471	-3.224	1.097	0.836	0.463	1.648	127.738335	37.884529
1596707673623	1596707673623	-13.851	-2.076	0.359	1.380	0.621	1.141	127.738335	37.884529
1596707673642	1596707673642	-15.413	-0.656	1.382	1.293	1.073	1.166	127.738335	37.884529
1596707673664	1596707673664	-14.589	-1.926	1.303	1.234	0.258	0.738	127.738335	37.884529
1596707673685	1596707673685	-12.691	-2.014	0.318	1.383	-0.450	0.317	127.738335	37.884529
1596707673704	1596707673704	-12.869	-1.540	0.254	1.590	-0.344	-0.091	127.738335	37.884529
1596707673722	1596707673719	-13.626	-1.523	0.337	1.528	-0.382	-0.486	127.738335	37.884529
1596707673741	1596707673739	-13.151	-1.736	0.148	1.533	-0.791	-0.809	127.738335	37.884529
1596707673760	1596707673758	-12.397	-1.849	0.127	1.601	-1.146	-1.161	127.738335	37.884529
1596707673780	1596707673778	-11.283	-1.624	0.249	1.683	-1.496	-1.580	127.738335	37.884529
1596707673800	1596707673799	-9.838	-1.643	0.095	1.761	-1.859	-1.927	127.738335	37.884529
1596707673819	1596707673818	-8.710	-1.643	-0.288	1.664	-1.922	-2.269	127.738335	37.884529
1596707673839	1596707673838	-9.036	-1.710	-0.369	1.394	-1.543	-2.695	127.738335	37.884529
1596707673858	1596707673857	-10.267	-1.858	-0.568	0.737	-1.097	-3.119	127.738335	37.884529
1596707673878	1596707673876	-10.835	-2.079	-1.411	0.037	-0.786	-3.360	127.738335	37.884529
1596707673899	1596707673898	-10.466	-2.757	-1.716	0.007	-0.782	-3.367	127.738335	37.884529
1596707673918	1596707673914	-9.779	-2.532	-1.351	0.044	-0.842	-3.420	127.738335	37.884529
1596707673940	1596707673934	-9.345	-3.430	-1.457	0.367	-0.828	-3.353	127.738335	37.884529
1596707673954	1596707673953	-9.335	-4.089	-1.404	0.741	-0.648	-3.268	127.738335	37.884529
1596707673975	1596707673973	-9.201	-3.430	-1.919	1.166	-0.433	-3.083	127.738327	37.884521
1596707673995	1596707673993	-9.563	-3.502	-2.192	1.768	-0.236	-2.712	127.738327	37.884521
1596707674014	1596707674013	-9.608	-2.484	-2.705	2.427	-0.143	-2.607	127.738327	37.884521
1596707674040	1596707674035	-9.678	-1.348	-2.247	2.688	-0.166	-2.114	127.738327	37.884521
1596707674054	1596707674052	-9.585	-1.296	-2.755	2.327	-0.544	-1.635	127.738327	37.884521
1596707674079	1596707674074	-8.645	-0.589	-2.310	1.891	-0.301	-1.387	127.738327	37.884521
1596707674098	1596707674092	-8.260	0.618	-1.692	1.868	-0.154	-0.806	127.738327	37.884521
1596707674115	1596707674111	-7.582	2.257	0.328	1.934	-0.050	-0.236	127.738327	37.884521
1596707674133	1596707674131	-7.311	4.363	1.890	1.274	0.152	0.099	127.738327	37.884521
1596707674153	1596707674151	-9.455	3.306	0.198	-0.261	0.559	0.482	127.738327	37.884521
1596707674172	1596707674170	-12.850	1.495	-1.967	-1.776	1.595	0.946	127.738327	37.884521
1596707674194	1596707674189	-15.207	0.801	-0.729	-2.373	2.025	1.612	127.738327	37.884521
1596707674211	1596707674211	-15.477	0.448	0.663	-2.436	1.476	2.091	127.738327	37.884521
1596707674232	1596707674232	-13.659	-0.330	2.371	-2.091	1.026	2.628	127.738327	37.884521
1596707674251	1596707674250	-12.567	-0.951	3.341	-1.666	0.956	2.591	127.738327	37.884521
1596707674270	1596707674270	-12.548	0.865	2.975	-1.209	1.213	2.127	127.738327	37.884521
1596707674290	1596707674290	-13.669	1.682	2.314	-0.580	1.147	2.261	127.738327	37.884521
1596707674310	1596707674310	-14.225	1.155	1.861	-0.293	1.110	2.169	127.738327	37.884521
1596707674330	1596707674330	-14.028	1.821	1.360	-0.562	1.021	1.985	127.738327	37.884521
1596707674353	1596707674347	-13.578	1.138	0.816	-1.284	0.598	1.952	127.738327	37.884521
1596707674369	1596707674367	-12.888	-0.258	0.821	-1.891	0.119	1.877	127.738327	37.884521
1596707674389	1596707674386	-11.726	-0.088	1.264	-2.217	-0.442	1.859	127.738327	37.884521
1596707674407	1596707674406	-10.413	0.053	0.548	-2.633	-0.727	1.965	127.738327	37.884521
1596707674428	1596707674427	-9.599	-0.924	0.337	-2.892	-0.766	2.021	127.738327	37.884521
1596707674448	1596707674448	-9.443	-1.650	0.412	-3.003	-0.675	2.036	127.738327	37.884521
1596707674467	1596707674467	-9.829	-2.263	0.359	-3.016	-0.454	1.860	127.738327	37.884521
1596707674487	1596707674486	-10.181	-2.182	0.354	-2.742	-0.408	1.788	127.738327	37.884521
1596707674506	1596707674506	-10.301	-2.141	0.186	-2.275	-0.441	1.810	127.738327	37.884521
1596707674527	1596707674524	-10.243	-2.273	0.213	-1.714	-0.373	1.670	127.738327	37.884521
1596707674546	1596707674544	-10.088	-2.266	0.246	-1.159	-0.329	1.786	127.738327	37.884521
1596707674565	1596707674563	-9.810	-2.316	0.052	-0.840	-0.366	1.930	127.738327	37.884521
1596707674585	1596707674583	-9.529	-2.433	-0.161	-0.676	-0.216	2.033	127.738327	37.884521
1596707674604	1596707674602	-9.656	-2.417	-0.240	-0.595	-0.004	2.087	127.738327	37.884521
1596707674625	1596707674623	-10.188	-2.436	-0.132	-0.585	0.194	2.109	127.738327	37.884521
1596707674644	1596707674642	-10.593	-2.721	-0.111	-0.555	0.224	2.091	127.738327	37.884521
1596707674664	1596707674664	-10.533	-3.279	-0.017	-0.485	0.143	2.051	127.738327	37.884521
1596707674683	1596707674683	-11.079	-3.971	-0.872	-0.247	0.132	1.798	127.738327	37.884521
1596707674704	1596707674702	-13.676	-4.474	-0.971	0.215	0.959	1.361	127.738327	37.884521
1596707674726	1596707674721	-15.973	-4.005	0.311	0.776	1.320	0.815	127.738327	37.884521
1596707674744	1596707674742	-14.376	-3.310	0.335	1.495	0.131	0.214	127.738327	37.884521
1596707674762	1596707674760	-12.131	-2.436	-0.853	2.040	-0.479	-0.337	127.738327	37.884521
1596707674783	1596707674780	-11.903	-1.851	-0.151	2.270	0.013	-0.751	127.738327	37.884521
1596707674802	1596707674800	-11.522	-1.521	-0.324	2.470	-0.159	-1.412	127.738327	37.884521
1596707674823	1596707674822	-11.125	-1.288	-1.299	2.605	-0.555	-1.976	127.738327	37.884521
1596707674842	1596707674841	-11.597	-0.881	-2.264	2.608	-0.733	-2.542	127.738327	37.884521
1596707674862	1596707674862	-12.188	0.051	-2.496	2.531	-0.827	-3.111	127.738327	37.884521
1596707674882	1596707674881	-12.548	0.925	-2.087	2.311	-0.663	-3.366	127.738327	37.884521
1596707674901	1596707674901	-13.554	0.714	-1.280	2.312	-0.339	-3.516	127.738327	37.884521
1596707674922	1596707674920	-13.913	0.535	-1.804	2.312	-0.368	-3.820	127.738327	37.884521
1596707674946	1596707674946	-13.257	1.399	-2.940	2.494	-0.500	-3.921	127.738327	37.884521
1596707674959	1596707674958	-12.313	-1.315	-2.037	2.781	-0.405	-3.711	127.738327	37.884521
1596707674980	1596707674977	-11.422	-1.324	-2.508	2.953	-0.421	-3.701	127.738319	37.884514
1596707675000	1596707674997	-11.542	2.540	-2.372	3.267	-0.305	-3.823	127.738319	37.884514
1596707675019	1596707675017	-10.176	3.891	-2.329	3.099	-0.356	-3.301	127.738319	37.884514
1596707675042	1596707675039	-9.479	1.076	-2.554	2.234	-0.526	-3.003	127.738319	37.884514
1596707675058	1596707675055	-10.265	1.308	-3.040	1.656	-0.680	-2.737	127.738319	37.884514
1596707675081	1596707675077	-9.304	1.811	-2.094	1.682	-0.833	-2.048	127.738319	37.884514
1596707675097	1596707675095	-7.764	2.135	-1.890	1.485	-1.157	-1.685	127.738319	37.884514
1596707675123	1596707675120	-6.808	2.257	-1.883	0.993	-0.911	-0.982	127.738319	37.884514
1596707675137	1596707675134	-7.740	1.198	-1.033	0.966	-0.246	-0.395	127.738319	37.884514
1596707675161	1596707675158	-9.738	1.174	-0.803	0.646	-0.072	-0.179	127.738319	37.884514
1596707675175	1596707675173	-10.013	2.245	-1.514	0.131	-0.294	0.026	127.738319	37.884514
1596707675197	1596707675193	-10.066	2.542	-1.656	-0.697	-0.202	0.498	127.738319	37.884514
1596707675214	1596707675214	-11.911	0.686	-1.723	-1.367	0.047	0.909	127.738319	37.884514
1596707675235	1596707675233	-13.472	1.105	-1.905	-1.817	0.500	1.318	127.738319	37.884514
1596707675254	1596707675254	-15.803	0.743	-1.351	-2.556	0.997	1.507	127.738319	37.884514
1596707675273	1596707675274	-16.723	-0.498	0.086	-2.964	0.919	1.646	127.738319	37.884514
1596707675293	1596707675293	-14.682	-1.360	0.117	-3.100	0.001	1.666	127.738319	37.884514
1596707675313	1596707675312	-12.565	-1.988	-0.345	-2.863	-0.197	1.810	127.738319	37.884514
1596707675333	1596707675330	-12.809	-2.129	-0.041	-2.414	0.490	1.769	127.738319	37.884514
1596707675352	1596707675350	-13.880	-1.664	0.472	-1.897	0.774	1.524	127.738319	37.884514
1596707675371	1596707675369	-13.923	-1.902	0.517	-1.074	0.536	1.245	127.738319	37.884514
1596707675391	1596707675390	-12.850	-1.638	0.443	-0.252	0.182	0.968	127.738319	37.884514
1596707675412	1596707675409	-11.863	-1.660	0.258	0.261	0.001	0.847	127.738319	37.884514
1596707675431	1596707675430	-10.622	-1.497	-0.008	0.312	-0.001	0.670	127.738319	37.884514
1596707675450	1596707675450	-9.180	-1.940	0.323	0.556	-0.141	0.743	127.738319	37.884514
1596707675470	1596707675470	-8.059	-0.694	0.364	0.020	-0.413	0.786	127.738319	37.884514
1596707675491	1596707675490	-7.402	-0.642	0.445	-0.677	-0.268	0.918	127.738319	37.884514
1596707675510	1596707675510	-7.426	-1.739	0.539	-0.825	0.058	1.130	127.738319	37.884514
1596707675530	1596707675530	-7.558	-1.413	0.807	-0.952	0.120	1.301	127.738319	37.884514
1596707675551	1596707675547	-7.385	-1.533	0.948	-1.147	0.022	1.391	127.738319	37.884514
1596707675569	1596707675568	-7.512	-2.333	0.426	-1.086	0.011	1.699	127.738319	37.884514
1596707675589	1596707675586	-8.286	-2.730	0.086	-0.620	0.224	2.055	127.738319	37.884514
1596707675609	1596707675606	-9.290	-2.134	0.194	-0.155	0.411	2.255	127.738319	37.884514
1596707675627	1596707675627	-10.121	-1.995	0.309	0.142	0.436	2.535	127.738319	37.884514
1596707675648	1596707675648	-10.756	-1.988	0.280	0.164	0.397	2.632	127.738319	37.884514
1596707675667	1596707675667	-11.618	-2.148	0.270	-0.026	0.534	2.615	127.738319	37.884514
1596707675687	1596707675687	-12.828	-2.045	0.414	-0.319	0.732	2.568	127.738319	37.884514
1596707675706	1596707675706	-13.274	-1.835	0.694	-0.686	0.623	2.323	127.738319	37.884514
1596707675726	1596707675725	-12.296	-1.870	0.527	-1.263	0.111	1.837	127.738319	37.884514
1596707675747	1596707675747	-11.448	-2.400	-0.487	-1.500	-0.202	1.223	127.738319	37.884514
1596707675766	1596707675764	-12.107	-3.284	0.079	-1.370	0.417	0.648	127.738319	37.884514
1596707675785	1596707675783	-12.881	-3.509	0.416	-0.999	0.489	-0.141	127.738319	37.884514
1596707675804	1596707675803	-12.445	-3.523	-0.113	-0.409	0.102	-0.883	127.738319	37.884514
1596707675824	1596707675822	-11.599	-2.963	-0.585	0.125	-0.184	-1.630	127.738319	37.884514
1596707675844	1596707675843	-11.072	-1.770	-1.687	0.460	-0.417	-2.478	127.738319	37.884514
1596707675863	1596707675863	-11.800	-0.852	-2.494	0.581	-0.229	-3.193	127.738319	37.884514
1596707675883	1596707675883	-13.750	-1.109	-2.262	0.405	0.147	-3.617	127.738319	37.884514
1596707675903	1596707675903	-15.125	-1.434	-0.800	0.253	0.360	-3.863	127.738319	37.884514
1596707675922	1596707675921	-14.910	-0.855	0.493	0.027	0.195	-3.791	127.738319	37.884514
1596707675955	1596707675955	-12.356	0.563	-0.618	-0.231	-0.053	-3.511	127.738319	37.884514
1596707675964	1596707675964	-9.719	1.083	-3.146	-0.107	0.292	-3.009	127.738319	37.884514
1596707675982	1596707675979	-8.921	0.111	-3.268	0.399	0.938	-2.509	127.738319	37.884514
1596707676001	1596707675999	-8.883	-1.918	-4.111	1.796	0.845	-2.072	127.738304	37.884506
1596707676021	1596707676020	-8.344	0.458	-1.857	3.594	0.361	-1.303	127.738304	37.884506
1596707676043	1596707676040	-7.575	2.477	-1.440	4.931	-0.220	-0.682	127.738304	37.884506
1596707676061	1596707676060	-7.237	2.870	-1.795	4.724	0.147	-0.827	127.738304	37.884506
1596707676082	1596707676081	-7.795	3.793	-1.876	3.076	0.496	-0.856	127.738304	37.884506
1596707676101	1596707676099	-8.377	1.543	-1.416	1.845	0.420	-0.472	127.738304	37.884506
1596707676125	1596707676122	-8.919	-1.202	-1.299	1.627	0.245	-0.215	127.738304	37.884506
1596707676147	1596707676143	-8.497	-0.052	-1.445	1.650	0.196	-0.013	127.738304	37.884506
1596707676165	1596707676159	-8.265	-1.545	-1.749	1.091	0.113	-0.080	127.738304	37.884506
1596707676181	1596707676177	-7.905	-1.439	-1.785	0.955	0.023	-0.043	127.738304	37.884506
1596707676205	1596707676202	-8.995	-1.190	-0.697	0.898	0.322	-0.099	127.738304	37.884506
1596707676219	1596707676217	-10.646	-1.389	0.426	0.534	0.389	-0.246	127.738304	37.884506
1596707676238	1596707676238	-11.388	-1.020	1.866	0.305	-0.101	-0.199	127.738304	37.884506
1596707676258	1596707676256	-11.568	-0.170	1.276	-0.345	-0.383	-0.243	127.738304	37.884506
1596707676278	1596707676276	-13.020	-1.444	-0.067	-1.714	-0.082	-0.589	127.738304	37.884506
1596707676298	1596707676296	-13.865	-3.895	-1.265	-2.751	-0.212	-0.758	127.738304	37.884506
1596707676316	1596707676316	-13.693	-5.140	-1.445	-3.041	-0.506	-0.543	127.738304	37.884506
1596707676337	1596707676335	-13.103	-6.120	-0.463	-2.879	-0.499	-0.442	127.738304	37.884506
1596707676355	1596707676353	-11.436	-6.522	-0.125	-2.450	-0.591	-0.447	127.738304	37.884506
1596707676375	1596707676375	-10.229	-6.048	-0.020	-1.721	-0.445	-0.635	127.738304	37.884506
1596707676394	1596707676391	-10.739	-4.989	0.591	-0.939	-0.092	-0.658	127.738304	37.884506
1596707676413	1596707676411	-11.772	-4.292	1.044	-0.162	0.031	-0.557	127.738304	37.884506
1596707676434	1596707676431	-12.397	-3.248	1.741	0.556	-0.203	-0.416	127.738304	37.884506
1596707676453	1596707676451	-11.410	-1.753	1.674	0.579	-0.620	-0.373	127.738304	37.884506
1596707676472	1596707676471	-10.047	-1.360	1.377	-0.034	-0.875	-0.368	127.738304	37.884506
1596707676493	1596707676490	-9.096	-1.516	0.436	-0.884	-0.945	-0.430	127.738304	37.884506
1596707676512	1596707676510	-8.241	-1.947	-1.023	-1.452	-0.780	-0.411	127.738304	37.884506
1596707676535	1596707676535	-7.007	-0.721	-1.395	-1.404	-0.615	-0.147	127.738304	37.884506
1596707676552	1596707676552	-4.968	0.918	-1.248	-1.279	-0.741	0.212	127.738304	37.884506
1596707676576	1596707676576	-4.314	0.415	-0.872	-1.409	-0.514	0.684	127.738304	37.884506
1596707676591	1596707676589	-5.218	-1.001	-0.561	-1.583	-0.162	1.129	127.738304	37.884506
1596707676612	1596707676609	-6.861	-1.775	0.690	-1.473	0.011	1.592	127.738304	37.884506
1596707676630	1596707676629	-8.039	-2.213	1.619	-1.597	-0.009	1.792	127.738304	37.884506
1596707676653	1596707676650	-9.014	-4.276	0.656	-1.978	-0.031	1.819	127.738304	37.884506
1596707676669	1596707676669	-10.056	-7.224	-0.410	-1.789	-0.042	1.785	127.738304	37.884506
1596707676691	1596707676688	-10.217	-6.681	-0.999	-1.786	-0.158	1.458	127.738304	37.884506
1596707676709	1596707676709	-10.610	-7.232	-1.349	-1.898	-0.087	0.720	127.738304	37.884506
1596707676729	1596707676727	-11.173	-8.288	-2.195	-2.094	0.129	-0.016	127.738304	37.884506
1596707676749	1596707676746	-11.513	-8.789	-2.573	-2.131	0.352	-0.579	127.738304	37.884506
1596707676768	1596707676766	-12.699	-8.568	-2.382	-1.813	0.487	-0.935	127.738304	37.884506
1596707676788	1596707676786	-13.772	-7.488	-2.894	-1.229	0.480	-1.035	127.738304	37.884506
1596707676807	1596707676806	-13.173	-7.076	-2.877	-0.876	0.406	-0.850	127.738304	37.884506
1596707676826	1596707676825	-12.886	-7.236	-1.047	-0.713	0.137	-0.743	127.738304	37.884506
1596707676847	1596707676846	-11.257	-6.415	-0.300	-0.128	-0.291	-0.571	127.738304	37.884506
1596707676866	1596707676866	-8.895	-5.588	-0.621	0.923	-0.616	-0.298	127.738304	37.884506
1596707676886	1596707676886	-8.027	-4.402	-1.179	2.050	-0.567	-0.169	127.738304	37.884506
1596707676905	1596707676905	-8.794	-2.601	-1.751	2.667	-0.205	-0.018	127.738304	37.884506
1596707676926	1596707676926	-8.842	-1.367	-2.046	2.452	0.071	0.190	127.738304	37.884506
1596707676946	1596707676944	-8.868	-2.328	-2.250	1.859	0.374	0.417	127.738304	37.884506
1596707676968	1596707676963	-9.352	-3.921	-2.029	1.736	0.621	0.482	127.738297	37.884499
1596707676989	1596707676989	-9.400	-4.158	-2.123	2.197	0.685	0.408	127.738297	37.884499
1596707677004	1596707677002	-9.208	-3.334	-2.810	3.025	0.747	0.355	127.738297	37.884499
1596707677023	1596707677022	-8.940	-0.979	-2.698	3.376	0.681	0.271	127.738297	37.884499
1596707677044	1596707677042	-8.557	-0.191	-2.295	2.938	0.573	0.132	127.738297	37.884499
1596707677063	1596707677061	-8.257	-0.953	-1.991	2.423	0.624	-0.060	127.738297	37.884499
1596707677084	1596707677082	-8.384	-1.439	-1.663	2.049	0.781	-0.185	127.738297	37.884499
1596707677103	1596707677102	-8.590	-2.029	-1.608	1.690	0.909	-0.276	127.738297	37.884499
1596707677124	1596707677123	-8.847	-1.307	-1.464	1.507	0.905	-0.233	127.738297	37.884499
1596707677142	1596707677142	-8.816	-0.579	-0.851	1.478	0.644	-0.221	127.738297	37.884499
1596707677171	1596707677165	-8.382	0.003	-0.915	1.010	0.382	-0.386	127.738297	37.884499
1596707677187	1596707677181	-8.952	-1.679	-0.674	-0.055	0.433	-0.735	127.738297	37.884499
1596707677204	1596707677203	-9.539	-5.028	-0.185	-1.048	0.406	-0.848	127.738297	37.884499
1596707677221	1596707677220	-8.562	-5.835	-0.858	-1.102	0.137	-0.745	127.738297	37.884499
1596707677242	1596707677240	-7.826	-5.365	-1.687	-0.515	0.047	-0.786	127.738297	37.884499
1596707677261	1596707677259	-7.984	-5.059	-1.512	0.283	-0.048	-0.747	127.738297	37.884499
1596707677281	1596707677279	-7.965	-3.744	-0.973	0.671	-0.213	-0.669	127.738297	37.884499
1596707677301	1596707677300	-8.015	-3.001	-0.338	0.273	-0.238	-0.614	127.738297	37.884499
1596707677320	1596707677320	-9.395	-3.372	-0.436	-0.301	-0.199	-0.458	127.738297	37.884499
1596707677343	1596707677343	-11.106	-3.511	-0.590	-0.600	-0.274	-0.098	127.738297	37.884499
1596707677360	1596707677360	-11.163	-3.883	-0.678	-1.105	-0.731	0.150	127.738297	37.884499
1596707677379	1596707677378	-10.615	-4.230	0.237	-1.678	-1.187	0.150	127.738297	37.884499
1596707677399	1596707677398	-11.458	-6.120	2.180	-1.972	-1.478	0.176	127.738297	37.884499
1596707677419	1596707677416	-12.921	-8.223	2.472	-1.833	-1.588	0.155	127.738297	37.884499
1596707677438	1596707677436	-13.810	-7.045	1.902	-0.907	-0.992	-0.144	127.738297	37.884499
1596707677458	1596707677456	-14.090	-3.928	1.317	0.102	-0.666	-0.324	127.738297	37.884499
1596707677479	1596707677474	-13.889	-2.584	0.711	0.308	-0.756	-0.426	127.738297	37.884499
1596707677497	1596707677496	-13.657	-2.615	0.963	0.369	-0.585	-0.302	127.738297	37.884499
1596707677516	1596707677515	-12.517	-1.751	1.212	0.467	-0.677	-0.334	127.738297	37.884499
1596707677541	1596707677537	-10.145	-0.907	1.240	0.400	-0.994	-0.278	127.738297	37.884499
1596707677555	1596707677555	-7.980	-0.155	2.156	-0.054	-1.010	-0.210	127.738297	37.884499
1596707677581	1596707677577	-6.478	-0.045	2.175	-0.595	-0.759	-0.188	127.738297	37.884499
1596707677594	1596707677592	-5.756	-0.824	1.389	-0.867	-0.290	-0.095	127.738297	37.884499
1596707677617	1596707677614	-5.464	-0.567	0.256	-1.079	-0.142	0.231	127.738297	37.884499
1596707677634	1596707677631	-5.330	-1.169	-0.084	-0.911	-0.065	0.620	127.738297	37.884499
1596707677655	1596707677653	-5.618	-1.875	0.083	-0.708	0.188	0.797	127.738297	37.884499
1596707677674	1596707677673	-6.058	-2.323	-0.422	-0.538	0.391	0.918	127.738297	37.884499
1596707677694	1596707677692	-6.684	-2.855	-0.724	-0.574	0.508	0.933	127.738297	37.884499
1596707677712	1596707677712	-7.364	-3.758	-0.039	-0.675	0.436	0.958	127.738297	37.884499
1596707677733	1596707677732	-8.080	-5.907	0.699	-0.224	0.312	0.875	127.738297	37.884499
1596707677751	1596707677751	-9.225	-6.664	0.666	0.117	0.332	0.591	127.738297	37.884499
1596707677774	1596707677770	-10.341	-5.907	0.567	0.120	0.338	0.373	127.738297	37.884499
1596707677791	1596707677789	-11.213	-4.505	0.745	-0.440	0.198	0.410	127.738297	37.884499
1596707677811	1596707677808	-12.018	-5.095	0.222	-1.453	-0.092	0.290	127.738297	37.884499
1596707677830	1596707677828	-12.493	-6.570	-1.490	-2.152	-0.309	0.102	127.738297	37.884499
1596707677851	1596707677848	-13.875	-7.433	-0.932	-2.107	-0.143	0.319	127.738297	37.884499
1596707677870	1596707677869	-14.450	-7.330	-0.400	-1.685	-0.377	0.545	127.738297	37.884499
1596707677891	1596707677888	-13.530	-7.109	-0.441	-1.107	-0.932	0.671	127.738297	37.884499
1596707677910	1596707677909	-11.570	-5.948	-0.218	-0.678	-1.243	0.734	127.738297	37.884499
1596707677929	1596707677928	-9.949	-5.138	0.153	-0.287	-1.360	0.839	127.738297	37.884499
1596707677950	1596707677947	-9.208	-3.619	-0.178	0.009	-1.229	0.959	127.738297	37.884499
1596707677971	1596707677968	-8.866	-3.332	0.172	0.317	-0.919	0.891	127.738297	37.884491
1596707677991	1596707677988	-9.002	-3.430	0.539	0.651	-0.626	0.845	127.738297	37.884491
1596707678009	1596707678006	-9.656	-5.152	0.955	1.167	-0.313	0.843	127.738297	37.884491
1596707678027	1596707678025	-10.524	-6.489	1.185	2.145	-0.081	0.788	127.738297	37.884491
1596707678047	1596707678045	-10.787	-7.251	1.051	2.934	-0.089	0.748	127.738297	37.884491
1596707678067	1596707678064	-9.932	-6.156	0.718	3.267	-0.111	0.444	127.738297	37.884491
1596707678088	1596707678086	-8.976	-4.276	0.426	3.082	-0.015	-0.161	127.738297	37.884491
1596707678105	1596707678105	-8.365	-3.943	0.167	2.663	0.133	-0.740	127.738297	37.884491
1596707678125	1596707678125	-8.200	-3.095	-0.250	1.916	0.268	-1.274	127.738297	37.884491
1596707678146	1596707678145	-8.133	-3.538	0.210	1.310	0.225	-1.654	127.738297	37.884491
1596707678166	1596707678164	-7.797	-4.232	-0.103	1.033	-0.057	-1.958	127.738297	37.884491
1596707678187	1596707678184	-7.330	-3.837	-0.674	1.005	-0.120	-1.963	127.738297	37.884491
1596707678204	1596707678203	-8.056	-4.201	-0.580	0.828	0.188	-1.853	127.738297	37.884491
1596707678224	1596707678222	-8.713	-5.883	0.086	0.868	0.203	-1.907	127.738297	37.884491
1596707678244	1596707678241	-8.305	-4.812	-0.103	1.519	-0.268	-1.647	127.738297	37.884491
1596707678264	1596707678263	-8.542	-3.751	-0.571	2.216	-0.507	-1.523	127.738297	37.884491
1596707678283	1596707678282	-9.101	-2.496	-0.578	2.387	-0.372	-1.399	127.738297	37.884491
1596707678302	1596707678302	-9.419	-1.195	-0.240	2.135	-0.282	-1.209	127.738297	37.884491
1596707678322	1596707678322	-9.328	-0.761	-0.113	1.850	-0.416	-0.844	127.738297	37.884491
1596707678342	1596707678341	-9.558	-0.316	-0.034	1.601	-0.410	-0.602	127.738297	37.884491
1596707678362	1596707678360	-9.405	1.052	0.373	1.015	-0.315	-0.300	127.738297	37.884491
1596707678381	1596707678381	-9.683	2.679	0.103	0.071	-0.307	0.173	127.738297	37.884491
1596707678402	1596707678399	-11.932	3.009	-0.829	-1.029	0.274	0.627	127.738297	37.884491
1596707678422	1596707678420	-14.141	2.504	0.110	-2.148	1.075	0.948	127.738297	37.884491
1596707678442	1596707678439	-14.584	4.516	-0.063	-2.471	0.766	1.017	127.738297	37.884491
1596707678461	1596707678460	-13.645	4.734	0.668	-2.521	0.317	1.269	127.738297	37.884491
1596707678480	1596707678479	-13.357	2.782	1.025	-2.877	0.471	1.681	127.738297	37.884491
1596707678501	1596707678500	-14.239	2.322	1.188	-2.675	0.810	2.137	127.738297	37.884491
1596707678520	1596707678520	-14.670	3.285	1.454	-1.938	0.586	2.436	127.738297	37.884491
1596707678542	1596707678542	-14.819	3.172	0.716	-1.856	0.305	2.713	127.738297	37.884491
1596707678562	1596707678558	-14.876	2.029	0.014	-2.029	0.178	2.826	127.738297	37.884491
1596707678586	1596707678586	-14.495	1.083	-0.067	-2.068	-0.114	2.796	127.738297	37.884491
1596707678599	1596707678597	-13.367	0.439	0.033	-2.220	-0.474	2.801	127.738297	37.884491
1596707678622	1596707678619	-12.040	-0.713	0.177	-2.390	-0.598	2.824	127.738297	37.884491
1596707678638	1596707678635	-10.943	-1.439	0.249	-2.312	-0.563	2.771	127.738297	37.884491
1596707678662	1596707678659	-10.035	-1.906	-0.096	-1.904	-0.647	2.780	127.738297	37.884491
1596707678677	1596707678674	-9.436	-2.182	-0.113	-1.900	-0.512	2.918	127.738297	37.884491
1596707678700	1596707678698	-9.367	-3.277	-0.065	-1.463	-0.329	2.731	127.738297	37.884491
1596707678715	1596707678715	-9.874	-3.315	-0.178	-0.927	-0.181	2.579	127.738297	37.884491
1596707678736	1596707678735	-10.456	-1.789	-0.008	-0.584	-0.020	2.544	127.738297	37.884491
1596707678755	1596707678755	-10.183	-2.151	0.122	-0.732	-0.048	2.573	127.738297	37.884491
1596707678774	1596707678774	-9.791	-2.385	-0.020	-0.841	-0.053	2.470	127.738297	37.884491
1596707678797	1596707678793	-9.769	-2.429	0.412	-1.006	0.090	2.467	127.738297	37.884491
1596707678814	1596707678812	-9.477	-2.778	0.517	-1.193	0.017	2.237	127.738297	37.884491
1596707678834	1596707678832	-9.393	-2.826	0.364	-1.457	0.081	2.231	127.738297	37.884491
1596707678853	1596707678851	-9.668	-3.188	0.745	-1.738	0.299	2.156	127.738297	37.884491
1596707678872	1596707678871	-10.107	-3.993	0.563	-1.892	0.359	1.763	127.738297	37.884491
1596707678894	1596707678892	-12.536	-5.147	-0.357	-1.782	0.807	1.341	127.738297	37.884491
1596707678912	1596707678912	-16.230	-6.142	0.642	-0.977	1.574	0.868	127.738297	37.884491
1596707678933	1596707678932	-15.485	-5.310	1.655	-0.092	0.807	0.161	127.738297	37.884491
1596707678951	1596707678949	-11.628	-4.292	0.864	0.857	-0.318	-0.425	127.738297	37.884491
1596707678974	1596707678969	-11.146	-3.859	0.603	1.864	0.016	-1.210	127.738281	37.884480
1596707678993	1596707678990	-13.058	-3.358	0.711	2.802	0.352	-2.037	127.738281	37.884480
1596707679014	1596707679014	-13.971	-2.433	-1.023	3.649	-0.021	-2.885	127.738281	37.884480
1596707679032	1596707679030	-14.716	-1.906	-2.485	4.386	0.039	-3.559	127.738281	37.884480
1596707679050	1596707679048	-16.651	-0.440	-3.524	4.660	-0.288	-3.915	127.738281	37.884480
1596707679071	1596707679068	-17.324	0.432	-3.651	4.641	-0.897	-4.129	127.738281	37.884480
1596707679091	1596707679089	-17.413	2.396	-2.990	4.246	-1.333	-4.253	127.738281	37.884480
1596707679109	1596707679109	-15.271	1.150	-1.785	3.675	-1.841	-4.563	127.738281	37.884480
1596707679128	1596707679127	-13.499	0.108	-1.581	3.575	-1.911	-4.284	127.738281	37.884480
1596707679149	1596707679149	-14.385	-0.134	-1.215	3.867	-1.523	-4.544	127.738281	37.884480
1596707679167	1596707679167	-13.923	2.873	-1.486	3.934	-1.116	-4.701	127.738281	37.884480
1596707679192	1596707679190	-12.739	1.050	-1.562	3.555	-1.035	-3.954	127.738281	37.884480
1596707679219	1596707679209	-12.186	-1.195	-3.665	4.191	-1.203	-3.347	127.738281	37.884480
1596707679228	1596707679225	-11.403	-2.088	-6.339	6.987	-0.992	-3.229	127.738281	37.884480
1596707679247	1596707679244	-11.611	1.105	-5.062	8.925	-0.418	-2.386	127.738281	37.884480
1596707679265	1596707679264	-10.004	1.622	-4.693	9.004	-1.263	-1.458	127.738281	37.884480
1596707679286	1596707679284	-7.512	0.865	-4.233	8.004	-2.044	-0.746	127.738281	37.884480
1596707679305	1596707679304	-7.064	-0.610	-5.132	6.608	-1.557	-0.027	127.738281	37.884480
1596707679325	1596707679325	-7.474	-0.138	-3.975	5.726	-0.387	-0.677	127.738281	37.884480
1596707679345	1596707679344	-7.860	0.880	-2.702	4.308	-0.274	-0.233	127.738281	37.884480
1596707679364	1596707679364	-8.571	1.145	-2.195	2.446	-0.289	0.346	127.738281	37.884480
1596707679384	1596707679383	-9.369	2.343	-1.052	0.175	-0.032	0.118	127.738281	37.884480
1596707679403	1596707679403	-11.106	2.770	-1.495	-2.775	0.100	0.225	127.738281	37.884480
1596707679423	1596707679422	-12.538	2.897	-2.355	-5.280	0.602	0.269	127.738281	37.884480
1596707679444	1596707679442	-12.251	2.489	-1.854	-6.898	0.976	0.285	127.738281	37.884480
1596707679463	1596707679461	-12.409	1.574	-1.804	-7.778	1.185	0.268	127.738281	37.884480
1596707679483	1596707679480	-13.940	0.587	-2.480	-8.422	1.588	0.364	127.738281	37.884480
1596707679502	1596707679502	-15.013	0.113	-2.020	-8.373	1.897	0.691	127.738281	37.884480
1596707679523	1596707679522	-15.525	-0.062	-1.093	-7.927	1.929	1.027	127.738281	37.884480
1596707679543	1596707679542	-16.278	-0.737	-0.276	-7.139	1.733	1.386	127.738281	37.884480
1596707679561	1596707679561	-16.266	-1.449	0.340	-6.152	1.078	1.583	127.738281	37.884480
1596707679582	1596707679582	-14.663	-2.539	0.697	-4.570	0.287	1.933	127.738281	37.884480
1596707679602	1596707679601	-12.236	-2.079	0.594	-2.825	-0.231	1.835	127.738281	37.884480
1596707679623	1596707679622	-9.850	-0.939	0.220	-1.207	-0.545	1.866	127.738281	37.884480
1596707679642	1596707679639	-8.933	-1.595	0.443	-0.405	-0.524	1.822	127.738281	37.884480
1596707679664	1596707679662	-7.675	-2.009	0.225	0.365	-0.449	1.925	127.738281	37.884480
1596707679682	1596707679680	-7.098	-0.230	0.325	0.987	-0.117	2.209	127.738281	37.884480
