1596707709203	1596707709202	-10.167	-3.147	0.146	3.731	0.244	-2.009	127.738091	37.884220
1596707709223	1596707709221	-9.340	-2.385	0.110	4.145	0.247	-2.003	127.738091	37.884220
1596707709241	1596707709239	-9.414	-1.617	0.155	4.461	0.398	-2.075	127.738091	37.884220
1596707709260	1596707709259	-10.116	-1.370	0.186	4.689	0.453	-2.211	127.738091	37.884220
1596707709281	1596707709278	-10.636	-0.929	0.134	4.730	0.412	-2.378	127.738091	37.884220
1596707709300	1596707709298	-10.936	-1.274	-0.101	5.004	0.170	-2.525	127.738091	37.884220
1596707709319	1596707709318	-11.463	-0.325	-0.178	4.925	-0.057	-2.460	127.738091	37.884220
1596707709340	1596707709338	-11.518	0.314	-0.640	4.557	-0.442	-2.449	127.738091	37.884220
1596707709364	1596707709364	-11.463	0.127	-0.973	4.462	-0.848	-2.456	127.738091	37.884220
1596707709380	1596707709377	-11.254	0.532	-0.951	4.725	-1.200	-2.268	127.738091	37.884220
1596707709398	1596707709397	-11.166	1.704	-0.733	4.273	-1.569	-1.784	127.738091	37.884220
1596707709418	1596707709417	-10.341	1.902	-0.276	3.028	-1.492	-1.627	127.738091	37.884220
1596707709439	1596707709436	-10.612	1.814	-0.118	1.527	-1.304	-1.567	127.738091	37.884220
1596707709458	1596707709456	-11.213	1.162	0.146	0.399	-1.139	-1.424	127.738091	37.884220
1596707709478	1596707709475	-11.261	1.174	0.381	-0.663	-0.993	-1.347	127.738091	37.884220
1596707709498	1596707709498	-11.206	0.973	-0.400	-1.342	-0.952	-1.296	127.738091	37.884220
1596707709517	1596707709514	-10.936	1.275	0.186	-1.746	-0.631	-1.107	127.738091	37.884220
1596707709537	1596707709533	-10.188	1.692	0.951	-2.421	-0.408	-0.825	127.738091	37.884220
1596707709557	1596707709553	-9.829	1.488	1.545	-3.142	-0.136	-0.504	127.738091	37.884220
1596707709575	1596707709572	-9.012	0.947	2.110	-3.604	0.190	-0.153	127.738091	37.884220
1596707709596	1596707709594	-8.214	-0.335	2.196	-3.630	0.275	0.420	127.738091	37.884220
1596707709615	1596707709612	-8.279	-1.547	2.084	-3.293	0.383	0.877	127.738091	37.884220
1596707709635	1596707709631	-8.928	-2.098	1.741	-2.594	0.590	1.298	127.738091	37.884220
1596707709653	1596707709651	-10.684	-2.081	1.655	-1.688	0.877	1.746	127.738091	37.884220
1596707709673	1596707709671	-13.233	-1.892	1.597	-0.846	1.152	2.210	127.738091	37.884220
1596707709693	1596707709691	-15.061	-1.581	1.700	-0.099	0.934	2.402	127.738091	37.884220
1596707709713	1596707709711	-14.893	-1.037	1.561	0.371	0.206	2.367	127.738091	37.884220
1596707709732	1596707709730	-12.636	-0.481	1.303	0.492	-0.474	2.325	127.738091	37.884220
1596707709753	1596707709751	-10.294	0.094	1.209	0.217	-0.710	2.297	127.738091	37.884220
1596707709771	1596707709769	-8.993	0.065	1.475	-0.366	-0.533	2.280	127.738091	37.884220
1596707709791	1596707709789	-8.348	-0.002	1.667	-1.005	-0.239	2.112	127.738091	37.884220
1596707709810	1596707709809	-8.346	-0.397	1.832	-1.504	0.019	2.103	127.738091	37.884220
1596707709831	1596707709829	-8.895	-0.634	1.880	-1.859	0.193	2.209	127.738091	37.884220
1596707709850	1596707709849	-9.879	-0.951	1.686	-2.179	0.333	2.469	127.738091	37.884220
1596707709869	1596707709868	-11.137	-1.133	1.334	-2.492	0.515	2.721	127.738091	37.884220
1596707709890	1596707709887	-12.358	-1.267	1.130	-2.720	0.529	3.028	127.738091	37.884220
1596707709909	1596707709907	-12.838	-1.439	0.802	-2.911	0.241	3.346	127.738091	37.884220
1596707709929	1596707709927	-12.409	-2.091	0.134	-3.071	-0.115	3.651	127.738091	37.884220
1596707709948	1596707709948	-12.651	-2.771	-0.084	-3.023	-0.230	3.778	127.738106	37.884209
1596707709970	1596707709968	-13.539	-3.531	-0.077	-2.767	-0.125	3.736	127.738106	37.884209
1596707709996	1596707709988	-14.023	-4.355	-0.161	-2.290	-0.130	3.648	127.738106	37.884209
1596707710010	1596707710007	-14.253	-4.046	-0.788	-1.809	-0.198	3.136	127.738106	37.884209
1596707710031	1596707710028	-15.456	-4.144	-1.409	-1.446	-0.052	2.533	127.738106	37.884209
1596707710046	1596707710045	-15.188	-4.604	-0.578	-1.119	-0.134	1.841	127.738106	37.884209
1596707710072	1596707710068	-12.229	-4.977	-0.238	-0.417	-0.555	0.852	127.738106	37.884209
1596707710089	1596707710087	-10.279	-4.690	0.007	0.673	-0.414	-0.043	127.738106	37.884209
1596707710108	1596707710108	-10.164	-2.247	0.690	1.744	0.032	-0.822	127.738106	37.884209
1596707710127	1596707710126	-10.411	-0.927	0.685	2.220	0.129	-1.511	127.738106	37.884209
1596707710147	1596707710145	-10.919	-1.236	-0.072	2.080	0.163	-2.095	127.738106	37.884209
1596707710169	1596707710170	-11.532	-1.880	-0.705	1.944	0.316	-2.572	127.738106	37.884209
1596707710188	1596707710187	-12.119	-2.129	-0.949	1.981	0.306	-2.852	127.738106	37.884209
1596707710209	1596707710205	-12.354	-1.909	-0.738	2.042	0.105	-2.881	127.738106	37.884209
1596707710225	1596707710223	-12.138	-2.302	-0.391	2.222	-0.201	-2.768	127.738106	37.884209
1596707710245	1596707710242	-11.690	-2.122	-0.082	2.418	-0.466	-2.783	127.738106	37.884209
1596707710264	1596707710262	-10.904	-1.379	0.105	2.689	-0.750	-2.806	127.738106	37.884209
1596707710284	1596707710283	-10.234	-1.082	0.433	2.977	-0.938	-2.822	127.738106	37.884209
1596707710303	1596707710303	-9.889	-0.792	0.196	2.899	-0.892	-2.972	127.738106	37.884209
1596707710322	1596707710322	-10.495	-0.615	-0.010	2.744	-0.496	-3.204	127.738106	37.884209
1596707710343	1596707710342	-11.482	-0.301	-0.381	2.779	-0.214	-3.176	127.738106	37.884209
1596707710362	1596707710362	-12.450	-0.105	-0.362	2.695	-0.196	-3.031	127.738106	37.884209
1596707710386	1596707710381	-13.432	0.836	-0.312	2.085	-0.234	-3.016	127.738106	37.884209
1596707710401	1596707710399	-13.700	1.023	-0.297	1.610	-0.502	-2.913	127.738106	37.884209
1596707710422	1596707710419	-12.725	0.535	-0.233	1.406	-0.899	-2.618	127.738106	37.884209
1596707710442	1596707710439	-10.998	-0.239	-0.283	1.141	-1.261	-2.380	127.738106	37.884209
1596707710461	1596707710458	-9.580	-0.234	-0.709	0.990	-1.379	-2.206	127.738106	37.884209
1596707710483	1596707710479	-9.175	0.496	-0.980	0.815	-1.217	-1.866	127.738106	37.884209
1596707710501	1596707710501	-9.362	1.047	-1.359	0.826	-0.983	-1.472	127.738106	37.884209
1596707710522	1596707710520	-9.752	1.584	-0.959	0.409	-0.850	-1.356	127.738106	37.884209
1596707710541	1596707710541	-9.355	0.916	-0.405	-0.069	-0.760	-1.107	127.738106	37.884209
1596707710561	1596707710561	-8.368	0.844	0.239	-0.356	-0.739	-0.911	127.738106	37.884209
1596707710580	1596707710579	-8.437	1.589	0.158	-0.732	-0.566	-0.609	127.738106	37.884209
1596707710600	1596707710599	-9.788	0.992	0.493	-1.502	0.102	-0.326	127.738106	37.884209
1596707710620	1596707710619	-10.871	0.427	0.790	-2.265	0.556	-0.055	127.738106	37.884209
1596707710639	1596707710637	-11.853	0.147	0.275	-2.586	0.661	0.405	127.738106	37.884209
1596707710660	1596707710658	-12.938	-0.378	1.205	-2.648	0.880	0.881	127.738106	37.884209
1596707710678	1596707710676	-12.497	-1.827	2.165	-2.314	0.530	1.290	127.738106	37.884209
1596707710699	1596707710699	-11.091	-2.572	2.577	-1.541	0.196	1.639	127.738106	37.884209
1596707710718	1596707710716	-10.483	-2.364	2.381	-0.501	0.418	1.920	127.738106	37.884209
1596707710738	1596707710735	-11.048	-1.525	2.019	0.392	0.727	2.173	127.738106	37.884209
1596707710757	1596707710755	-12.361	-0.915	1.533	0.832	0.711	2.310	127.738106	37.884209
1596707710778	1596707710774	-12.656	0.027	1.272	0.832	0.572	2.370	127.738106	37.884209
1596707710796	1596707710793	-12.248	0.283	1.633	0.467	0.555	2.544	127.738106	37.884209
1596707710814	1596707710812	-11.587	-0.103	1.890	-0.034	0.353	2.595	127.738106	37.884209
1596707710835	1596707710832	-10.473	0.029	1.727	-0.579	-0.044	2.437	127.738106	37.884209
1596707710854	1596707710852	-9.153	-0.086	1.252	-1.363	-0.375	2.380	127.738106	37.884209
1596707710874	1596707710872	-8.209	-0.047	0.606	-2.229	-0.451	2.263	127.738106	37.884209
1596707710894	1596707710892	-8.437	-0.778	0.625	-2.993	-0.183	2.410	127.738106	37.884209
1596707710914	1596707710912	-9.747	-1.624	0.891	-3.317	0.071	2.380	127.738106	37.884209
1596707710933	1596707710932	-10.591	-2.136	1.190	-3.205	0.086	2.377	127.738106	37.884209
1596707710960	1596707710960	-10.797	-2.462	1.447	-2.932	0.005	2.420	127.738106	37.884209
1596707710971	1596707710970	-10.761	-2.848	1.054	-2.614	-0.195	2.477	127.738106	37.884201
1596707710991	1596707710989	-10.672	-3.368	0.541	-2.090	-0.310	2.569	127.738106	37.884201
1596707711019	1596707711013	-10.892	-3.566	0.306	-1.529	-0.337	2.679	127.738106	37.884201
1596707711034	1596707711032	-11.460	-3.672	0.062	-0.919	-0.315	2.696	127.738106	37.884201
1596707711050	1596707711049	-12.023	-3.955	-0.041	-0.329	-0.233	2.609	127.738106	37.884201
1596707711073	1596707711069	-12.124	-3.782	0.357	-0.042	-0.131	2.406	127.738106	37.884201
1596707711092	1596707711090	-11.860	-4.151	0.321	0.126	-0.200	1.959	127.738106	37.884201
1596707711114	1596707711112	-13.393	-4.125	-0.815	0.248	0.176	1.363	127.738106	37.884201
1596707711129	1596707711129	-15.636	-3.267	0.395	0.372	0.750	0.635	127.738106	37.884201
1596707711150	1596707711150	-14.907	-2.005	1.090	0.660	0.225	-0.010	127.738106	37.884201
1596707711168	1596707711169	-12.277	-1.573	0.194	0.982	-0.399	-0.606	127.738106	37.884201
1596707711192	1596707711189	-11.599	-1.741	-0.338	1.097	-0.207	-1.241	127.738106	37.884201
1596707711209	1596707711209	-12.620	-1.988	-0.434	1.077	0.169	-1.711	127.738106	37.884201
1596707711230	1596707711226	-13.139	-2.453	-0.250	1.232	0.148	-1.968	127.738106	37.884201
1596707711247	1596707711245	-12.991	-2.718	-0.046	1.543	-0.055	-2.071	127.738106	37.884201
1596707711266	1596707711265	-12.636	-2.606	0.560	1.808	-0.160	-2.156	127.738106	37.884201
1596707711287	1596707711285	-11.836	-2.460	0.955	2.039	-0.355	-2.258	127.738106	37.884201
1596707711307	1596707711306	-10.665	-2.321	0.982	2.335	-0.542	-2.451	127.738106	37.884201
1596707711326	1596707711325	-9.517	-1.631	0.802	2.594	-0.634	-2.677	127.738106	37.884201
1596707711346	1596707711346	-8.772	-1.104	0.361	2.691	-0.576	-2.908	127.738106	37.884201
1596707711365	1596707711365	-8.806	-0.759	0.110	2.761	-0.352	-3.042	127.738106	37.884201
1596707711386	1596707711385	-10.052	-1.190	-0.091	2.756	-0.156	-3.100	127.738106	37.884201
1596707711409	1596707711402	-10.780	-0.996	-0.309	2.761	-0.285	-3.201	127.738106	37.884201
1596707711423	1596707711422	-11.194	-0.752	-0.482	2.812	-0.440	-3.132	127.738106	37.884201
1596707711444	1596707711441	-12.047	-0.347	-0.446	2.587	-0.498	-3.163	127.738106	37.884201
1596707711463	1596707711461	-12.490	-0.129	-0.324	2.343	-0.780	-3.073	127.738106	37.884201
1596707711484	1596707711481	-12.085	-0.057	-0.674	2.183	-1.174	-2.887	127.738106	37.884201
1596707711503	1596707711501	-11.630	-0.007	-0.477	1.979	-1.304	-2.687	127.738106	37.884201
1596707711523	1596707711522	-11.669	0.166	-0.693	1.353	-1.185	-2.319	127.738106	37.884201
1596707711542	1596707711542	-11.829	-0.155	-1.224	0.823	-1.174	-1.930	127.738106	37.884201
1596707711562	1596707711562	-11.573	0.106	-1.771	0.770	-1.080	-1.641	127.738106	37.884201
1596707711582	1596707711581	-10.524	1.110	-1.179	0.398	-1.266	-1.281	127.738106	37.884201
1596707711604	1596707711601	-8.729	0.525	-1.033	-0.448	-1.421	-0.930	127.738106	37.884201
1596707711621	1596707711619	-7.893	0.604	-1.821	-1.460	-1.008	-0.931	127.738106	37.884201
1596707711643	1596707711643	-8.983	0.422	-1.256	-1.927	0.114	-0.546	127.738106	37.884201
1596707711665	1596707711662	-10.857	0.266	-0.238	-2.311	0.719	-0.083	127.738106	37.884201
1596707711682	1596707711679	-12.124	-0.495	1.037	-2.698	1.001	0.217	127.738106	37.884201
1596707711704	1596707711703	-11.793	-1.399	1.700	-2.674	0.692	0.551	127.738106	37.884201
1596707711721	1596707711719	-10.361	-2.338	1.499	-2.121	0.307	1.112	127.738106	37.884201
1596707711741	1596707711740	-9.944	-2.922	1.791	-1.326	0.682	1.634	127.738106	37.884201
1596707711760	1596707711760	-11.386	-2.824	2.009	-0.364	1.340	1.952	127.738106	37.884201
1596707711780	1596707711779	-13.230	-2.421	2.378	0.855	1.603	2.156	127.738106	37.884201
1596707711799	1596707711799	-13.314	-0.953	2.505	1.622	1.179	1.919	127.738106	37.884201
1596707711819	1596707711819	-11.946	-0.673	2.445	2.007	0.648	1.850	127.738106	37.884201
1596707711839	1596707711837	-10.449	-0.141	2.390	1.815	0.463	1.593	127.738106	37.884201
1596707711858	1596707711856	-9.424	0.492	2.675	1.536	0.344	1.469	127.738106	37.884201
1596707711878	1596707711875	-8.202	1.157	2.230	0.635	0.181	1.556	127.738106	37.884201
1596707711897	1596707711894	-7.544	0.786	1.657	-0.243	0.205	1.717	127.738106	37.884201
1596707711917	1596707711914	-7.939	0.736	1.312	-1.151	0.415	1.778	127.738106	37.884201
1596707711938	1596707711935	-9.161	0.020	1.312	-1.863	0.608	1.957	127.738106	37.884201
1596707711957	1596707711957	-10.059	-0.601	1.521	-2.323	0.572	2.130	127.738106	37.884190
1596707711974	1596707711973	-10.509	-1.118	1.518	-2.711	0.459	2.302	127.738106	37.884190
1596707711997	1596707711992	-11.029	-1.957	1.195	-2.751	0.334	2.514	127.738106	37.884190
1596707712015	1596707712012	-11.398	-2.000	1.360	-2.692	0.224	2.612	127.738106	37.884190
1596707712036	1596707712036	-11.585	-2.273	1.121	-2.735	0.025	2.625	127.738106	37.884190
1596707712055	1596707712052	-11.455	-2.457	0.929	-2.587	-0.134	2.703	127.738106	37.884190
1596707712074	1596707712072	-12.018	-2.191	0.948	-2.560	0.047	2.835	127.738106	37.884190
1596707712094	1596707712091	-13.336	-2.668	0.912	-2.452	0.246	2.873	127.738106	37.884190
1596707712116	1596707712114	-14.529	-3.279	0.670	-2.145	0.159	2.828	127.738106	37.884190
1596707712135	1596707712131	-14.402	-2.532	1.116	-2.251	-0.070	2.488	127.738106	37.884190
1596707712152	1596707712150	-12.804	-1.528	0.242	-2.844	-0.735	1.936	127.738106	37.884190
1596707712172	1596707712172	-12.066	-2.441	-0.623	-3.606	-0.797	1.827	127.738106	37.884190
1596707712192	1596707712192	-12.529	-3.121	0.016	-4.018	-0.122	0.966	127.738106	37.884190
1596707712212	1596707712212	-11.079	-2.548	1.042	-4.749	-0.140	0.154	127.738106	37.884190
1596707712234	1596707712234	-9.132	-3.226	-0.683	-4.736	-0.724	-0.471	127.738106	37.884190
1596707712253	1596707712248	-9.853	-4.685	-2.535	-4.225	-0.173	-0.949	127.738106	37.884190
1596707712270	1596707712268	-11.815	-5.361	-3.000	-3.526	1.034	-1.496	127.738106	37.884190
1596707712290	1596707712288	-12.806	-5.813	-2.973	-1.931	1.332	-1.980	127.738106	37.884190
1596707712309	1596707712307	-12.282	-4.747	-3.222	-0.267	1.012	-2.369	127.738106	37.884190
1596707712329	1596707712329	-12.160	-3.075	-2.714	1.047	1.235	-2.628	127.738106	37.884190
1596707712348	1596707712348	-12.490	-2.381	-2.061	2.203	1.532	-2.798	127.738106	37.884190
1596707712369	1596707712369	-12.483	-1.954	-1.651	2.976	1.766	-2.854	127.738106	37.884190
1596707712389	1596707712389	-12.349	-1.854	-1.145	3.585	2.022	-2.935	127.738106	37.884190
1596707712408	1596707712407	-12.418	-2.002	-0.556	4.189	2.177	-3.001	127.738106	37.884190
1596707712431	1596707712430	-12.430	-1.952	-0.927	4.571	1.989	-3.149	127.738106	37.884190
1596707712447	1596707712445	-12.117	-1.463	-0.947	4.970	1.990	-3.462	127.738106	37.884190
1596707712467	1596707712465	-12.488	-0.268	-1.045	4.682	2.015	-3.495	127.738106	37.884190
1596707712487	1596707712484	-12.818	-0.529	-0.937	4.350	1.800	-3.561	127.738106	37.884190
1596707712506	1596707712504	-12.838	-0.225	-1.114	3.725	1.425	-3.576	127.738106	37.884190
1596707712530	1596707712528	-12.682	-0.361	-1.292	3.404	1.048	-3.459	127.738106	37.884190
1596707712546	1596707712544	-12.205	-0.009	-1.095	3.034	0.667	-3.332	127.738106	37.884190
1596707712568	1596707712565	-11.254	0.410	-1.447	3.038	0.175	-3.006	127.738106	37.884190
1596707712585	1596707712584	-9.831	-0.285	-0.594	3.794	-0.111	-2.552	127.738106	37.884190
1596707712604	1596707712604	-9.038	0.286	-0.228	4.426	-0.317	-1.722	127.738106	37.884190
1596707712630	1596707712630	-8.674	1.428	-0.015	4.433	-0.715	-1.009	127.738106	37.884190
1596707712644	1596707712642	-8.195	2.008	0.172	3.376	-0.811	-0.691	127.738106	37.884190
1596707712664	1596707712661	-8.128	2.192	1.090	2.066	-0.312	-0.373	127.738106	37.884190
1596707712684	1596707712681	-7.996	2.362	1.691	0.979	-0.054	-0.102	127.738106	37.884190
1596707712703	1596707712701	-8.229	2.609	1.020	-0.235	0.049	0.239	127.738106	37.884190
1596707712722	1596707712720	-9.192	1.840	0.951	-1.490	0.477	0.691	127.738106	37.884190
1596707712742	1596707712741	-10.140	0.731	0.646	-2.412	0.716	1.262	127.738106	37.884190
1596707712762	1596707712761	-11.472	-0.347	0.388	-2.892	0.895	2.032	127.738106	37.884190
1596707712782	1596707712781	-12.497	-0.977	1.030	-2.962	1.013	2.513	127.738106	37.884190
1596707712802	1596707712801	-12.414	-1.698	1.363	-2.642	0.605	3.014	127.738106	37.884190
1596707712822	1596707712821	-11.927	-2.187	0.967	-2.108	0.335	3.409	127.738106	37.884190
1596707712842	1596707712839	-12.771	-2.690	1.238	-1.201	0.802	3.893	127.738106	37.884190
1596707712864	1596707712859	-14.716	-2.266	1.811	-0.292	1.197	4.172	127.738106	37.884190
1596707712882	1596707712879	-16.040	-1.799	1.823	0.244	1.099	4.050	127.738106	37.884190
1596707712901	1596707712899	-15.583	-1.710	1.573	0.370	0.685	3.670	127.738106	37.884190
1596707712920	1596707712919	-13.736	-1.645	1.051	0.557	-0.034	2.995	127.738106	37.884190
1596707712955	1596707712955	-11.594	-1.044	0.860	0.482	-0.336	2.571	127.738098	37.884178
1596707712959	1596707712959	-9.838	-0.529	0.936	0.209	-0.337	1.997	127.738098	37.884178
1596707712980	1596707712977	-8.571	0.046	1.137	-0.426	-0.135	1.686	127.738098	37.884178
1596707713000	1596707712997	-8.198	0.293	1.466	-1.059	0.035	1.290	127.738098	37.884178
1596707713018	1596707713017	-8.715	0.302	1.152	-1.806	0.180	1.071	127.738098	37.884178
1596707713039	1596707713036	-9.999	-0.170	1.063	-2.607	0.423	1.046	127.738098	37.884178
1596707713059	1596707713057	-10.773	-0.586	0.965	-3.269	0.323	0.842	127.738098	37.884178
1596707713078	1596707713074	-10.732	-0.991	0.867	-3.661	-0.009	0.803	127.738098	37.884178
1596707713098	1596707713094	-9.927	-1.564	0.596	-3.834	-0.380	0.961	127.738098	37.884178
1596707713117	1596707713115	-9.223	-2.388	0.050	-3.803	-0.590	1.161	127.738098	37.884178
1596707713137	1596707713135	-9.343	-3.032	-0.530	-3.479	-0.600	1.369	127.738098	37.884178
1596707713160	1596707713154	-9.965	-3.552	-0.518	-2.751	-0.379	1.655	127.738098	37.884178
1596707713177	1596707713175	-10.976	-3.557	-0.123	-1.937	-0.184	1.912	127.738098	37.884178
1596707713196	1596707713194	-11.726	-3.463	0.069	-1.228	-0.092	1.986	127.738098	37.884178
1596707713216	1596707713215	-12.989	-3.042	-0.005	-0.736	0.076	1.812	127.738098	37.884178
1596707713234	1596707713234	-14.831	-3.085	0.299	-0.285	0.414	1.585	127.738098	37.884178
1596707713258	1596707713255	-15.604	-3.413	0.872	0.244	0.341	1.354	127.738098	37.884178
1596707713274	1596707713274	-14.665	-3.090	0.608	0.907	-0.020	1.001	127.738098	37.884178
1596707713293	1596707713291	-12.715	-2.905	0.155	1.621	-0.208	0.541	127.738098	37.884178
1596707713312	1596707713310	-11.355	-2.364	0.208	2.012	-0.163	0.100	127.738098	37.884178
1596707713333	1596707713330	-10.454	-2.608	0.232	2.257	-0.096	-0.354	127.738098	37.884178
1596707713351	1596707713351	-10.135	-2.481	0.249	2.360	-0.058	-0.916	127.738098	37.884178
1596707713371	1596707713371	-10.330	-2.014	0.158	2.445	-0.064	-1.491	127.738098	37.884178
1596707713392	1596707713391	-10.825	-1.516	-0.039	2.523	-0.098	-1.972	127.738098	37.884178
1596707713411	1596707713411	-11.697	-0.998	0.182	2.552	-0.172	-2.425	127.738098	37.884178
1596707713432	1596707713432	-11.934	-0.376	0.076	2.480	-0.377	-2.858	127.738098	37.884178
1596707713453	1596707713453	-11.396	-0.402	0.390	2.484	-0.738	-3.128	127.738098	37.884178
1596707713470	1596707713468	-10.370	-0.021	0.016	2.077	-1.108	-3.402	127.738098	37.884178
1596707713490	1596707713487	-9.755	-0.527	-0.396	1.913	-1.104	-3.606	127.738098	37.884178
1596707713509	1596707713507	-10.138	-0.220	-0.410	2.042	-0.853	-3.597	127.738098	37.884178
1596707713532	1596707713528	-10.864	0.444	0.246	1.681	-0.627	-3.560	127.738098	37.884178
1596707713548	1596707713548	-11.144	0.410	0.278	1.222	-0.695	-3.448	127.738098	37.884178
1596707713572	1596707713571	-11.278	-0.067	0.337	0.865	-0.719	-3.296	127.738098	37.884178
1596707713589	1596707713588	-11.161	-0.349	0.433	0.467	-0.581	-3.058	127.738098	37.884178
1596707713608	1596707713608	-10.677	-0.462	0.448	0.218	-0.597	-2.745	127.738098	37.884178
1596707713627	1596707713627	-9.690	-0.407	0.313	-0.071	-0.715	-2.527	127.738098	37.884178
1596707713647	1596707713646	-8.703	-0.330	0.148	-0.384	-0.645	-2.318	127.738098	37.884178
1596707713668	1596707713665	-8.655	-0.661	-0.456	-0.389	-0.327	-1.813	127.738098	37.884178
1596707713686	1596707713684	-9.448	-0.385	-0.214	-0.013	-0.056	-1.450	127.738098	37.884178
1596707713708	1596707713704	-9.829	0.034	-0.264	0.366	-0.118	-1.016	127.738098	37.884178
1596707713725	1596707713723	-9.561	-0.198	-0.341	0.839	-0.281	-0.581	127.738098	37.884178
1596707713746	1596707713744	-9.491	-0.179	-0.432	1.180	-0.268	-0.264	127.738098	37.884178
1596707713765	1596707713764	-10.423	0.844	0.040	1.007	0.087	0.156	127.738098	37.884178
1596707713785	1596707713784	-11.060	0.899	0.963	0.355	0.344	0.510	127.738098	37.884178
1596707713804	1596707713804	-10.871	0.539	1.080	-0.505	0.214	0.668	127.738098	37.884178
1596707713824	1596707713824	-10.512	-0.215	1.003	-0.997	0.223	0.931	127.738098	37.884178
1596707713844	1596707713844	-10.710	-0.711	0.953	-1.237	0.503	1.257	127.738098	37.884178
1596707713864	1596707713861	-11.738	-1.171	1.090	-1.253	0.883	1.588	127.738098	37.884178
1596707713883	1596707713883	-13.441	-1.691	1.597	-1.008	1.239	1.894	127.738098	37.884178
1596707713902	1596707713900	-15.305	-1.837	2.141	-0.503	1.407	2.068	127.738098	37.884178
1596707713922	1596707713920	-15.894	-1.827	2.412	0.127	1.080	2.068	127.738098	37.884178
1596707713942	1596707713939	-14.337	-1.557	1.938	0.567	0.386	1.820	127.738098	37.884178
1596707713963	1596707713962	-12.064	-0.850	1.401	0.770	0.019	1.562	127.738091	37.884171
1596707713989	1596707713980	-10.313	-0.448	1.756	0.822	-0.115	1.459	127.738091	37.884171
1596707714001	1596707713999	-8.679	0.113	1.794	0.422	-0.249	1.238	127.738091	37.884171
1596707714021	1596707714020	-7.373	0.396	1.463	-0.218	-0.205	1.025	127.738091	37.884171
1596707714042	1596707714040	-7.021	0.494	1.339	-0.922	0.038	1.020	127.738091	37.884171
1596707714063	1596707714060	-7.438	0.084	1.344	-1.583	0.232	1.064	127.738091	37.884171
1596707714081	1596707714079	-7.869	-0.378	1.387	-2.053	0.268	1.164	127.738091	37.884171
1596707714101	1596707714099	-8.384	-0.807	1.547	-2.363	0.305	1.295	127.738091	37.884171
1596707714125	1596707714121	-8.782	-1.370	1.540	-2.581	0.224	1.421	127.738091	37.884171
1596707714140	1596707714138	-8.851	-1.564	1.126	-2.683	0.053	1.588	127.738091	37.884171
1596707714161	1596707714160	-9.062	-1.964	0.584	-2.718	0.007	1.815	127.738091	37.884171
1596707714179	1596707714179	-9.455	-2.098	-0.010	-2.502	0.064	2.068	127.738091	37.884171
1596707714200	1596707714200	-10.576	-2.474	-0.079	-2.148	0.247	2.450	127.738091	37.884171
1596707714220	1596707714218	-11.863	-2.656	0.088	-1.755	0.391	2.544	127.738091	37.884171
1596707714238	1596707714238	-12.996	-3.013	0.191	-1.256	0.428	2.639	127.738091	37.884171
1596707714259	1596707714255	-13.825	-3.063	-0.238	-0.695	0.357	2.567	127.738091	37.884171
1596707714278	1596707714277	-14.986	-2.580	-0.772	-0.256	0.520	2.388	127.738091	37.884171
1596707714297	1596707714294	-16.033	-2.282	0.095	-0.073	0.798	2.096	127.738091	37.884171
1596707714316	1596707714314	-14.934	-2.017	0.613	0.104	0.273	1.603	127.738091	37.884171
1596707714337	1596707714333	-12.399	-2.608	-0.491	0.348	-0.303	1.036	127.738091	37.884171
1596707714356	1596707714354	-11.563	-3.080	-1.457	0.864	-0.216	0.501	127.738091	37.884171
1596707714375	1596707714375	-11.659	-2.438	-1.533	1.424	-0.005	-0.151	127.738091	37.884171
1596707714395	1596707714394	-10.995	-1.918	-2.049	2.017	-0.181	-0.701	127.738091	37.884171
1596707714414	1596707714414	-10.854	-1.561	-2.463	2.642	-0.271	-1.176	127.738091	37.884171
1596707714435	1596707714433	-11.384	-1.061	-1.993	3.207	-0.257	-1.587	127.738091	37.884171
1596707714453	1596707714453	-11.350	-0.074	-0.858	3.355	-0.356	-1.930	127.738091	37.884171
1596707714476	1596707714476	-10.528	0.695	0.177	2.905	-0.615	-2.337	127.738091	37.884171
1596707714493	1596707714491	-9.223	0.585	1.109	2.010	-0.784	-2.571	127.738091	37.884171
1596707714512	1596707714510	-8.305	-0.201	1.046	1.151	-0.678	-2.732	127.738091	37.884171
1596707714534	1596707714532	-8.286	-1.051	1.454	0.839	-0.288	-3.019	127.738091	37.884171
1596707714552	1596707714550	-8.911	-0.397	0.764	0.398	-0.121	-3.107	127.738091	37.884171
1596707714574	1596707714572	-9.259	-0.761	-0.180	0.462	-0.176	-2.668	127.738091	37.884171
1596707714592	1596707714590	-9.275	-0.713	-1.210	0.889	-0.160	-2.257	127.738091	37.884171
1596707714610	1596707714610	-9.798	-0.189	-1.088	1.522	-0.246	-1.965	127.738091	37.884171
1596707714630	1596707714629	-9.999	0.194	-1.282	1.513	-0.445	-1.778	127.738091	37.884171
1596707714649	1596707714649	-10.351	0.125	-1.165	1.056	-0.335	-1.483	127.738091	37.884171
1596707714675	1596707714675	-10.998	-0.294	-0.489	0.529	-0.094	-1.247	127.738091	37.884171
1596707714689	1596707714687	-11.106	-1.255	-0.386	0.395	-0.449	-0.984	127.738091	37.884171
1596707714714	1596707714711	-9.860	-0.943	-0.499	0.413	-0.804	-1.013	127.738091	37.884171
1596707714729	1596707714726	-8.804	-0.328	-0.973	0.335	-0.930	-0.930	127.738091	37.884171
1596707714749	1596707714747	-9.103	-0.352	-1.447	0.099	-0.627	-0.671	127.738091	37.884171
1596707714767	1596707714767	-10.377	-0.376	-1.090	-0.204	-0.147	-0.535	127.738091	37.884171
1596707714789	1596707714788	-10.976	-0.402	-0.587	-0.417	-0.166	-0.398	127.738091	37.884171
1596707714809	1596707714808	-10.682	-0.450	-0.820	-0.495	-0.422	-0.201	127.738091	37.884171
1596707714827	1596707714827	-11.101	-0.035	-1.486	-0.634	-0.190	-0.009	127.738091	37.884171
1596707714846	1596707714845	-12.160	0.223	-1.090	-1.011	0.266	0.297	127.738091	37.884171
1596707714866	1596707714866	-12.241	0.003	-0.894	-1.535	-0.004	0.554	127.738091	37.884171
1596707714887	1596707714884	-11.503	-0.804	-1.033	-1.910	-0.214	0.887	127.738091	37.884171
1596707714909	1596707714909	-10.770	-2.069	-0.142	-1.894	0.012	1.279	127.738091	37.884171
1596707714925	1596707714924	-10.047	-2.841	0.881	-1.536	0.026	1.516	127.738091	37.884171
1596707714946	1596707714943	-9.611	-2.438	0.651	-1.080	0.018	1.568	127.738091	37.884171
1596707714968	1596707714968	-9.870	-1.609	0.155	-0.435	0.251	1.544	127.738091	37.884167
1596707714990	1596707714989	-11.118	-1.346	0.694	0.164	0.606	1.247	127.738091	37.884167
1596707715004	1596707715002	-12.651	-1.255	1.379	0.256	0.697	1.045	127.738091	37.884167
1596707715025	1596707715022	-13.214	-1.365	1.653	0.002	0.343	0.684	127.738091	37.884167
1596707715044	1596707715041	-12.320	-1.439	1.645	-0.178	-0.173	0.210	127.738091	37.884167
1596707715063	1596707715061	-11.075	-1.080	1.597	-0.525	-0.494	-0.265	127.738091	37.884167
1596707715083	1596707715083	-9.913	-0.280	1.535	-1.160	-0.542	-0.515	127.738091	37.884167
1596707715102	1596707715101	-9.036	-0.982	1.324	-1.712	-0.473	-0.367	127.738091	37.884167
1596707715122	1596707715120	-8.193	-1.628	1.200	-1.933	-0.479	-0.419	127.738091	37.884167
1596707715142	1596707715140	-7.551	-1.755	1.094	-1.885	-0.499	-0.423	127.738091	37.884167
1596707715165	1596707715163	-7.242	-1.722	0.922	-1.668	-0.383	-0.247	127.738091	37.884167
1596707715181	1596707715181	-7.328	-1.411	0.908	-1.600	-0.231	0.085	127.738091	37.884167
1596707715203	1596707715203	-7.448	-1.851	0.690	-1.550	-0.207	0.369	127.738091	37.884167
1596707715221	1596707715221	-7.517	-2.259	0.575	-1.358	-0.088	0.647	127.738091	37.884167
1596707715241	1596707715241	-7.785	-2.256	0.479	-1.083	-0.064	0.964	127.738091	37.884167
1596707715261	1596707715259	-8.257	-2.029	0.287	-0.918	0.040	1.191	127.738091	37.884167
1596707715282	1596707715280	-8.950	-2.017	-0.000	-0.930	0.146	1.403	127.738091	37.884167
1596707715301	1596707715298	-9.951	-2.275	-0.120	-0.840	0.397	1.572	127.738091	37.884167
1596707715320	1596707715318	-11.484	-2.623	0.117	-0.493	0.623	1.839	127.738091	37.884167
1596707715340	1596707715338	-12.790	-2.270	0.436	-0.231	0.614	1.940	127.738091	37.884167
1596707715359	1596707715358	-12.986	-2.146	0.692	-0.120	0.245	1.887	127.738091	37.884167
1596707715379	1596707715379	-12.006	-2.165	-0.312	-0.142	-0.201	1.640	127.738091	37.884167
1596707715399	1596707715399	-12.416	-2.134	-0.765	-0.135	0.182	1.551	127.738091	37.884167
1596707715418	1596707715418	-13.674	-2.409	0.404	0.065	0.541	1.330	127.738091	37.884167
1596707715439	1596707715438	-13.053	-2.402	0.357	0.323	-0.083	0.983	127.738091	37.884167
1596707715460	1596707715460	-11.669	-2.421	-0.084	0.657	-0.391	0.728	127.738091	37.884167
1596707715480	1596707715480	-11.609	-2.541	-0.015	0.993	-0.206	0.466	127.738091	37.884167
1596707715497	1596707715494	-11.987	-2.402	-0.132	1.224	-0.168	0.177	127.738091	37.884167
1596707715516	1596707715513	-12.270	-1.949	-0.319	1.429	-0.265	-0.109	127.738091	37.884167
1596707715536	1596707715533	-12.399	-1.799	-0.542	1.708	-0.416	-0.347	127.738091	37.884167
1596707715556	1596707715553	-12.459	-1.624	-0.477	1.961	-0.573	-0.554	127.738091	37.884167
1596707715575	1596707715574	-12.244	-1.406	-0.285	2.173	-0.825	-0.779	127.738091	37.884167
1596707715596	1596707715592	-11.055	-1.255	-0.180	2.258	-1.115	-1.064	127.738091	37.884167
1596707715614	1596707715614	-9.620	-1.260	-0.168	2.307	-1.304	-1.294	127.738091	37.884167
1596707715635	1596707715633	-8.545	-1.348	-0.156	2.380	-1.252	-1.494	127.738091	37.884167
1596707715653	1596707715653	-7.972	-1.334	-0.029	2.489	-1.016	-1.614	127.738091	37.884167
1596707715685	1596707715677	-7.922	-1.111	0.215	2.361	-0.758	-1.796	127.738091	37.884167
1596707715693	1596707715691	-8.308	-0.189	-0.020	1.902	-0.589	-2.193	127.738091	37.884167
1596707715714	1596707715712	-9.163	-0.725	0.021	1.628	-0.429	-2.061	127.738091	37.884167
1596707715731	1596707715729	-9.632	-0.728	-0.261	1.502	-0.421	-2.067	127.738091	37.884167
1596707715751	1596707715750	-9.616	0.063	0.098	1.010	-0.481	-2.116	127.738091	37.884167
1596707715770	1596707715769	-9.817	-0.160	-0.228	0.266	-0.562	-1.982	127.738091	37.884167
1596707715791	1596707715790	-9.716	-0.606	-0.072	-0.178	-0.571	-1.989	127.738091	37.884167
1596707715810	1596707715810	-9.268	-0.833	-0.238	-0.490	-0.676	-1.976	127.738091	37.884167
1596707715831	1596707715830	-9.000	-1.049	-0.091	-0.632	-0.744	-1.851	127.738091	37.884167
1596707715849	1596707715849	-9.242	-0.625	-0.551	-0.858	-0.674	-1.752	127.738091	37.884167
1596707715869	1596707715868	-9.891	-0.804	-0.606	-0.892	-0.410	-1.443	127.738091	37.884167
1596707715889	1596707715889	-10.746	-1.015	-0.127	-0.932	-0.258	-1.087	127.738091	37.884167
1596707715909	1596707715907	-10.907	-0.905	-0.101	-0.905	-0.407	-0.850	127.738091	37.884167
1596707715932	1596707715929	-11.532	-0.562	-0.571	-0.861	-0.365	-0.573	127.738091	37.884167
1596707715950	1596707715946	-13.000	0.302	-0.302	-0.989	0.064	-0.240	127.738091	37.884167
1596707715967	1596707715966	-14.239	0.918	-0.156	-1.348	0.042	0.094	127.738091	37.884159
1596707715990	1596707715989	-13.858	1.500	0.589	-1.809	-0.245	0.307	127.738091	37.884159
1596707716009	1596707716005	-11.616	2.288	1.712	-2.091	-0.682	0.668	127.738091	37.884159
1596707716032	1596707716028	-8.859	3.431	1.274	-2.349	-1.090	0.889	127.738091	37.884159
1596707716046	1596707716044	-7.989	1.205	0.996	-2.499	-0.542	1.724	127.738091	37.884159
1596707716068	1596707716066	-9.917	-0.888	1.375	-2.497	0.553	2.344	127.738091	37.884159
1596707716087	1596707716086	-12.905	-1.331	2.050	-1.840	1.187	2.746	127.738091	37.884159
1596707716108	1596707716104	-14.790	-1.190	2.357	-0.654	0.947	3.221	127.738091	37.884159
1596707716125	1596707716124	-15.053	-1.070	1.803	0.367	0.456	3.332	127.738091	37.884159
1596707716145	1596707716143	-14.107	-0.471	0.972	1.113	-0.012	3.101	127.738091	37.884159
1596707716167	1596707716165	-12.442	-0.356	0.440	1.593	-0.452	3.077	127.738091	37.884159
1596707716185	1596707716182	-10.471	-0.158	0.280	1.689	-0.834	3.037	127.738091	37.884159
1596707716204	1596707716203	-8.607	0.091	0.409	1.214	-0.798	2.899	127.738091	37.884159
1596707716224	1596707716223	-8.035	0.269	0.836	0.323	-0.224	2.674	127.738091	37.884159
1596707716244	1596707716243	-9.060	0.010	1.456	-0.524	0.375	2.563	127.738091	37.884159
1596707716263	1596707716263	-10.337	-0.740	1.475	-1.190	0.562	2.429	127.738091	37.884159
1596707716283	1596707716282	-10.763	-1.252	1.116	-1.606	0.371	2.224	127.738091	37.884159
1596707716303	1596707716300	-10.253	-1.528	0.479	-1.895	0.080	2.072	127.738091	37.884159
1596707716322	1596707716321	-9.786	-1.858	0.174	-1.998	-0.001	2.026	127.738091	37.884159
1596707716342	1596707716339	-9.664	-2.330	0.234	-1.918	0.050	2.021	127.738091	37.884159
1596707716361	1596707716359	-9.944	-2.611	0.292	-1.679	0.122	2.065	127.738091	37.884159
1596707716381	1596707716379	-10.363	-2.809	0.361	-1.378	0.218	2.044	127.738091	37.884159
1596707716400	1596707716400	-10.821	-3.116	0.555	-1.102	0.443	2.013	127.738091	37.884159
1596707716421	1596707716420	-11.189	-3.301	0.723	-0.794	0.443	1.781	127.738091	37.884159
1596707716441	1596707716441	-11.036	-2.747	0.419	-0.545	0.266	1.495	127.738091	37.884159
1596707716461	1596707716461	-11.920	-3.186	-0.283	-0.470	0.405	1.170	127.738091	37.884159
1596707716482	1596707716479	-13.757	-3.437	-0.060	-0.349	0.831	0.670	127.738091	37.884159
1596707716504	1596707716499	-13.834	-3.598	0.366	0.111	0.505	0.080	127.738091	37.884159
1596707716522	1596707716519	-12.418	-3.413	-0.305	0.730	-0.084	-0.439	127.738091	37.884159
1596707716540	1596707716538	-12.215	-3.130	-0.436	1.412	-0.048	-1.037	127.738091	37.884159
1596707716559	1596707716557	-12.732	-2.424	-0.633	1.870	-0.050	-1.705	127.738091	37.884159
1596707716579	1596707716576	-13.283	-2.259	-1.510	2.417	-0.250	-2.168	127.738091	37.884159
1596707716599	1596707716597	-14.287	-1.262	-1.804	3.006	-0.239	-2.709	127.738091	37.884159
1596707716618	1596707716615	-15.480	-0.021	-1.672	3.033	-0.541	-3.124	127.738091	37.884159
1596707716637	1596707716635	-15.453	-1.063	-1.943	3.040	-0.953	-3.463	127.738091	37.884159
1596707716658	1596707716654	-14.934	0.154	-1.869	3.454	-1.215	-3.965	127.738091	37.884159
1596707716676	1596707716673	-14.452	-0.062	-1.486	3.874	-1.360	-4.155	127.738091	37.884159
1596707716702	1596707716697	-14.105	0.108	-1.327	4.048	-1.337	-4.605	127.738091	37.884159
1596707716717	1596707716713	-13.252	1.337	-1.648	4.226	-1.342	-4.797	127.738091	37.884159
1596707716736	1596707716733	-13.022	1.098	-1.706	4.407	-1.156	-4.529	127.738091	37.884159
1596707716754	1596707716752	-12.957	0.702	-1.165	4.975	-1.222	-4.232	127.738091	37.884159
1596707716774	1596707716772	-12.565	0.836	-1.316	5.416	-1.971	-3.504	127.738091	37.884159
1596707716795	1596707716793	-12.014	0.820	-1.047	4.251	-1.895	-3.119	127.738091	37.884159
1596707716813	1596707716813	-11.609	0.698	-0.697	2.889	-1.546	-2.914	127.738091	37.884159
1596707716835	1596707716833	-11.039	-0.057	-1.169	2.010	-1.486	-2.498	127.738091	37.884159
1596707716853	1596707716853	-10.519	-0.469	-1.989	1.901	-1.681	-2.093	127.738091	37.884159
1596707716873	1596707716873	-10.088	-0.172	-1.680	2.145	-1.601	-1.939	127.738091	37.884159
1596707716892	1596707716890	-10.052	2.192	-0.887	1.326	-1.448	-1.491	127.738091	37.884159
1596707716911	1596707716910	-10.274	0.741	-0.868	0.263	-1.651	-0.768	127.738091	37.884159
1596707716934	1596707716930	-9.561	0.089	-1.162	-1.252	-1.646	-0.951	127.738091	37.884159
1596707716951	1596707716950	-9.182	0.662	-1.440	-2.019	-1.457	-1.085	127.738091	37.884159
1596707716971	1596707716970	-9.470	0.925	-0.951	-2.619	-1.150	-0.993	127.738083	37.884151
1596707716993	1596707716991	-9.120	0.901	-0.772	-3.107	-0.841	-0.788	127.738083	37.884151
1596707717012	1596707717011	-9.139	1.335	-0.880	-3.350	-0.602	-0.659	127.738083	37.884151
1596707717034	1596707717032	-9.817	0.954	-0.544	-3.839	-0.041	-0.163	127.738083	37.884151
1596707717050	1596707717048	-10.236	-0.198	0.143	-4.048	0.288	0.322	127.738083	37.884151
1596707717072	1596707717069	-10.401	-1.300	1.430	-4.010	0.497	1.032	127.738083	37.884151
1596707717091	1596707717089	-10.710	-2.326	2.084	-3.481	0.565	1.530	127.738083	37.884151
1596707717113	1596707717109	-11.079	-2.548	2.055	-2.490	0.466	2.057	127.738083	37.884151
1596707717131	1596707717130	-11.721	-1.949	1.748	-1.555	0.441	2.585	127.738083	37.884151
1596707717148	1596707717146	-12.677	-1.188	1.317	-0.908	0.615	2.967	127.738083	37.884151
1596707717167	1596707717166	-13.578	-0.596	0.826	-0.500	0.621	3.210	127.738083	37.884151
1596707717187	1596707717187	-13.710	-0.148	0.431	-0.389	0.443	3.443	127.738083	37.884151
1596707717208	1596707717207	-13.384	-0.071	0.455	-0.601	0.259	3.545	127.738083	37.884151
1596707717227	1596707717226	-12.763	0.101	0.443	-1.165	0.031	3.414	127.738083	37.884151
1596707717246	1596707717246	-12.028	0.199	0.170	-1.943	-0.152	3.360	127.738083	37.884151
1596707717266	1596707717266	-11.510	-0.438	-0.024	-2.932	-0.140	3.297	127.738083	37.884151
1596707717288	1596707717285	-11.470	-1.152	-0.297	-3.432	-0.232	3.111	127.738083	37.884151
1596707717305	1596707717303	-11.635	-1.094	-0.250	-3.908	-0.204	3.122	127.738083	37.884151
1596707717325	1596707717323	-12.524	-1.906	0.184	-4.015	-0.133	3.076	127.738083	37.884151
1596707717345	1596707717343	-13.427	-2.278	0.622	-3.830	-0.197	2.998	127.738083	37.884151
1596707717364	1596707717362	-13.578	-1.990	0.249	-3.631	-0.452	2.911	127.738083	37.884151
1596707717384	1596707717382	-13.051	-1.825	-0.434	-3.385	-0.753	2.859	127.738083	37.884151
1596707717405	1596707717403	-12.830	-1.775	-0.676	-3.173	-0.932	2.696	127.738083	37.884151
1596707717423	1596707717423	-13.118	-1.693	-1.234	-3.158	-0.868	2.733	127.738083	37.884151
1596707717444	1596707717443	-13.983	-1.818	-1.404	-3.125	-0.686	2.685	127.738083	37.884151
1596707717462	1596707717462	-14.639	-1.811	-1.957	-3.355	-0.708	2.769	127.738083	37.884151
1596707717482	1596707717482	-15.327	-2.855	-2.705	-3.387	-0.749	2.815	127.738083	37.884151
1596707717502	1596707717502	-17.185	-3.947	-2.329	-3.252	-0.424	2.633	127.738083	37.884151
1596707717528	1596707717525	-17.327	-4.556	-1.150	-2.606	-0.656	2.258	127.738083	37.884151
1596707717543	1596707717541	-13.805	-4.685	-1.639	-1.833	-1.710	2.079	127.738083	37.884151
1596707717562	1596707717560	-10.385	-5.090	-2.449	-0.883	-1.966	1.629	127.738083	37.884151
1596707717581	1596707717579	-8.890	-5.619	-2.267	-0.164	-0.989	1.139	127.738083	37.884151
1596707717602	1596707717600	-8.796	-6.427	-1.172	0.664	-0.219	0.483	127.738083	37.884151
1596707717621	1596707717621	-8.574	-5.059	-0.757	1.687	-0.032	-0.313	127.738083	37.884151
1596707717643	1596707717642	-8.516	-2.860	-1.299	2.548	0.144	-1.032	127.738083	37.884151
1596707717661	1596707717660	-9.393	-2.599	-1.205	2.669	0.630	-1.426	127.738083	37.884151
1596707717681	1596707717680	-10.694	-3.243	-1.366	2.977	0.810	-2.184	127.738083	37.884151
1596707717705	1596707717705	-11.903	-2.932	-1.313	3.163	0.865	-2.809	127.738083	37.884151
1596707717721	1596707717721	-12.593	-1.250	-1.109	3.198	0.877	-3.294	127.738083	37.884151
1596707717742	1596707717738	-12.917	-0.277	-0.932	2.906	0.765	-3.674	127.738083	37.884151
1596707717759	1596707717757	-12.974	-3.610	-1.220	3.195	0.303	-3.804	127.738083	37.884151
1596707717779	1596707717776	-13.745	-1.216	-1.914	3.884	0.283	-4.301	127.738083	37.884151
1596707717798	1596707717796	-14.807	-0.584	-1.598	4.777	0.518	-4.570	127.738083	37.884151
1596707717818	1596707717817	-15.216	-0.155	-1.648	5.062	0.463	-4.615	127.738083	37.884151
1596707717838	1596707717836	-15.830	-0.553	-2.082	6.113	0.092	-4.405	127.738083	37.884151
1596707717858	1596707717856	-15.446	0.513	-3.488	7.214	-0.342	-4.145	127.738083	37.884151
1596707717876	1596707717876	-15.645	1.100	-3.986	8.308	-0.482	-3.645	127.738083	37.884151
1596707717899	1596707717895	-14.979	0.487	-4.669	10.657	-1.484	-2.570	127.738083	37.884151
1596707717919	1596707717919	-13.403	1.608	-2.552	11.626	-2.819	-1.681	127.738083	37.884151
1596707717935	1596707717933	-11.846	4.078	-1.682	8.717	-3.253	-2.241	127.738083	37.884151
1596707717958	1596707717958	-12.550	4.061	-0.681	4.898	-2.324	-1.880	127.738083	37.884151
1596707717974	1596707717972	-12.184	2.906	-0.288	1.246	-2.001	-1.696	127.738068	37.884148
1596707717994	1596707717991	-11.247	1.708	-1.296	-1.214	-2.152	-1.929	127.738068	37.884148
1596707718014	1596707718011	-9.510	1.466	-1.447	-2.595	-2.068	-1.871	127.738068	37.884148
1596707718034	1596707718032	-8.368	1.749	-1.407	-3.629	-1.958	-1.705	127.738068	37.884148
1596707718053	1596707718051	-8.200	1.826	-1.574	-4.651	-1.461	-1.458	127.738068	37.884148
1596707718073	1596707718072	-8.851	-0.052	-1.038	-5.351	-0.780	-1.132	127.738068	37.884148
1596707718094	1596707718090	-8.499	-1.171	-0.439	-5.153	-0.676	-1.041	127.738068	37.884148
1596707718119	1596707718113	-8.574	-0.843	-0.118	-4.348	-0.403	-0.757	127.738068	37.884148
1596707718132	1596707718129	-8.902	-1.123	0.661	-3.605	0.092	-0.218	127.738068	37.884148
1596707718154	1596707718153	-8.442	-1.758	1.284	-2.789	0.194	0.238	127.738068	37.884148
1596707718170	1596707718169	-8.631	-2.256	2.033	-1.942	0.547	0.916	127.738068	37.884148
1596707718191	1596707718189	-9.599	-2.129	2.544	-0.990	0.999	1.544	127.738068	37.884148
1596707718210	1596707718208	-10.871	-1.585	3.016	-0.189	1.333	2.060	127.738068	37.884148
1596707718230	1596707718230	-12.260	-1.037	3.176	0.183	1.569	2.429	127.738068	37.884148
1596707718249	1596707718249	-13.302	-0.687	2.953	0.192	1.628	2.717	127.738068	37.884148
1596707718269	1596707718269	-13.458	-0.620	2.898	0.094	1.407	2.794	127.738068	37.884148
1596707718290	1596707718289	-12.567	-0.258	2.721	-0.109	0.910	2.647	127.738068	37.884148
1596707718308	1596707718308	-11.422	-0.309	2.285	-0.327	0.409	2.580	127.738068	37.884148
1596707718330	1596707718330	-9.585	0.077	1.734	-0.434	0.099	2.516	127.738068	37.884148
1596707718352	1596707718352	-8.528	-0.110	1.444	-0.747	0.234	2.461	127.738068	37.884148
1596707718367	1596707718365	-9.072	-0.349	1.626	-1.120	0.432	2.352	127.738068	37.884148
1596707718387	1596707718385	-9.915	-0.780	2.259	-1.261	0.518	2.543	127.738068	37.884148
1596707718406	1596707718405	-10.301	-1.264	2.594	-1.453	0.371	2.631	127.738068	37.884148
1596707718427	1596707718426	-10.387	-1.214	2.120	-1.748	0.146	2.674	127.738068	37.884148
1596707718446	1596707718446	-10.706	-1.547	1.768	-2.111	0.123	2.777	127.738068	37.884148
1596707718466	1596707718466	-10.811	-1.830	1.475	-2.429	0.035	2.718	127.738068	37.884148
1596707718486	1596707718485	-11.235	-2.146	1.121	-2.644	0.077	2.620	127.738068	37.884148
1596707718505	1596707718505	-12.236	-2.436	0.702	-2.580	0.153	2.481	127.738068	37.884148
1596707718526	1596707718526	-13.123	-2.534	0.500	-2.207	0.030	2.365	127.738068	37.884148
1596707718545	1596707718543	-13.389	-2.647	0.773	-1.904	-0.009	2.251	127.738068	37.884148
1596707718565	1596707718562	-12.981	-2.745	0.862	-1.639	-0.178	1.930	127.738068	37.884148
1596707718584	1596707718581	-11.978	-2.726	0.747	-1.386	-0.368	1.613	127.738068	37.884148
1596707718603	1596707718601	-11.197	-3.250	0.678	-1.075	-0.428	1.245	127.738068	37.884148
1596707718622	1596707718622	-11.659	-2.704	-0.376	-0.501	-0.352	0.559	127.738068	37.884148
1596707718643	1596707718643	-13.207	-1.887	0.495	-0.359	0.455	0.588	127.738068	37.884148
1596707718665	1596707718664	-13.745	-2.048	0.828	-0.391	0.431	0.261	127.738068	37.884148
1596707718683	1596707718682	-13.125	-2.855	-0.051	-0.243	0.023	-0.122	127.738068	37.884148
1596707718706	1596707718706	-12.569	-2.371	0.608	0.095	0.080	-0.423	127.738068	37.884148
1596707718723	1596707718720	-11.216	-2.402	0.826	0.298	-0.149	-0.652	127.738068	37.884148
1596707718744	1596707718741	-9.556	-2.730	0.333	0.558	-0.412	-1.025	127.738068	37.884148
1596707718761	1596707718759	-8.708	-2.407	0.062	0.924	-0.213	-1.329	127.738068	37.884148
1596707718782	1596707718779	-8.976	-2.120	0.074	1.418	0.098	-1.498	127.738068	37.884148
1596707718801	1596707718799	-9.848	-1.866	0.036	1.845	0.307	-1.604	127.738068	37.884148
1596707718821	1596707718821	-10.938	-1.631	0.371	2.262	0.477	-1.639	127.738068	37.884148
1596707718842	1596707718840	-11.666	-1.358	0.723	2.536	0.395	-1.678	127.738068	37.884148
1596707718860	1596707718860	-11.726	-1.022	0.529	2.684	0.079	-1.783	127.738068	37.884148
1596707718880	1596707718880	-11.412	-0.733	0.440	2.756	-0.143	-1.831	127.738068	37.884148
1596707718900	1596707718900	-10.936	0.008	0.191	2.476	-0.283	-1.897	127.738068	37.884148
1596707718920	1596707718920	-10.409	-0.024	0.134	2.171	-0.391	-1.892	127.738068	37.884148
1596707718942	1596707718942	-10.279	0.070	0.203	1.799	-0.370	-1.947	127.738068	37.884148
1596707718958	1596707718956	-10.226	0.166	0.285	1.422	-0.339	-2.011	127.738068	37.884148
1596707718979	1596707718980	-9.989	-0.146	0.119	1.109	-0.395	-1.982	127.738052	37.884148
1596707718998	1596707718995	-9.683	-0.373	-0.029	0.965	-0.465	-1.918	127.738052	37.884148
1596707719017	1596707719015	-9.484	-0.421	0.038	0.919	-0.450	-1.835	127.738052	37.884148
