1595920778363	1595920778363	-11.401	-4.889	0.970	1.370	-0.030	-1.213	127.738319	37.885712
1595920778363	1595920778363	-16.492	-4.697	-0.223	2.241	0.378	-1.721	127.738319	37.885712
1595920778363	1595920778363	-18.791	-3.451	-0.726	2.713	0.205	-2.317	127.738319	37.885712
1595920778363	1595920778363	-18.657	-2.184	-0.959	2.782	-0.033	-3.086	127.738319	37.885712
1595920778378	1595920778374	-18.018	-1.051	-0.618	2.668	-0.152	-3.702	127.738319	37.885712
1595920778403	1595920778399	-16.580	-0.342	0.251	2.302	-0.222	-4.103	127.738319	37.885712
1595920778418	1595920778414	-14.166	-0.593	0.910	1.679	-0.294	-4.369	127.738319	37.885712
1595920778439	1595920778437	-12.106	-1.295	1.181	1.168	-0.306	-4.504	127.738319	37.885712
1595920778462	1595920778454	-10.803	-1.877	1.185	0.850	-0.255	-4.513	127.738319	37.885712
1595920778485	1595920778481	-9.868	-2.433	0.845	0.590	-0.207	-4.486	127.738319	37.885712
1595920778509	1595920778507	-9.348	-2.253	0.467	0.616	-0.174	-4.357	127.738319	37.885712
1595920778519	1595920778514	-9.459	-1.001	0.187	1.083	-0.140	-4.140	127.738319	37.885712
1595920778537	1595920778533	-9.356	0.156	-0.139	1.679	-0.215	-3.838	127.738319	37.885712
1595920778556	1595920778553	-9.130	1.007	-0.099	2.196	-0.375	-3.466	127.738319	37.885712
1595920778576	1595920778573	-9.715	2.169	0.208	2.520	-0.492	-3.079	127.738319	37.885712
1595920778596	1595920778593	-10.240	3.728	0.095	2.422	-0.638	-2.652	127.738319	37.885712
1595920778615	1595920778613	-9.653	4.437	0.496	1.948	-0.860	-2.166	127.738319	37.885712
1595920778637	1595920778635	-8.912	3.489	1.183	1.360	-1.006	-1.615	127.738319	37.885712
1595920778659	1595920778659	-9.408	2.243	1.739	0.955	-0.918	-0.996	127.738319	37.885712
1595920778677	1595920778673	-9.813	1.896	2.017	0.653	-0.813	-0.406	127.738319	37.885712
1595920778700	1595920778696	-10.280	1.505	1.746	0.170	-0.679	0.155	127.738319	37.885712
1595920778714	1595920778712	-11.433	0.770	0.694	-0.535	-0.336	0.754	127.738319	37.885712
1595920778737	1595920778735	-10.438	0.815	0.261	-1.324	-0.141	1.417	127.738319	37.885712
1595920778754	1595920778752	-11.140	0.317	0.769	-1.983	0.318	2.130	127.738319	37.885712
1595920778773	1595920778772	-14.087	-0.905	1.916	-2.303	0.835	2.953	127.738319	37.885696
1595920778794	1595920778791	-14.949	-1.523	2.247	-2.351	0.899	3.798	127.738319	37.885696
1595920778818	1595920778813	-15.256	-1.664	2.335	-2.287	1.064	4.463	127.738319	37.885696
1595920778834	1595920778832	-15.926	-1.894	2.431	-2.260	1.221	4.901	127.738319	37.885696
1595920778858	1595920778855	-15.256	-2.242	2.527	-2.200	1.127	5.083	127.738319	37.885696
1595920778873	1595920778871	-13.644	-2.742	2.491	-1.965	0.871	5.042	127.738319	37.885696
1595920778894	1595920778891	-11.916	-3.389	2.390	-1.500	0.571	4.823	127.738319	37.885696
1595920778914	1595920778913	-10.206	-3.540	2.048	-0.966	0.320	4.507	127.738319	37.885696
1595920778935	1595920778931	-8.924	-3.171	1.873	-0.690	0.185	4.126	127.738319	37.885696
1595920778954	1595920778950	-8.144	-3.123	1.866	-0.790	0.066	3.720	127.738319	37.885696
1595920778972	1595920778970	-7.873	-3.492	1.837	-1.011	-0.015	3.308	127.738319	37.885696
1595920778997	1595920778993	-8.436	-3.921	1.710	-1.011	-0.031	2.913	127.738319	37.885696
1595920779011	1595920779010	-9.329	-3.624	1.612	-0.936	-0.009	2.533	127.738319	37.885696
1595920779032	1595920779030	-9.188	-3.552	1.966	-1.107	-0.090	2.194	127.738319	37.885696
1595920779054	1595920779049	-8.874	-4.172	2.069	-1.428	-0.105	1.870	127.738319	37.885696
1595920779071	1595920779069	-9.332	-4.508	1.954	-1.482	-0.049	1.517	127.738319	37.885696
1595920779093	1595920779093	-10.060	-4.426	1.741	-1.457	-0.001	1.215	127.738319	37.885696
1595920779111	1595920779109	-10.019	-4.714	1.993	-1.485	-0.040	0.858	127.738319	37.885696
1595920779132	1595920779130	-9.943	-5.006	2.007	-1.302	-0.041	0.431	127.738319	37.885696
1595920779152	1595920779149	-12.043	-5.025	1.334	-0.819	0.141	-0.012	127.738319	37.885696
1595920779171	1595920779170	-15.050	-5.365	2.002	-0.081	0.327	-0.366	127.738319	37.885696
1595920779191	1595920779189	-13.742	-5.696	2.869	0.702	-0.018	-0.785	127.738319	37.885696
1595920779212	1595920779210	-13.423	-5.054	1.224	1.613	-0.032	-1.349	127.738319	37.885696
1595920779231	1595920779228	-16.391	-3.703	0.325	2.386	0.242	-1.984	127.738319	37.885696
1595920779253	1595920779249	-17.999	-2.632	-0.173	2.602	0.109	-2.778	127.738319	37.885696
1595920779269	1595920779268	-18.291	-1.494	-0.573	2.418	-0.032	-3.631	127.738319	37.885696
1595920779290	1595920779288	-18.063	-0.641	-0.408	2.108	-0.098	-4.280	127.738319	37.885696
1595920779309	1595920779308	-16.295	-0.538	0.213	1.694	-0.170	-4.629	127.738319	37.885696
1595920779331	1595920779328	-13.969	-1.197	0.730	1.281	-0.184	-4.806	127.738319	37.885696
1595920779351	1595920779348	-12.470	-1.942	1.161	1.107	-0.152	-4.884	127.738319	37.885696
1595920779369	1595920779368	-11.854	-2.071	1.286	1.155	-0.108	-4.861	127.738319	37.885696
1595920779391	1595920779391	-10.568	-1.336	0.829	1.230	-0.158	-4.708	127.738319	37.885696
1595920779410	1595920779408	-8.673	-0.205	0.428	1.343	-0.316	-4.490	127.738319	37.885696
1595920779435	1595920779430	-8.223	0.425	0.426	1.553	-0.337	-4.220	127.738319	37.885696
1595920779466	1595920779464	-9.468	0.667	0.414	1.749	-0.281	-3.923	127.738319	37.885696
1595920779471	1595920779471	-9.760	2.169	0.021	1.780	-0.477	-3.568	127.738319	37.885696
1595920779489	1595920779487	-8.520	3.965	-0.226	1.497	-0.725	-3.095	127.738319	37.885696
1595920779510	1595920779507	-8.491	4.142	0.002	0.868	-0.735	-2.567	127.738319	37.885696
1595920779530	1595920779528	-9.569	3.750	0.069	0.284	-0.622	-1.889	127.738319	37.885696
1595920779549	1595920779547	-8.788	3.994	0.258	0.031	-0.713	-1.074	127.738319	37.885696
1595920779569	1595920779567	-7.451	3.505	0.757	-0.155	-0.719	-0.273	127.738319	37.885696
1595920779588	1595920779586	-7.657	2.331	1.535	-0.408	-0.515	0.455	127.738319	37.885696
1595920779609	1595920779606	-8.304	1.416	2.244	-0.589	-0.404	1.073	127.738319	37.885696
1595920779629	1595920779627	-9.801	0.827	1.815	-0.787	-0.269	1.630	127.738319	37.885696
1595920779649	1595920779647	-12.602	0.827	0.234	-1.314	0.028	2.205	127.738319	37.885696
1595920779667	1595920779667	-14.722	0.288	-0.326	-2.012	0.251	2.918	127.738319	37.885696
1595920779689	1595920779686	-16.451	-1.504	0.848	-2.391	0.399	3.693	127.738319	37.885696
1595920779708	1595920779706	-18.394	-3.396	2.544	-2.016	0.579	4.468	127.738319	37.885696
1595920779728	1595920779726	-19.235	-3.451	3.643	-1.315	0.701	5.029	127.738319	37.885696
1595920779751	1595920779748	-18.902	-2.972	3.840	-0.947	0.700	5.202	127.738319	37.885696
1595920779770	1595920779768	-17.493	-2.816	3.289	-0.768	0.592	5.095	127.738327	37.885681
1595920779793	1595920779789	-15.174	-2.951	2.407	-0.506	0.327	4.796	127.738327	37.885681
1595920779808	1595920779805	-12.510	-3.583	1.535	-0.185	0.087	4.359	127.738327	37.885681
1595920779829	1595920779824	-10.031	-3.942	1.073	0.142	-0.038	3.858	127.738327	37.885681
1595920779847	1595920779844	-8.026	-3.353	0.855	0.340	-0.051	3.319	127.738327	37.885681
1595920779865	1595920779863	-6.529	-2.318	0.864	0.174	-0.026	2.769	127.738327	37.885681
1595920779887	1595920779883	-5.849	-1.928	1.039	-0.365	-0.003	2.258	127.738327	37.885681
1595920779908	1595920779904	-6.186	-2.507	1.384	-0.943	0.049	1.848	127.738327	37.885681
1595920779929	1595920779926	-7.252	-3.279	1.681	-1.164	0.101	1.571	127.738327	37.885681
1595920779949	1595920779945	-7.890	-3.315	1.897	-1.218	0.093	1.373	127.738327	37.885681
1595920779964	1595920779962	-7.815	-3.418	2.081	-1.466	0.000	1.249	127.738327	37.885681
1595920779985	1595920779982	-8.453	-4.244	2.180	-1.697	0.002	1.191	127.738327	37.885681
1595920780006	1595920780003	-9.595	-4.798	2.419	-1.576	0.050	1.136	127.738327	37.885681
1595920780026	1595920780024	-9.962	-4.762	2.388	-1.351	0.028	1.067	127.738327	37.885681
1595920780048	1595920780047	-9.164	-4.484	2.338	-1.355	-0.054	0.862	127.738327	37.885681
1595920780068	1595920780068	-8.515	-4.584	2.383	-1.556	-0.034	0.573	127.738327	37.885681
1595920780087	1595920780087	-9.114	-4.529	2.280	-1.703	0.076	0.111	127.738327	37.885681
1595920780105	1595920780103	-12.779	-4.299	1.672	-1.412	0.304	-0.438	127.738327	37.885681
1595920780127	1595920780123	-15.958	-4.453	1.758	-0.841	0.396	-0.920	127.738327	37.885681
1595920780148	1595920780143	-14.722	-4.457	1.272	-0.395	0.023	-1.448	127.738327	37.885681
1595920780164	1595920780162	-15.313	-4.568	1.061	0.141	0.018	-1.951	127.738327	37.885681
1595920780184	1595920780182	-17.079	-5.119	0.055	1.076	0.199	-2.524	127.738327	37.885681
1595920780204	1595920780202	-18.114	-4.390	-0.750	2.465	0.375	-3.185	127.738327	37.885681
1595920780224	1595920780223	-19.081	-2.781	-0.834	3.550	0.456	-3.768	127.738327	37.885681
1595920780243	1595920780243	-18.650	-1.590	-0.405	3.886	0.301	-4.148	127.738327	37.885681
1595920780263	1595920780263	-16.231	-0.910	0.175	3.586	-0.022	-4.330	127.738327	37.885681
1595920780284	1595920780281	-13.512	-0.883	0.498	2.903	-0.228	-4.447	127.738327	37.885681
1595920780304	1595920780302	-11.821	-1.144	0.658	2.181	-0.258	-4.475	127.738327	37.885681
1595920780324	1595920780321	-11.109	-1.317	0.905	1.663	-0.234	-4.474	127.738327	37.885681
1595920780345	1595920780344	-10.340	-1.111	0.819	1.382	-0.266	-4.496	127.738327	37.885681
1595920780367	1595920780364	-9.015	-0.330	0.409	1.327	-0.334	-4.439	127.738327	37.885681
1595920780383	1595920780381	-7.971	0.750	0.460	1.375	-0.339	-4.240	127.738327	37.885681
1595920780425	1595920780422	-8.611	1.330	0.977	1.480	-0.258	-3.902	127.738327	37.885681
1595920780431	1595920780428	-8.841	2.245	1.173	1.526	-0.322	-3.419	127.738327	37.885681
1595920780446	1595920780444	-7.971	3.184	1.169	1.391	-0.550	-2.898	127.738327	37.885681
1595920780462	1595920780461	-8.774	2.964	1.367	1.028	-0.548	-2.373	127.738327	37.885681
1595920780484	1595920780484	-10.390	2.662	1.514	0.720	-0.545	-1.773	127.738327	37.885681
1595920780506	1595920780501	-9.789	3.448	1.602	0.516	-0.771	-1.166	127.738327	37.885681
1595920780525	1595920780525	-7.868	3.582	1.770	0.193	-0.932	-0.586	127.738327	37.885681
1595920780550	1595920780550	-7.590	2.657	2.378	-0.117	-0.829	-0.017	127.738327	37.885681
1595920780564	1595920780561	-8.917	1.658	2.719	-0.076	-0.727	0.639	127.738327	37.885681
1595920780583	1595920780581	-10.817	1.306	1.595	-0.098	-0.580	1.403	127.738327	37.885681
1595920780603	1595920780600	-11.619	1.582	0.620	-0.460	-0.287	2.354	127.738327	37.885681
1595920780623	1595920780620	-12.312	1.457	0.927	-0.980	0.247	3.414	127.738327	37.885681
1595920780642	1595920780641	-15.019	-0.220	2.002	-1.483	1.024	4.444	127.738327	37.885681
1595920780661	1595920780661	-17.771	-1.652	3.226	-2.070	1.589	5.209	127.738327	37.885681
1595920780683	1595920780683	-19.304	-2.071	4.089	-2.461	1.792	5.717	127.738327	37.885681
1595920780710	1595920780705	-19.944	-2.479	4.886	-2.141	1.716	6.020	127.738327	37.885681
1595920780726	1595920780719	-18.229	-2.939	4.748	-1.345	1.243	6.037	127.738327	37.885681
1595920780753	1595920780749	-15.028	-3.705	2.958	-0.617	0.734	5.709	127.738327	37.885681
1595920780776	1595920780775	-12.010	-4.795	1.998	-0.202	0.367	5.127	127.738335	37.885670
1595920780780	1595920780778	-9.174	-5.772	2.194	0.094	-0.017	4.408	127.738335	37.885670
1595920780801	1595920780799	-6.539	-5.030	1.703	0.189	-0.134	3.534	127.738335	37.885670
1595920780822	1595920780820	-5.976	-3.113	1.262	0.056	-0.043	2.685	127.738335	37.885670
1595920780844	1595920780844	-7.269	-2.047	1.459	-0.334	-0.011	1.988	127.738335	37.885670
1595920780865	1595920780861	-8.172	-2.582	1.904	-0.842	-0.072	1.371	127.738335	37.885670
1595920780881	1595920780880	-8.230	-3.200	1.890	-1.165	-0.068	0.900	127.738335	37.885670
1595920780904	1595920780900	-8.704	-3.331	1.535	-1.341	0.041	0.656	127.738335	37.885670
1595920780920	1595920780917	-9.296	-3.564	1.305	-1.679	0.013	0.557	127.738335	37.885670
1595920780946	1595920780945	-9.911	-4.371	1.497	-1.989	0.001	0.550	127.738335	37.885670
1595920780959	1595920780957	-10.007	-4.735	2.230	-1.993	0.077	0.590	127.738335	37.885670
1595920780981	1595920780978	-9.495	-4.903	2.721	-1.729	0.072	0.655	127.738335	37.885670
1595920780999	1595920780996	-10.254	-5.200	2.170	-1.394	0.181	0.587	127.738335	37.885670
1595920781019	1595920781015	-13.890	-5.212	1.583	-0.966	0.480	0.390	127.738335	37.885670
1595920781038	1595920781037	-15.184	-5.051	2.551	-0.688	0.444	0.065	127.738335	37.885670
1595920781058	1595920781056	-12.278	-5.059	1.981	-0.515	0.011	-0.505	127.738335	37.885670
1595920781078	1595920781075	-14.403	-4.953	0.934	0.123	0.410	-1.259	127.738335	37.885670
1595920781100	1595920781100	-18.123	-4.120	1.248	0.830	0.697	-2.068	127.738335	37.885670
1595920781120	1595920781114	-17.606	-3.293	1.688	1.254	0.381	-2.980	127.738335	37.885670
1595920781144	1595920781137	-16.856	-2.929	1.432	1.773	0.302	-3.898	127.738335	37.885670
1595920781158	1595920781154	-17.498	-2.146	0.893	2.337	0.384	-4.586	127.738335	37.885670
1595920781177	1595920781174	-16.619	-1.429	0.438	2.555	0.240	-4.944	127.738335	37.885670
1595920781197	1595920781194	-15.040	-1.386	0.809	2.596	0.065	-5.098	127.738335	37.885670
1595920781217	1595920781214	-13.869	-1.293	1.267	2.734	-0.033	-5.122	127.738335	37.885670
1595920781235	1595920781235	-11.897	-0.344	1.171	2.849	-0.218	-4.951	127.738335	37.885670
1595920781256	1595920781255	-9.126	0.779	0.567	2.803	-0.431	-4.591	127.738335	37.885670
1595920781275	1595920781273	-7.140	1.335	0.455	2.587	-0.515	-4.188	127.738335	37.885670
1595920781298	1595920781298	-7.224	1.493	0.749	2.409	-0.350	-3.806	127.738335	37.885670
1595920781315	1595920781315	-8.215	2.717	0.994	2.365	-0.224	-3.336	127.738335	37.885670
1595920781335	1595920781333	-8.081	3.925	1.104	2.162	-0.296	-2.836	127.738335	37.885670
1595920781366	1595920781364	-7.327	4.181	0.975	1.693	-0.421	-2.353	127.738335	37.885670
1595920781390	1595920781388	-7.518	4.051	0.975	1.239	-0.432	-1.793	127.738335	37.885670
1595920781398	1595920781393	-8.565	3.874	1.106	0.876	-0.409	-1.134	127.738335	37.885670
1595920781415	1595920781412	-9.322	3.742	1.068	0.481	-0.445	-0.447	127.738335	37.885670
1595920781437	1595920781432	-9.322	2.990	1.023	0.005	-0.513	0.169	127.738335	37.885670
1595920781455	1595920781453	-9.047	1.977	1.205	-0.377	-0.487	0.753	127.738335	37.885670
1595920781474	1595920781474	-9.679	1.251	1.288	-0.585	-0.392	1.305	127.738335	37.885670
1595920781501	1595920781496	-11.016	0.904	0.462	-0.923	-0.191	1.785	127.738335	37.885670
1595920781514	1595920781514	-11.473	0.779	-0.285	-1.556	0.010	2.266	127.738335	37.885670
1595920781533	1595920781531	-12.963	-0.018	0.112	-2.153	0.385	2.841	127.738335	37.885670
1595920781554	1595920781552	-16.365	-1.245	1.423	-2.419	0.917	3.494	127.738335	37.885670
1595920781579	1595920781572	-17.989	-2.064	1.950	-2.680	1.060	4.036	127.738335	37.885670
1595920781594	1595920781591	-17.682	-2.359	1.952	-3.010	1.060	4.424	127.738335	37.885670
1595920781613	1595920781611	-17.661	-2.838	2.661	-3.024	1.171	4.681	127.738335	37.885670
1595920781632	1595920781631	-16.655	-3.662	3.753	-2.510	0.992	4.745	127.738335	37.885670
1595920781655	1595920781650	-14.223	-4.117	3.830	-1.573	0.685	4.548	127.738335	37.885670
1595920781672	1595920781672	-11.595	-3.995	3.284	-0.558	0.508	4.221	127.738335	37.885670
1595920781692	1595920781692	-9.286	-3.722	2.778	0.059	0.363	3.836	127.738335	37.885670
1595920781713	1595920781712	-7.779	-3.367	2.295	0.172	0.262	3.407	127.738335	37.885670
1595920781737	1595920781731	-6.972	-2.860	2.045	-0.153	0.195	2.987	127.738335	37.885670
1595920781752	1595920781751	-6.642	-3.073	1.921	-0.620	0.091	2.570	127.738335	37.885670
1595920781771	1595920781771	-7.322	-3.782	1.921	-0.779	0.071	2.145	127.738342	37.885654
1595920781795	1595920781794	-8.199	-4.220	2.103	-0.531	0.073	1.779	127.738342	37.885654
1595920781816	1595920781815	-8.278	-3.976	2.136	-0.290	0.035	1.466	127.738342	37.885654
1595920781834	1595920781832	-8.127	-4.005	2.481	-0.230	0.014	1.202	127.738342	37.885654
1595920781851	1595920781850	-8.881	-4.618	2.616	-0.179	0.080	1.015	127.738342	37.885654
1595920781870	1595920781868	-9.830	-4.896	2.687	0.030	0.146	0.837	127.738342	37.885654
1595920781893	1595920781890	-9.492	-4.615	3.064	0.212	0.084	0.674	127.738342	37.885654
1595920781913	1595920781913	-8.905	-4.433	3.274	0.213	0.061	0.432	127.738342	37.885654
1595920781931	1595920781929	-9.842	-4.522	3.037	0.246	0.136	0.054	127.738342	37.885654
1595920781953	1595920781948	-12.843	-4.661	2.798	0.556	0.253	-0.387	127.738342	37.885654
1595920781972	1595920781972	-14.451	-4.692	3.023	1.012	0.149	-0.898	127.738342	37.885654
1595920781990	1595920781988	-14.302	-4.697	2.048	1.598	-0.186	-1.509	127.738342	37.885654
1595920782010	1595920782008	-16.933	-4.227	0.486	2.451	-0.093	-2.130	127.738342	37.885654
1595920782035	1595920782033	-19.180	-2.579	-0.360	3.027	-0.215	-2.762	127.738342	37.885654
1595920782050	1595920782048	-18.291	-0.914	-1.050	3.072	-0.680	-3.369	127.738342	37.885654
1595920782071	1595920782070	-17.196	0.243	-0.868	2.866	-0.856	-3.748	127.738342	37.885654
1595920782089	1595920782089	-17.098	0.446	0.321	2.444	-0.912	-3.884	127.738342	37.885654
1595920782109	1595920782109	-16.082	-0.498	1.437	1.841	-1.116	-3.899	127.738342	37.885654
1595920782129	1595920782129	-13.759	-1.183	1.631	1.318	-1.303	-3.874	127.738342	37.885654
1595920782152	1595920782147	-11.416	-0.802	1.276	0.910	-1.378	-3.767	127.738342	37.885654
1595920782174	1595920782174	-9.507	-0.174	0.644	0.488	-1.371	-3.592	127.738342	37.885654
1595920782190	1595920782187	-8.062	0.008	0.146	0.103	-1.296	-3.428	127.738342	37.885654
1595920782209	1595920782206	-7.844	-0.232	0.163	-0.089	-1.122	-3.280	127.738342	37.885654
1595920782228	1595920782226	-8.397	-0.078	0.316	-0.039	-0.960	-3.109	127.738342	37.885654
1595920782249	1595920782246	-7.530	0.449	0.119	0.169	-1.043	-2.870	127.738342	37.885654
1595920782268	1595920782268	-6.443	0.652	-0.060	0.245	-1.072	-2.665	127.738342	37.885654
1595920782288	1595920782288	-7.834	0.607	-0.364	0.214	-0.861	-2.412	127.738342	37.885654
1595920782309	1595920782308	-9.957	1.062	-0.427	0.290	-0.664	-2.029	127.738342	37.885654
1595920782344	1595920782344	-9.765	1.828	-0.223	0.373	-0.779	-1.629	127.738342	37.885654
1595920782351	1595920782346	-8.992	2.051	0.012	0.287	-0.753	-1.285	127.738342	37.885654
1595920782374	1595920782373	-9.095	1.953	0.575	0.175	-0.550	-0.880	127.738342	37.885654
1595920782391	1595920782390	-8.865	1.699	1.432	0.112	-0.430	-0.392	127.738342	37.885654
1595920782408	1595920782405	-9.408	1.313	1.746	0.008	-0.260	0.075	127.738342	37.885654
1595920782428	1595920782425	-11.310	1.373	1.066	-0.241	0.054	0.622	127.738342	37.885654
1595920782447	1595920782445	-11.955	1.419	0.508	-0.868	0.194	1.208	127.738342	37.885654
1595920782467	1595920782466	-12.633	0.329	0.651	-1.564	0.374	1.820	127.738342	37.885654
1595920782488	1595920782486	-14.690	-0.934	1.272	-1.869	0.743	2.469	127.738342	37.885654
1595920782507	1595920782505	-15.304	-1.298	1.770	-1.938	0.830	3.058	127.738342	37.885654
1595920782529	1595920782528	-15.138	-1.832	2.572	-1.950	0.841	3.529	127.738342	37.885654
1595920782551	1595920782546	-15.651	-2.586	3.174	-1.723	0.910	3.927	127.738342	37.885654
1595920782569	1595920782569	-14.724	-2.582	3.023	-1.329	0.779	4.153	127.738342	37.885654
1595920782589	1595920782583	-12.726	-2.448	2.283	-1.091	0.598	4.150	127.738342	37.885654
1595920782606	1595920782604	-11.207	-3.027	1.775	-0.956	0.504	4.036	127.738342	37.885654
1595920782626	1595920782623	-10.134	-2.886	2.692	-1.222	0.449	3.703	127.738342	37.885654
1595920782648	1595920782645	-9.825	-4.100	1.986	-1.715	0.088	3.491	127.738342	37.885654
1595920782665	1595920782663	-8.385	-4.699	0.397	-0.634	-0.042	3.360	127.738342	37.885654
1595920782684	1595920782684	-8.268	-1.638	2.216	-0.222	0.223	3.151	127.738342	37.885654
1595920782707	1595920782704	-9.358	-3.224	2.388	-1.118	0.154	2.998	127.738342	37.885654
1595920782725	1595920782724	-9.504	-5.260	2.268	-1.065	0.055	2.885	127.738342	37.885654
1595920782756	1595920782754	-9.341	-4.520	2.469	-0.559	-0.021	2.714	127.738342	37.885654
1595920782771	1595920782771	-9.183	-4.426	2.520	-0.595	-0.067	2.452	127.738350	37.885639
1595920782793	1595920782782	-8.994	-5.061	2.436	-0.798	-0.133	2.127	127.738350	37.885639
1595920782804	1595920782801	-9.789	-5.418	2.089	-0.805	-0.086	1.737	127.738350	37.885639
1595920782823	1595920782821	-10.079	-5.308	2.141	-0.752	-0.071	1.282	127.738350	37.885639
1595920782844	1595920782841	-9.099	-4.733	2.333	-0.771	-0.116	0.781	127.738350	37.885639
1595920782865	1595920782862	-8.831	-4.292	2.170	-0.833	-0.008	0.295	127.738350	37.885639
1595920782883	1595920782880	-11.183	-4.515	1.665	-0.661	0.189	-0.183	127.738350	37.885639
1595920782909	1595920782904	-14.245	-5.435	2.045	-0.154	0.299	-0.632	127.738350	37.885639
1595920782924	1595920782923	-14.434	-5.581	1.145	0.546	0.037	-1.156	127.738350	37.885639
1595920782952	1595920782952	-16.262	-4.877	-0.015	1.474	0.137	-1.677	127.738350	37.885639
1595920782964	1595920782964	-18.796	-3.911	-0.693	2.138	0.224	-2.261	127.738350	37.885639
1595920782989	1595920782989	-19.136	-2.443	-1.083	2.315	0.062	-2.964	127.738350	37.885639
1595920783003	1595920783000	-18.248	-1.300	-0.669	2.088	-0.063	-3.614	127.738350	37.885639
1595920783022	1595920783021	-17.292	-1.073	0.237	1.533	-0.087	-4.095	127.738350	37.885639
1595920783043	1595920783040	-15.404	-1.794	0.960	0.989	-0.110	-4.358	127.738350	37.885639
1595920783061	1595920783060	-12.906	-2.364	0.752	0.826	-0.107	-4.414	127.738350	37.885639
1595920783082	1595920783082	-10.493	-2.107	0.203	1.046	-0.090	-4.233	127.738350	37.885639
1595920783103	1595920783100	-8.522	-1.523	-0.190	1.335	-0.080	-4.018	127.738350	37.885639
1595920783123	1595920783122	-7.329	-1.063	-0.331	1.469	-0.039	-3.822	127.738350	37.885639
1595920783145	1595920783143	-6.814	-0.840	-0.422	1.559	-0.020	-3.610	127.738350	37.885639
1595920783166	1595920783166	-7.037	-0.752	-0.214	1.649	-0.028	-3.389	127.738350	37.885639
1595920783186	1595920783181	-7.715	-0.821	0.158	1.698	-0.074	-3.190	127.738350	37.885639
1595920783203	1595920783201	-8.158	-0.246	0.474	1.777	-0.203	-2.984	127.738350	37.885639
1595920783222	1595920783221	-8.817	0.624	0.733	1.735	-0.335	-2.719	127.738350	37.885639
1595920783243	1595920783240	-10.740	0.674	0.979	1.411	-0.399	-2.414	127.738350	37.885639
1595920783262	1595920783260	-12.122	0.858	0.771	0.960	-0.568	-2.071	127.738350	37.885639
1595920783299	1595920783297	-10.735	1.793	0.354	0.525	-0.901	-1.689	127.738350	37.885639
1595920783305	1595920783303	-9.413	1.929	0.328	0.012	-0.988	-1.284	127.738350	37.885639
1595920783322	1595920783322	-9.684	1.555	0.620	-0.382	-0.833	-0.841	127.738350	37.885639
1595920783343	1595920783341	-9.449	1.297	1.116	-0.576	-0.793	-0.409	127.738350	37.885639
1595920783366	1595920783366	-9.899	1.043	1.356	-0.775	-0.673	0.038	127.738350	37.885639
1595920783381	1595920783379	-11.356	0.813	0.814	-1.054	-0.458	0.539	127.738350	37.885639
1595920783411	1595920783401	-11.272	0.513	0.493	-1.556	-0.352	1.105	127.738350	37.885639
1595920783421	1595920783419	-11.976	-0.320	0.977	-2.035	-0.080	1.807	127.738350	37.885639
1595920783445	1595920783442	-14.410	-1.422	1.662	-2.140	0.241	2.621	127.738350	37.885639
1595920783461	1595920783459	-15.598	-2.071	2.038	-1.874	0.294	3.434	127.738350	37.885639
1595920783481	1595920783479	-15.699	-2.366	2.469	-1.512	0.325	4.096	127.738350	37.885639
1595920783501	1595920783499	-15.792	-2.721	3.044	-1.266	0.392	4.563	127.738350	37.885639
1595920783522	1595920783520	-15.021	-2.963	3.246	-1.075	0.310	4.808	127.738350	37.885639
1595920783542	1595920783542	-13.718	-3.008	2.905	-0.925	0.164	4.806	127.738350	37.885639
1595920783561	1595920783560	-12.137	-3.399	2.117	-0.893	0.023	4.618	127.738350	37.885639
1595920783580	1595920783579	-10.311	-2.819	2.637	-1.588	-0.162	4.045	127.738350	37.885639
1595920783600	1595920783598	-9.145	-4.709	0.608	-2.102	-0.525	3.682	127.738350	37.885639
1595920783629	1595920783617	-7.434	-5.035	0.560	-1.029	-0.516	3.291	127.738350	37.885639
1595920783639	1595920783637	-6.778	-2.910	1.463	-0.843	-0.445	2.766	127.738350	37.885639
1595920783659	1595920783656	-7.255	-3.600	0.570	-1.262	-0.355	2.342	127.738350	37.885639
1595920783678	1595920783676	-8.115	-4.369	0.807	-0.976	-0.272	2.002	127.738350	37.885639
1595920783699	1595920783697	-8.829	-4.271	1.514	-0.499	-0.211	1.750	127.738350	37.885639
1595920783718	1595920783718	-9.078	-4.232	1.518	-0.264	-0.189	1.569	127.738350	37.885639
1595920783756	1595920783735	-9.904	-4.304	1.471	-0.240	-0.137	1.476	127.738365	37.885624
1595920783759	1595920783756	-11.231	-4.582	1.224	-0.400	-0.050	1.397	127.738365	37.885624
1595920783777	1595920783775	-11.284	-4.922	1.320	-0.534	-0.064	1.290	127.738365	37.885624
1595920783801	1595920783796	-9.717	-5.008	1.533	-0.601	-0.130	1.152	127.738365	37.885624
1595920783818	1595920783814	-9.765	-5.200	1.631	-0.590	-0.009	0.881	127.738365	37.885624
1595920783837	1595920783834	-13.193	-5.638	1.514	-0.381	0.293	0.508	127.738365	37.885624
1595920783872	1595920783872	-14.666	-5.526	1.998	-0.026	0.313	0.076	127.738365	37.885624
1595920783880	1595920783874	-12.173	-4.996	1.899	0.376	-0.016	-0.437	127.738365	37.885624
1595920783898	1595920783896	-13.227	-4.536	0.766	0.819	0.187	-1.032	127.738365	37.885624
1595920783916	1595920783913	-16.401	-4.203	0.148	1.140	0.409	-1.642	127.738365	37.885624
1595920783938	1595920783934	-16.705	-3.732	-0.139	1.335	0.247	-2.306	127.738365	37.885624
1595920783961	1595920783953	-16.228	-2.970	-0.333	1.547	0.196	-3.022	127.738365	37.885624
1595920783978	1595920783975	-16.259	-2.218	-0.175	1.703	0.231	-3.619	127.738365	37.885624
1595920783995	1595920783993	-15.146	-1.818	0.050	1.733	0.224	-4.003	127.738365	37.885624
1595920784017	1595920784015	-13.462	-1.944	0.285	1.732	0.222	-4.245	127.738365	37.885624
1595920784036	1595920784033	-12.108	-2.069	0.522	1.834	0.202	-4.387	127.738365	37.885624
1595920784055	1595920784052	-10.848	-1.779	0.570	1.934	0.166	-4.413	127.738365	37.885624
1595920784074	1595920784072	-9.523	-1.453	0.455	1.892	0.129	-4.371	127.738365	37.885624
1595920784095	1595920784092	-8.484	-1.171	0.234	1.783	0.090	-4.273	127.738365	37.885624
1595920784114	1595920784114	-8.385	-0.819	0.323	1.789	0.089	-4.089	127.738365	37.885624
1595920784134	1595920784133	-8.905	-0.395	0.529	1.984	0.065	-3.835	127.738365	37.885624
1595920784155	1595920784154	-8.726	0.647	0.661	2.262	-0.154	-3.479	127.738365	37.885624
1595920784174	1595920784174	-8.994	1.793	0.771	2.456	-0.379	-2.971	127.738365	37.885624
1595920784194	1595920784192	-9.547	2.272	0.558	2.341	-0.556	-2.394	127.738365	37.885624
1595920784219	1595920784219	-9.241	2.703	0.311	1.761	-0.801	-1.849	127.738365	37.885624
1595920784237	1595920784233	-9.622	2.851	0.337	0.944	-0.838	-1.194	127.738365	37.885624
1595920784261	1595920784259	-10.093	2.504	0.567	0.078	-0.778	-0.566	127.738365	37.885624
1595920784272	1595920784270	-9.181	1.898	0.989	-0.573	-0.836	0.026	127.738365	37.885624
1595920784293	1595920784291	-8.381	1.136	1.679	-0.781	-0.786	0.572	127.738365	37.885624
1595920784312	1595920784310	-9.490	0.506	1.995	-0.601	-0.522	1.096	127.738365	37.885624
1595920784332	1595920784330	-11.382	0.468	1.631	-0.456	-0.184	1.612	127.738365	37.885624
1595920784353	1595920784352	-11.392	0.525	1.209	-0.675	-0.101	2.075	127.738365	37.885624
1595920784372	1595920784370	-12.913	0.132	1.142	-1.090	0.281	2.584	127.738365	37.885624
1595920784392	1595920784392	-15.740	-0.275	1.732	-1.554	0.747	3.179	127.738365	37.885624
1595920784412	1595920784412	-16.767	-0.610	1.528	-2.228	0.813	3.699	127.738365	37.885624
1595920784438	1595920784438	-17.313	-1.444	1.384	-2.898	0.876	4.107	127.738365	37.885624
1595920784455	1595920784451	-17.551	-2.838	2.192	-3.154	0.816	4.412	127.738365	37.885624
1595920784471	1595920784470	-16.037	-4.323	2.896	-2.785	0.477	4.532	127.738365	37.885624
1595920784492	1595920784489	-13.023	-4.716	2.759	-1.905	0.141	4.377	127.738365	37.885624
1595920784511	1595920784509	-10.089	-4.431	2.283	-0.874	-0.003	4.029	127.738365	37.885624
1595920784536	1595920784535	-8.134	-4.211	1.952	0.062	-0.024	3.628	127.738365	37.885624
1595920784551	1595920784550	-6.931	-3.576	1.811	0.655	0.029	3.189	127.738365	37.885624
1595920784571	1595920784571	-6.289	-2.745	1.799	0.656	0.066	2.762	127.738365	37.885624
1595920784591	1595920784591	-6.189	-2.476	1.645	0.194	0.045	2.367	127.738365	37.885624
1595920784612	1595920784612	-6.939	-3.022	1.593	-0.212	0.035	2.060	127.738365	37.885624
1595920784641	1595920784635	-8.117	-3.485	1.669	-0.350	0.022	1.869	127.738365	37.885624
1595920784653	1595920784648	-8.951	-3.446	1.708	-0.550	-0.037	1.720	127.738365	37.885624
1595920784669	1595920784668	-9.907	-3.724	1.566	-0.956	-0.076	1.577	127.738365	37.885624
1595920784690	1595920784688	-11.095	-4.340	1.595	-1.263	-0.069	1.431	127.738365	37.885624
1595920784709	1595920784708	-12.086	-4.965	1.619	-1.293	-0.050	1.288	127.738365	37.885624
1595920784729	1595920784729	-12.089	-5.116	1.703	-1.325	-0.004	1.088	127.738365	37.885624
1595920784749	1595920784748	-10.441	-5.011	2.115	-1.350	-0.051	0.770	127.738365	37.885624
1595920784774	1595920784774	-9.873	-4.941	2.249	-1.149	0.106	0.364	127.738365	37.885605
1595920784797	1595920784797	-12.348	-5.111	1.976	-0.627	0.398	-0.103	127.738365	37.885605
1595920784817	1595920784815	-14.523	-5.039	2.522	-0.023	0.499	-0.601	127.738365	37.885605
1595920784833	1595920784827	-12.144	-4.596	2.505	0.373	0.127	-1.191	127.738365	37.885605
1595920784850	1595920784848	-12.281	-4.630	1.480	0.979	0.171	-1.803	127.738365	37.885605
1595920784868	1595920784868	-15.972	-4.141	0.694	1.740	0.443	-2.339	127.738365	37.885605
1595920784889	1595920784886	-17.905	-3.116	0.476	2.242	0.280	-2.903	127.738365	37.885605
1595920784909	1595920784905	-17.388	-2.218	0.376	2.507	-0.025	-3.452	127.738365	37.885605
1595920784928	1595920784926	-16.130	-1.398	0.134	2.631	-0.191	-3.824	127.738365	37.885605
1595920784948	1595920784946	-14.724	-0.946	0.198	2.476	-0.230	-4.017	127.738365	37.885605
1595920784967	1595920784966	-12.865	-1.142	0.405	2.151	-0.326	-4.099	127.738365	37.885605
1595920784989	1595920784987	-11.399	-1.355	0.673	1.946	-0.374	-4.116	127.738365	37.885605
1595920785013	1595920785011	-10.685	-1.293	0.943	1.829	-0.345	-4.075	127.738365	37.885605
1595920785035	1595920785035	-9.820	-1.025	0.924	1.672	-0.395	-3.960	127.738365	37.885605
1595920785053	1595920785045	-8.625	-0.622	0.625	1.551	-0.482	-3.787	127.738365	37.885605
1595920785067	1595920785065	-7.542	-0.033	0.462	1.597	-0.536	-3.542	127.738365	37.885605
1595920785087	1595920785085	-7.427	0.568	0.472	1.738	-0.518	-3.245	127.738365	37.885605
1595920785107	1595920785105	-8.165	1.189	0.445	1.710	-0.471	-2.897	127.738365	37.885605
1595920785126	1595920785126	-8.524	1.773	0.498	1.504	-0.553	-2.472	127.738365	37.885605
1595920785147	1595920785145	-8.457	2.145	0.591	1.171	-0.639	-2.027	127.738365	37.885605
1595920785167	1595920785166	-8.889	2.327	0.627	0.753	-0.627	-1.551	127.738365	37.885605
1595920785187	1595920785186	-9.643	2.377	0.644	0.243	-0.566	-1.018	127.738365	37.885605
1595920785220	1595920785215	-9.945	1.781	1.001	-0.333	-0.525	-0.455	127.738365	37.885605
1595920785225	1595920785225	-9.530	0.815	1.523	-0.718	-0.498	0.113	127.738365	37.885605
1595920785246	1595920785244	-9.209	0.228	2.002	-0.804	-0.445	0.629	127.738365	37.885605
1595920785265	1595920785263	-10.283	-0.023	2.115	-0.945	-0.330	1.081	127.738365	37.885605
1595920785286	1595920785283	-11.742	-0.014	1.322	-1.412	-0.230	1.537	127.738365	37.885605
1595920785306	1595920785303	-12.065	-0.054	0.433	-2.050	-0.218	2.028	127.738365	37.885605
1595920785324	1595920785323	-13.385	-0.893	0.766	-2.594	-0.049	2.520	127.738365	37.885605
1595920785345	1595920785344	-15.531	-2.246	1.559	-2.751	0.150	3.033	127.738365	37.885605
1595920785365	1595920785365	-16.312	-2.857	1.947	-2.604	0.190	3.497	127.738365	37.885605
1595920785385	1595920785385	-15.764	-2.912	2.333	-2.337	0.246	3.812	127.738365	37.885605
1595920785411	1595920785407	-14.499	-3.046	2.939	-1.902	0.263	3.976	127.738365	37.885605
1595920785424	1595920785424	-12.477	-3.025	3.293	-1.332	0.170	3.913	127.738365	37.885605
1595920785448	1595920785446	-10.374	-3.358	3.150	-0.853	0.133	3.650	127.738365	37.885605
1595920785464	1595920785462	-9.423	-3.566	4.012	-1.206	0.101	3.093	127.738365	37.885605
1595920785484	1595920785482	-8.591	-4.910	2.237	-1.629	-0.387	2.587	127.738365	37.885605
1595920785505	1595920785501	-6.510	-4.120	0.948	-0.541	-0.450	2.541	127.738365	37.885605
1595920785524	1595920785522	-6.062	-1.223	1.741	-0.469	-0.143	2.159	127.738365	37.885605
1595920785547	1595920785547	-7.257	-2.668	1.344	-1.257	-0.127	1.919	127.738365	37.885605
1595920785564	1595920785562	-7.746	-3.861	1.008	-1.082	-0.167	1.821	127.738365	37.885605
1595920785583	1595920785583	-8.558	-3.540	1.217	-0.421	-0.102	1.821	127.738365	37.885605
1595920785603	1595920785602	-8.711	-3.585	1.538	0.006	-0.131	1.850	127.738365	37.885605
1595920785623	1595920785622	-8.623	-3.782	2.029	0.227	-0.167	1.941	127.738365	37.885605
1595920785647	1595920785646	-9.588	-4.129	2.247	0.347	-0.088	2.082	127.738365	37.885605
1595920785663	1595920785661	-10.810	-4.544	2.000	0.366	-0.038	2.194	127.738365	37.885605
1595920785683	1595920785681	-11.294	-4.759	2.148	0.318	-0.056	2.180	127.738365	37.885605
1595920785703	1595920785700	-10.192	-4.843	2.316	0.144	-0.162	1.929	127.738365	37.885605
1595920785722	1595920785720	-9.437	-4.745	2.194	-0.133	-0.130	1.466	127.738365	37.885605
1595920785748	1595920785748	-11.090	-4.625	2.148	-0.420	0.087	0.848	127.738365	37.885605
1595920785762	1595920785762	-12.149	-4.438	2.340	-0.664	0.091	0.135	127.738373	37.885590
1595920785793	1595920785780	-12.633	-4.084	1.624	-0.696	0.004	-0.635	127.738373	37.885590
1595920785808	1595920785800	-15.332	-4.000	0.874	-0.469	0.250	-1.410	127.738373	37.885590
1595920785824	1595920785821	-16.933	-3.722	0.987	-0.278	0.283	-2.211	127.738373	37.885590
1595920785843	1595920785840	-16.710	-3.717	0.726	0.040	0.153	-2.972	127.738373	37.885590
1595920785866	1595920785863	-17.129	-3.281	-0.015	0.634	0.290	-3.559	127.738373	37.885590
1595920785883	1595920785880	-17.594	-2.620	-0.463	1.174	0.392	-3.929	127.738373	37.885590
1595920785904	1595920785901	-16.154	-2.256	-0.532	1.539	0.294	-4.107	127.738373	37.885590
1595920785921	1595920785920	-13.840	-1.997	-0.408	1.857	0.214	-4.150	127.738373	37.885590
1595920785945	1595920785941	-11.952	-1.750	-0.154	2.011	0.207	-4.117	127.738373	37.885590
1595920785960	1595920785959	-10.402	-1.659	0.038	1.926	0.183	-4.053	127.738373	37.885590
1595920785982	1595920785980	-9.262	-1.456	0.151	1.726	0.215	-3.975	127.738373	37.885590
1595920786006	1595920786005	-8.699	-1.053	0.048	1.537	0.286	-3.856	127.738373	37.885590
1595920786021	1595920786019	-8.486	-0.493	-0.089	1.419	0.341	-3.686	127.738373	37.885590
1595920786042	1595920786039	-8.132	0.020	0.033	1.352	0.294	-3.480	127.738373	37.885590
1595920786061	1595920786059	-8.275	0.245	0.620	1.339	0.206	-3.159	127.738373	37.885590
1595920786082	1595920786079	-8.699	0.190	1.279	1.420	0.068	-2.759	127.738373	37.885590
1595920786102	1595920786100	-9.037	0.561	1.612	1.461	-0.101	-2.420	127.738373	37.885590
1595920786120	1595920786118	-9.315	1.210	1.684	1.314	-0.263	-2.058	127.738373	37.885590
1595920786140	1595920786138	-9.025	2.147	1.566	1.115	-0.444	-1.588	127.738373	37.885590
1595920786180	1595920786175	-8.584	2.983	1.693	0.826	-0.534	-1.103	127.738373	37.885590
1595920786186	1595920786182	-8.711	2.899	2.017	0.395	-0.525	-0.587	127.738373	37.885590
1595920786200	1595920786200	-8.968	2.348	2.465	0.029	-0.513	-0.046	127.738373	37.885590
1595920786220	1595920786219	-9.849	1.491	2.529	-0.271	-0.516	0.514	127.738373	37.885590
1595920786239	1595920786239	-11.112	1.158	1.291	-0.723	-0.458	1.092	127.738373	37.885590
1595920786262	1595920786262	-11.653	0.918	0.402	-1.455	-0.384	1.665	127.738373	37.885590
1595920786281	1595920786281	-13.648	-0.522	0.632	-2.297	-0.191	2.278	127.738373	37.885590
1595920786300	1595920786300	-16.604	-2.380	1.260	-2.609	0.088	2.994	127.738373	37.885590
1595920786319	1595920786315	-16.621	-2.860	1.988	-2.395	0.049	3.614	127.738373	37.885590
1595920786338	1595920786335	-15.023	-3.046	2.687	-2.042	0.001	4.027	127.738373	37.885590
1595920786365	1595920786360	-14.789	-3.708	2.910	-1.466	0.120	4.298	127.738373	37.885590
1595920786379	1595920786377	-13.926	-3.777	2.479	-0.674	0.104	4.388	127.738373	37.885590
1595920786400	1595920786399	-12.084	-3.559	1.811	0.033	0.039	4.268	127.738373	37.885590
1595920786418	1595920786416	-10.599	-3.868	1.650	0.633	0.019	4.016	127.738373	37.885590
1595920786441	1595920786436	-9.245	-4.021	1.506	1.110	0.014	3.658	127.738373	37.885590
1595920786459	1595920786456	-7.909	-3.458	1.197	1.283	0.033	3.211	127.738373	37.885590
1595920786484	1595920786481	-6.941	-2.893	1.025	1.077	0.076	2.737	127.738373	37.885590
1595920786501	1595920786499	-6.536	-2.709	1.039	0.656	0.136	2.284	127.738373	37.885590
1595920786518	1595920786514	-6.584	-2.685	1.111	0.267	0.214	1.901	127.738373	37.885590
1595920786537	1595920786534	-7.164	-2.709	1.509	0.060	0.320	1.619	127.738373	37.885590
1595920786557	1595920786554	-8.371	-2.984	2.405	-0.013	0.399	1.451	127.738373	37.885590
1595920786579	1595920786573	-9.109	-3.157	2.949	-0.200	0.386	1.392	127.738373	37.885590
1595920786597	1595920786596	-9.523	-3.128	2.905	-0.621	0.305	1.377	127.738373	37.885590
1595920786615	1595920786615	-10.822	-3.957	2.781	-1.089	0.302	1.380	127.738373	37.885590
1595920786639	1595920786635	-11.344	-4.884	2.788	-1.399	0.199	1.296	127.738373	37.885590
1595920786660	1595920786656	-10.623	-4.594	2.711	-1.656	0.044	1.026	127.738373	37.885590
1595920786680	1595920786678	-11.227	-4.316	2.510	-1.999	0.080	0.656	127.738373	37.885590
1595920786698	1595920786693	-13.854	-4.850	1.926	-2.293	0.229	0.173	127.738373	37.885590
1595920786714	1595920786712	-15.661	-5.047	2.465	-2.113	0.280	-0.364	127.738373	37.885590
1595920786734	1595920786732	-13.172	-4.651	3.083	-1.584	-0.056	-0.933	127.738373	37.885590
1595920786754	1595920786753	-12.089	-4.738	2.211	-0.790	0.002	-1.509	127.738373	37.885590
1595920786774	1595920786774	-14.870	-5.039	1.054	0.097	0.354	-2.045	127.738373	37.885571
1595920786796	1595920786795	-16.451	-4.558	0.366	0.878	0.339	-2.530	127.738373	37.885571
1595920786813	1595920786813	-16.279	-3.305	0.110	1.549	0.242	-3.031	127.738373	37.885571
1595920786834	1595920786831	-16.202	-2.208	0.074	1.925	0.276	-3.438	127.738373	37.885571
1595920786858	1595920786855	-15.241	-1.659	0.249	1.931	0.259	-3.701	127.738373	37.885571
1595920786878	1595920786873	-13.057	-1.377	0.388	1.773	0.191	-3.857	127.738373	37.885571
1595920786893	1595920786891	-11.035	-1.070	0.481	1.491	0.203	-3.925	127.738373	37.885571
1595920786912	1595920786910	-9.427	-0.948	0.474	1.142	0.251	-3.869	127.738373	37.885571
1595920786932	1595920786930	-8.328	-0.984	0.467	0.849	0.330	-3.726	127.738373	37.885571
1595920786952	1595920786950	-7.684	-0.704	0.539	0.690	0.390	-3.541	127.738373	37.885571
1595920786973	1595920786971	-6.996	-0.569	0.584	0.691	0.377	-3.314	127.738373	37.885571
1595920786993	1595920786991	-6.584	-0.881	0.558	0.827	0.351	-3.095	127.738373	37.885571
1595920787012	1595920787010	-6.919	-0.888	0.589	1.070	0.316	-2.850	127.738373	37.885571
1595920787031	1595920787029	-7.909	0.010	0.615	1.373	0.239	-2.534	127.738373	37.885571
1595920787055	1595920787050	-8.781	1.067	0.706	1.550	0.081	-2.156	127.738373	37.885571
1595920787073	1595920787069	-9.475	1.479	0.795	1.470	-0.101	-1.718	127.738373	37.885571
1595920787092	1595920787090	-9.794	1.639	0.812	1.213	-0.279	-1.227	127.738373	37.885571
1595920787113	1595920787111	-9.648	1.862	1.008	0.806	-0.433	-0.703	127.738373	37.885571
1595920787137	1595920787134	-9.547	1.378	1.396	0.251	-0.478	-0.167	127.738373	37.885571
1595920787152	1595920787149	-9.629	0.513	1.880	-0.165	-0.520	0.361	127.738373	37.885571
1595920787171	1595920787169	-10.891	0.329	1.782	-0.463	-0.509	0.814	127.738373	37.885571
1595920787192	1595920787190	-12.803	0.532	0.920	-1.058	-0.399	1.264	127.738373	37.885571
1595920787210	1595920787210	-12.333	0.077	0.141	-1.905	-0.485	1.692	127.738373	37.885571
1595920787231	1595920787231	-12.834	-1.322	0.131	-2.553	-0.278	2.144	127.738373	37.885571
1595920787253	1595920787253	-15.402	-3.236	1.341	-2.546	0.089	2.723	127.738373	37.885571
1595920787271	1595920787270	-16.132	-3.815	2.596	-2.009	0.105	3.243	127.738373	37.885571
1595920787291	1595920787288	-15.646	-3.284	2.927	-1.300	0.073	3.626	127.738373	37.885571
1595920787310	1595920787308	-15.011	-3.430	2.757	-0.689	0.080	3.865	127.738373	37.885571
1595920787330	1595920787328	-13.191	-3.856	2.620	-0.266	-0.043	3.870	127.738373	37.885571
1595920787350	1595920787348	-10.822	-4.230	2.795	-0.083	-0.165	3.668	127.738373	37.885571
1595920787370	1595920787367	-8.855	-3.705	3.708	-0.435	-0.270	3.242	127.738373	37.885571
1595920787390	1595920787390	-7.221	-3.720	2.563	-0.626	-0.448	2.993	127.738373	37.885571
1595920787409	1595920787409	-6.620	-2.804	2.659	-0.647	-0.317	2.629	127.738373	37.885571
1595920787431	1595920787431	-6.776	-2.495	2.254	-1.380	-0.359	2.268	127.738373	37.885571
1595920787450	1595920787449	-6.630	-3.502	1.686	-2.075	-0.506	1.949	127.738373	37.885571
1595920787470	1595920787469	-6.927	-4.163	1.780	-2.200	-0.561	1.679	127.738373	37.885571
1595920787489	1595920787488	-7.767	-4.354	1.849	-2.005	-0.549	1.464	127.738373	37.885571
1595920787509	1595920787507	-8.144	-4.580	1.722	-1.852	-0.606	1.314	127.738373	37.885571
1595920787531	1595920787528	-9.090	-4.977	1.324	-1.658	-0.606	1.224	127.738373	37.885571
1595920787549	1595920787546	-10.985	-4.869	0.658	-1.228	-0.485	1.192	127.738373	37.885571
1595920787569	1595920787567	-11.715	-4.649	0.560	-0.919	-0.474	1.171	127.738373	37.885571
1595920787588	1595920787588	-10.172	-5.095	0.622	-0.951	-0.579	1.044	127.738373	37.885571
1595920787609	1595920787607	-8.912	-5.507	0.534	-0.885	-0.469	0.817	127.738373	37.885571
1595920787628	1595920787628	-9.753	-5.459	0.381	-0.614	-0.176	0.519	127.738373	37.885571
1595920787648	1595920787647	-12.654	-5.669	0.599	-0.283	0.181	0.135	127.738373	37.885571
1595920787669	1595920787667	-13.435	-5.485	1.082	0.112	0.302	-0.353	127.738373	37.885571
1595920787691	1595920787685	-12.733	-4.836	0.687	0.658	0.320	-0.889	127.738373	37.885571
1595920787708	1595920787706	-14.453	-4.675	-0.072	1.246	0.617	-1.375	127.738373	37.885571
1595920787727	1595920787725	-16.171	-4.388	-0.482	1.632	0.800	-1.926	127.738373	37.885571
1595920787751	1595920787751	-16.018	-3.885	-0.580	1.949	0.793	-2.526	127.738373	37.885571
1595920787772	1595920787765	-15.629	-2.852	-0.666	2.323	0.856	-3.008	127.738373	37.885555
1595920787793	1595920787793	-15.081	-1.942	-0.503	2.427	0.919	-3.322	127.738373	37.885555
1595920787808	1595920787804	-13.495	-1.856	-0.324	2.268	0.896	-3.485	127.738373	37.885555
1595920787826	1595920787824	-11.646	-1.947	-0.252	2.148	0.882	-3.539	127.738373	37.885555
1595920787846	1595920787844	-10.036	-1.808	-0.226	2.054	0.876	-3.520	127.738373	37.885555
1595920787869	1595920787867	-8.802	-1.652	-0.113	1.862	0.883	-3.478	127.738373	37.885555
1595920787886	1595920787883	-8.040	-1.535	0.153	1.649	0.864	-3.396	127.738373	37.885555
1595920787907	1595920787904	-7.473	-1.307	0.409	1.532	0.816	-3.269	127.738373	37.885555
1595920787926	1595920787925	-7.137	-0.807	0.572	1.543	0.765	-3.092	127.738373	37.885555
1595920787948	1595920787945	-7.212	-0.404	0.826	1.581	0.603	-2.836	127.738373	37.885555
1595920787965	1595920787963	-7.231	-0.119	0.989	1.482	0.358	-2.556	127.738373	37.885555
1595920787984	1595920787982	-8.031	0.010	1.231	1.299	0.142	-2.241	127.738373	37.885555
1595920788004	1595920788002	-10.223	-0.023	1.679	1.186	-0.005	-1.819	127.738373	37.885555
1595920788028	1595920788023	-11.471	0.365	1.631	1.162	-0.272	-1.375	127.738373	37.885555
1595920788047	1595920788045	-10.355	1.457	1.576	0.940	-0.584	-1.012	127.738373	37.885555
1595920788066	1595920788061	-8.872	1.718	2.335	0.325	-0.686	-0.636	127.738373	37.885555
1595920788101	1595920788100	-8.599	0.875	2.927	-0.328	-0.612	-0.224	127.738373	37.885555
1595920788104	1595920788102	-9.899	0.233	2.606	-0.649	-0.438	0.171	127.738373	37.885555
1595920788124	1595920788121	-11.837	0.061	1.918	-0.827	-0.192	0.626	127.738373	37.885555
1595920788144	1595920788141	-11.480	-0.644	1.954	-0.910	-0.150	1.171	127.738373	37.885555
1595920788163	1595920788161	-13.188	-1.681	2.982	-0.714	0.148	1.823	127.738373	37.885555
1595920788184	1595920788180	-16.597	-2.160	3.902	-0.365	0.442	2.542	127.738373	37.885555
1595920788203	1595920788200	-15.744	-1.801	3.552	-0.238	0.170	3.091	127.738373	37.885555
