1595920838922	1595920838920	-11.710	1.809	2.390	-0.183	-0.468	-0.273	127.738304	37.884834
1595920838941	1595920838939	-13.212	2.336	1.878	-0.418	-0.327	0.173	127.738304	37.884834
1595920838960	1595920838959	-13.476	2.123	1.576	-0.944	-0.280	0.681	127.738304	37.884834
1595920838981	1595920838979	-14.664	0.403	1.688	-1.423	-0.045	1.264	127.738304	37.884834
1595920839002	1595920838999	-16.329	-0.737	2.120	-1.403	0.218	1.912	127.738304	37.884834
1595920839020	1595920839019	-15.407	-0.910	2.599	-1.032	0.189	2.410	127.738304	37.884834
1595920839040	1595920839039	-14.295	-1.568	3.099	-0.713	0.321	2.768	127.738304	37.884834
1595920839063	1595920839060	-13.553	-2.230	3.370	-0.415	0.468	3.013	127.738304	37.884834
1595920839082	1595920839081	-11.667	-2.150	3.087	-0.074	0.420	3.099	127.738304	37.884834
1595920839100	1595920839099	-9.732	-2.074	2.582	0.206	0.371	3.063	127.738304	37.884834
1595920839119	1595920839118	-8.103	-2.270	2.041	0.357	0.306	2.972	127.738304	37.884834
1595920839140	1595920839138	-7.010	-2.263	1.636	0.338	0.270	2.865	127.738304	37.884834
1595920839159	1595920839158	-6.790	-2.045	1.466	0.165	0.285	2.755	127.738304	37.884834
1595920839180	1595920839178	-6.788	-1.932	1.358	-0.170	0.247	2.653	127.738304	37.884834
1595920839199	1595920839198	-6.929	-2.172	1.145	-0.576	0.202	2.577	127.738304	37.884834
1595920839219	1595920839217	-7.454	-2.644	1.185	-0.859	0.204	2.553	127.738304	37.884834
1595920839241	1595920839240	-7.890	-3.073	1.466	-0.912	0.194	2.577	127.738304	37.884834
1595920839261	1595920839260	-8.177	-3.399	1.796	-0.797	0.183	2.601	127.738304	37.884834
1595920839283	1595920839282	-9.212	-3.607	1.775	-0.630	0.228	2.627	127.738304	37.884834
1595920839300	1595920839299	-11.013	-3.935	1.796	-0.503	0.278	2.618	127.738304	37.884834
1595920839318	1595920839317	-11.804	-4.189	1.938	-0.615	0.193	2.469	127.738304	37.884834
1595920839339	1595920839339	-10.711	-4.359	2.254	-1.044	0.041	2.125	127.738304	37.884834
1595920839359	1595920839356	-9.435	-4.572	2.357	-1.647	0.013	1.586	127.738304	37.884834
1595920839380	1595920839376	-11.243	-4.740	2.180	-2.168	0.225	0.913	127.738304	37.884834
1595920839398	1595920839395	-14.827	-5.121	2.714	-2.361	0.459	0.186	127.738304	37.884834
1595920839420	1595920839415	-14.896	-5.099	2.893	-2.109	0.230	-0.595	127.738304	37.884834
1595920839440	1595920839436	-15.682	-4.843	1.921	-1.507	0.299	-1.415	127.738304	37.884834
1595920839460	1595920839459	-17.936	-5.298	1.150	-0.924	0.550	-2.181	127.738304	37.884834
1595920839482	1595920839478	-17.016	-4.709	0.496	-0.238	0.396	-2.866	127.738304	37.884834
1595920839499	1595920839494	-15.756	-2.685	-0.096	0.699	0.458	-3.468	127.738304	37.884834
1595920839518	1595920839514	-15.598	-0.886	-0.276	1.505	0.629	-3.767	127.738304	37.884834
1595920839538	1595920839534	-13.730	-0.323	-0.008	2.021	0.534	-3.717	127.738304	37.884834
1595920839556	1595920839553	-11.133	-0.922	0.433	2.425	0.434	-3.558	127.738304	37.884834
1595920839577	1595920839573	-9.380	-1.307	0.723	2.731	0.427	-3.369	127.738304	37.884834
1595920839597	1595920839593	-8.711	-0.981	0.836	2.652	0.432	-3.205	127.738304	37.884834
1595920839618	1595920839613	-8.848	-0.704	0.900	2.305	0.422	-3.042	127.738304	37.884834
1595920839636	1595920839633	-8.716	-0.332	0.781	2.037	0.314	-2.934	127.738304	37.884834
1595920839659	1595920839657	-7.808	0.257	0.491	1.824	0.120	-2.811	127.738304	37.884834
1595920839680	1595920839678	-7.089	0.300	0.340	1.499	0.005	-2.666	127.738304	37.884834
1595920839697	1595920839692	-7.456	0.128	0.460	1.179	-0.032	-2.524	127.738304	37.884834
1595920839715	1595920839712	-8.879	0.461	0.579	1.075	-0.078	-2.377	127.738304	37.884834
1595920839735	1595920839733	-9.799	1.153	0.644	1.034	-0.234	-2.214	127.738304	37.884834
1595920839753	1595920839752	-9.847	1.673	0.819	0.878	-0.441	-2.043	127.738304	37.884834
1595920839773	1595920839771	-10.304	1.876	1.020	0.681	-0.515	-1.828	127.738297	37.884823
1595920839801	1595920839801	-11.133	2.030	1.212	0.543	-0.498	-1.523	127.738297	37.884823
1595920839816	1595920839816	-10.232	2.228	1.808	0.464	-0.609	-1.126	127.738297	37.884823
1595920839841	1595920839835	-8.297	1.979	2.640	0.481	-0.712	-0.736	127.738297	37.884823
1595920839866	1595920839865	-8.776	1.584	2.721	0.559	-0.550	-0.333	127.738297	37.884823
1595920839885	1595920839884	-12.079	1.891	1.351	0.447	-0.264	0.119	127.738297	37.884823
1595920839893	1595920839893	-14.901	2.269	0.057	-0.178	-0.163	0.630	127.738297	37.884823
1595920839917	1595920839913	-16.707	0.686	0.457	-0.935	-0.050	1.271	127.738297	37.884823
1595920839934	1595920839931	-16.300	-0.536	1.648	-1.300	-0.007	1.912	127.738297	37.884823
1595920839959	1595920839954	-14.429	-0.414	2.227	-1.517	0.038	2.423	127.738297	37.884823
1595920839973	1595920839971	-13.977	-1.159	2.247	-1.955	0.270	2.835	127.738297	37.884823
1595920840001	1595920839999	-13.859	-2.155	2.067	-2.302	0.334	3.141	127.738297	37.884823
1595920840013	1595920840014	-12.697	-2.816	2.050	-2.225	0.215	3.326	127.738297	37.884823
1595920840036	1595920840036	-11.188	-3.396	2.009	-1.653	0.094	3.398	127.738297	37.884823
1595920840058	1595920840054	-9.938	-3.813	1.837	-0.740	0.022	3.430	127.738297	37.884823
1595920840072	1595920840070	-9.073	-3.700	1.686	0.136	0.026	3.402	127.738297	37.884823
1595920840092	1595920840090	-8.488	-3.022	1.379	0.629	0.061	3.251	127.738297	37.884823
1595920840111	1595920840109	-7.799	-2.309	1.097	0.646	0.073	3.016	127.738297	37.884823
1595920840133	1595920840130	-7.056	-2.134	1.169	0.350	0.086	2.808	127.738297	37.884823
1595920840152	1595920840150	-6.960	-2.639	1.511	0.039	0.129	2.635	127.738297	37.884823
1595920840173	1595920840170	-7.521	-3.113	1.748	-0.031	0.191	2.482	127.738297	37.884823
1595920840191	1595920840190	-8.718	-3.094	1.947	0.001	0.258	2.356	127.738297	37.884823
1595920840212	1595920840212	-10.141	-3.240	2.235	-0.165	0.287	2.240	127.738297	37.884823
1595920840236	1595920840236	-10.448	-3.573	2.388	-0.506	0.168	2.067	127.738297	37.884823
1595920840256	1595920840256	-10.117	-3.720	2.330	-0.844	0.074	1.850	127.738297	37.884823
1595920840273	1595920840271	-9.650	-3.727	2.189	-1.197	0.064	1.589	127.738297	37.884823
1595920840304	1595920840294	-9.473	-3.897	2.007	-1.507	0.086	1.255	127.738297	37.884823
1595920840310	1595920840309	-11.643	-4.268	2.038	-1.549	0.248	0.869	127.738297	37.884823
1595920840336	1595920840332	-14.305	-4.606	2.417	-1.336	0.328	0.450	127.738297	37.884823
1595920840353	1595920840351	-14.185	-4.683	2.304	-1.048	0.095	-0.025	127.738297	37.884823
1595920840373	1595920840370	-14.940	-5.080	1.715	-0.548	0.070	-0.511	127.738297	37.884823
1595920840390	1595920840389	-16.564	-5.260	1.221	0.176	0.190	-1.010	127.738297	37.884823
1595920840411	1595920840408	-16.401	-4.563	0.783	0.988	0.109	-1.569	127.738297	37.884823
1595920840430	1595920840431	-15.687	-3.363	0.572	1.644	0.092	-2.193	127.738297	37.884823
1595920840456	1595920840450	-15.148	-2.232	0.431	1.981	0.110	-2.773	127.738297	37.884823
1595920840471	1595920840471	-13.864	-1.161	0.361	1.994	0.067	-3.178	127.738297	37.884823
1595920840505	1595920840491	-11.754	-0.843	0.421	1.786	-0.009	-3.412	127.738297	37.884823
1595920840510	1595920840510	-10.058	-1.283	0.587	1.592	-0.034	-3.557	127.738297	37.884823
1595920840531	1595920840528	-9.193	-1.528	0.591	1.534	-0.009	-3.648	127.738297	37.884823
1595920840551	1595920840550	-8.577	-1.372	0.433	1.443	0.001	-3.680	127.738297	37.884823
1595920840570	1595920840567	-7.954	-1.207	0.266	1.311	0.000	-3.643	127.738297	37.884823
1595920840589	1595920840587	-7.588	-0.780	0.419	1.277	0.015	-3.552	127.738297	37.884823
1595920840609	1595920840607	-8.040	-0.304	0.690	1.322	0.035	-3.386	127.738297	37.884823
1595920840629	1595920840629	-8.740	-0.114	0.721	1.310	-0.021	-3.169	127.738297	37.884823
1595920840656	1595920840656	-9.588	-0.050	0.709	1.218	-0.102	-2.890	127.738297	37.884823
1595920840672	1595920840666	-10.726	0.475	0.790	1.084	-0.211	-2.555	127.738297	37.884823
1595920840694	1595920840687	-11.576	1.586	0.845	0.995	-0.387	-2.210	127.738297	37.884823
1595920840707	1595920840705	-11.761	2.739	0.929	0.838	-0.601	-1.811	127.738297	37.884823
1595920840727	1595920840725	-11.344	3.132	0.840	0.410	-0.742	-1.380	127.738297	37.884823
1595920840749	1595920840749	-10.146	2.753	1.018	-0.129	-0.782	-0.907	127.738297	37.884808
1595920840771	1595920840770	-9.037	1.924	1.732	-0.399	-0.749	-0.440	127.738297	37.884808
1595920840788	1595920840784	-8.536	1.529	2.565	-0.329	-0.691	-0.004	127.738297	37.884808
1595920840806	1595920840804	-9.315	1.771	2.321	-0.214	-0.601	0.358	127.738297	37.884808
1595920840828	1595920840824	-13.536	1.697	0.405	-0.579	-0.246	0.710	127.738297	37.884808
1595920840846	1595920840843	-18.212	0.537	-0.412	-1.445	0.015	1.196	127.738297	37.884808
1595920840869	1595920840869	-17.421	-0.795	0.139	-2.047	-0.257	1.720	127.738297	37.884808
1595920840893	1595920840885	-15.323	-1.159	0.632	-2.015	-0.196	2.215	127.738297	37.884808
1595920840908	1595920840904	-15.011	-1.492	2.144	-1.793	0.163	2.702	127.738297	37.884808
1595920840929	1595920840927	-13.842	-2.196	3.289	-1.719	0.114	3.079	127.738297	37.884808
1595920840945	1595920840943	-11.904	-2.467	2.877	-1.626	0.037	3.293	127.738297	37.884808
1595920840968	1595920840965	-9.981	-2.337	2.297	-1.327	-0.003	3.440	127.738297	37.884808
1595920840985	1595920840982	-8.148	-2.915	2.244	-0.965	-0.212	3.529	127.738297	37.884808
1595920841006	1595920841005	-7.003	-3.149	2.654	-1.023	-0.342	3.443	127.738297	37.884808
1595920841024	1595920841022	-6.771	-4.556	1.942	-0.989	-0.544	3.360	127.738297	37.884808
1595920841049	1595920841042	-6.560	-2.905	1.389	-0.676	-0.519	3.115	127.738297	37.884808
1595920841064	1595920841062	-7.226	-2.055	1.102	-0.821	-0.483	2.848	127.738297	37.884808
1595920841084	1595920841083	-8.453	-2.325	1.049	-1.474	-0.464	2.554	127.738297	37.884808
1595920841105	1595920841103	-9.447	-3.087	0.958	-2.132	-0.487	2.287	127.738297	37.884808
1595920841126	1595920841123	-9.842	-3.578	0.977	-2.284	-0.532	2.149	127.738297	37.884808
1595920841144	1595920841142	-10.158	-3.842	0.989	-2.190	-0.485	2.041	127.738297	37.884808
1595920841163	1595920841161	-11.006	-4.527	0.615	-2.076	-0.380	1.924	127.738297	37.884808
1595920841183	1595920841182	-11.612	-4.977	0.361	-1.662	-0.276	1.761	127.738297	37.884808
1595920841203	1595920841202	-10.163	-5.480	0.539	-0.929	-0.330	1.548	127.738297	37.884808
1595920841223	1595920841223	-8.618	-5.749	0.764	-0.185	-0.260	1.256	127.738297	37.884808
1595920841244	1595920841244	-8.426	-5.849	1.195	0.411	-0.050	0.896	127.738297	37.884808
1595920841266	1595920841265	-9.919	-5.868	1.152	0.891	0.178	0.452	127.738297	37.884808
1595920841289	1595920841289	-11.813	-5.416	1.430	1.442	0.382	-0.020	127.738297	37.884808
1595920841312	1595920841307	-12.211	-4.692	1.226	1.812	0.312	-0.501	127.738297	37.884808
1595920841327	1595920841324	-15.107	-4.927	0.994	2.144	0.522	-0.959	127.738297	37.884808
1595920841343	1595920841340	-17.534	-4.565	0.979	2.375	0.538	-1.472	127.738297	37.884808
1595920841361	1595920841360	-16.779	-3.308	1.020	2.343	0.252	-2.168	127.738297	37.884808
1595920841386	1595920841382	-15.840	-2.371	0.551	2.094	0.142	-2.882	127.738297	37.884808
1595920841401	1595920841400	-16.250	-2.067	0.031	1.728	0.209	-3.444	127.738297	37.884808
1595920841426	1595920841422	-15.651	-2.086	-0.381	1.444	0.187	-3.785	127.738297	37.884808
1595920841441	1595920841440	-14.106	-1.873	-0.470	1.455	0.166	-3.936	127.738297	37.884808
1595920841468	1595920841463	-12.654	-1.647	-0.163	1.570	0.189	-3.954	127.738297	37.884808
1595920841485	1595920841485	-11.231	-1.544	0.306	1.591	0.170	-3.932	127.738297	37.884808
1595920841511	1595920841505	-9.931	-1.286	0.450	1.557	0.148	-3.911	127.738297	37.884808
1595920841531	1595920841530	-8.874	-0.653	0.345	1.551	0.133	-3.843	127.738297	37.884808
1595920841552	1595920841545	-8.040	-0.102	0.460	1.614	0.086	-3.701	127.738297	37.884808
1595920841562	1595920841561	-7.662	0.233	0.694	1.687	0.035	-3.516	127.738297	37.884808
1595920841582	1595920841580	-8.165	0.688	0.831	1.728	0.013	-3.233	127.738297	37.884808
1595920841603	1595920841600	-9.152	1.119	1.051	1.809	-0.063	-2.855	127.738297	37.884808
1595920841622	1595920841620	-10.038	1.395	1.377	1.853	-0.217	-2.450	127.738297	37.884808
1595920841643	1595920841641	-10.628	1.754	1.459	1.769	-0.391	-2.025	127.738297	37.884808
1595920841666	1595920841666	-10.486	2.341	1.181	1.465	-0.605	-1.643	127.738297	37.884808
1595920841688	1595920841688	-10.211	2.487	0.910	0.816	-0.747	-1.273	127.738297	37.884808
1595920841709	1595920841703	-10.081	1.915	0.833	0.054	-0.784	-0.872	127.738297	37.884808
1595920841770	1595920841770	-9.356	1.515	1.035	-0.506	-0.835	-0.465	127.738297	37.884808
1595920841781	1595920841780	-8.500	1.086	1.602	-0.823	-0.870	-0.092	127.738289	37.884796
1595920841781	1595920841781	-8.582	0.485	1.859	-0.950	-0.821	0.276	127.738289	37.884796
1595920841781	1595920841781	-9.964	0.180	0.900	-1.059	-0.647	0.703	127.738289	37.884796
1595920841800	1595920841798	-11.591	-0.076	0.270	-1.519	-0.401	1.283	127.738289	37.884796
1595920841820	1595920841818	-12.803	-0.792	0.603	-2.045	-0.120	2.082	127.738289	37.884796
1595920841842	1595920841840	-14.199	-1.389	1.895	-2.080	0.263	3.013	127.738289	37.884796
1595920841861	1595920841859	-15.050	-1.990	2.790	-2.026	0.434	3.774	127.738289	37.884796
1595920841880	1595920841880	-15.663	-3.001	3.461	-2.235	0.510	4.350	127.738289	37.884796
1595920841901	1595920841901	-15.713	-3.825	4.434	-2.315	0.414	4.796	127.738289	37.884796
1595920841937	1595920841935	-14.525	-4.179	4.316	-2.097	0.104	4.960	127.738289	37.884796
1595920841952	1595920841951	-12.853	-4.522	2.937	-1.791	-0.227	4.808	127.738289	37.884796
1595920841966	1595920841960	-11.028	-5.063	1.885	-1.575	-0.544	4.438	127.738289	37.884796
1595920841980	1595920841978	-9.056	-5.250	1.511	-1.455	-0.793	3.915	127.738289	37.884796
1595920842004	1595920842002	-7.557	-4.723	1.118	-1.532	-0.861	3.258	127.738289	37.884796
1595920842018	1595920842017	-6.713	-3.851	0.553	-1.874	-0.861	2.563	127.738289	37.884796
1595920842047	1595920842037	-6.907	-3.446	-0.034	-2.219	-0.795	1.938	127.738289	37.884796
1595920842060	1595920842059	-7.909	-3.614	-0.352	-2.207	-0.656	1.447	127.738289	37.884796
1595920842080	1595920842077	-8.663	-3.825	-0.702	-1.759	-0.530	1.094	127.738289	37.884796
1595920842103	1595920842103	-9.126	-3.981	-1.107	-1.124	-0.388	0.851	127.738289	37.884796
1595920842125	1595920842115	-9.454	-4.060	-1.380	-0.567	-0.254	0.735	127.738289	37.884796
1595920842138	1595920842134	-9.890	-4.002	-1.263	-0.173	-0.123	0.723	127.738289	37.884796
1595920842157	1595920842154	-10.493	-4.112	-0.614	0.011	0.052	0.773	127.738289	37.884796
1595920842177	1595920842174	-10.086	-4.251	0.179	-0.035	0.155	0.821	127.738289	37.884796
1595920842197	1595920842194	-8.776	-4.304	0.761	-0.199	0.182	0.826	127.738289	37.884796
1595920842216	1595920842214	-9.530	-4.611	1.140	-0.322	0.308	0.784	127.738289	37.884796
1595920842237	1595920842234	-12.352	-5.749	1.471	-0.129	0.478	0.738	127.738289	37.884796
1595920842257	1595920842255	-13.929	-6.747	1.150	0.517	0.371	0.624	127.738289	37.884796
1595920842277	1595920842277	-16.176	-7.306	0.280	1.534	0.388	0.386	127.738289	37.884796
1595920842300	1595920842294	-18.245	-7.013	0.189	2.402	0.488	-0.103	127.738289	37.884796
1595920842315	1595920842313	-17.110	-5.770	0.093	2.920	0.373	-0.952	127.738289	37.884796
1595920842337	1595920842333	-15.131	-3.427	-0.237	3.317	0.358	-1.907	127.738289	37.884796
1595920842355	1595920842353	-14.975	-1.319	0.012	3.417	0.500	-2.816	127.738289	37.884796
1595920842374	1595920842373	-14.805	-1.008	0.500	3.135	0.509	-3.460	127.738289	37.884796
1595920842395	1595920842392	-13.234	-1.508	0.726	2.793	0.356	-3.868	127.738289	37.884796
1595920842414	1595920842412	-11.801	-1.882	0.634	2.472	0.270	-4.190	127.738289	37.884796
1595920842440	1595920842438	-10.688	-2.222	0.409	2.094	0.213	-4.400	127.738289	37.884796
1595920842455	1595920842455	-9.789	-2.028	0.175	1.828	0.190	-4.557	127.738289	37.884796
1595920842483	1595920842476	-9.341	-1.197	0.220	1.787	0.180	-4.586	127.738289	37.884796
1595920842500	1595920842498	-9.490	0.190	0.656	1.773	0.152	-4.453	127.738289	37.884796
1595920842523	1595920842523	-9.602	0.906	0.893	1.617	0.047	-4.164	127.738289	37.884796
1595920842540	1595920842534	-9.265	0.367	0.747	1.346	-0.080	-3.830	127.738289	37.884796
1595920842568	1595920842561	-9.392	0.128	0.658	1.136	-0.173	-3.456	127.738289	37.884796
1595920842574	1595920842573	-10.242	0.988	0.697	1.093	-0.278	-2.981	127.738289	37.884796
1595920842595	1595920842591	-10.613	2.200	0.699	1.034	-0.475	-2.412	127.738289	37.884796
1595920842616	1595920842615	-10.180	2.602	0.524	0.729	-0.666	-1.878	127.738289	37.884796
1595920842642	1595920842631	-9.533	2.173	0.584	0.355	-0.749	-1.381	127.738289	37.884796
1595920842654	1595920842653	-9.027	1.915	1.456	0.225	-0.758	-0.826	127.738289	37.884796
1595920842673	1595920842671	-8.819	1.589	2.491	0.314	-0.743	-0.306	127.738289	37.884796
1595920842693	1595920842693	-10.704	1.476	2.067	0.326	-0.540	0.152	127.738289	37.884796
1595920842714	1595920842714	-13.294	1.833	0.414	-0.211	-0.277	0.677	127.738289	37.884796
1595920842734	1595920842732	-14.338	1.059	0.050	-1.219	-0.159	1.300	127.738289	37.884796
1595920842779	1595920842775	-15.440	-0.953	0.716	-1.918	0.073	2.041	127.738289	37.884796
1595920842781	1595920842780	-15.996	-2.364	1.983	-1.845	0.226	2.828	127.738289	37.884796
1595920842792	1595920842792	-15.366	-2.704	3.025	-1.276	0.284	3.519	127.738289	37.884785
1595920842822	1595920842822	-14.868	-2.603	3.531	-0.743	0.373	4.052	127.738289	37.884785
1595920842838	1595920842834	-13.600	-2.860	3.303	-0.428	0.307	4.357	127.738289	37.884785
1595920842853	1595920842850	-11.691	-3.097	2.302	-0.156	0.161	4.397	127.738289	37.884785
1595920842877	1595920842873	-10.026	-3.042	1.296	0.127	0.087	4.311	127.738289	37.884785
1595920842892	1595920842890	-8.968	-3.181	0.965	0.338	0.050	4.153	127.738289	37.884785
1595920842916	1595920842915	-8.124	-3.178	0.915	0.436	0.021	3.858	127.738289	37.884785
1595920842935	1595920842935	-7.420	-2.596	0.733	0.358	0.011	3.447	127.738289	37.884785
1595920842955	1595920842952	-7.190	-2.127	0.452	-0.001	0.039	3.018	127.738289	37.884785
1595920842979	1595920842979	-7.640	-2.071	0.290	-0.589	0.105	2.638	127.738289	37.884785
1595920843001	1595920843001	-8.383	-2.361	0.503	-1.151	0.172	2.313	127.738289	37.884785
1595920843014	1595920843008	-8.948	-2.792	1.157	-1.439	0.221	2.071	127.738289	37.884785
1595920843031	1595920843029	-9.466	-3.621	2.244	-1.357	0.284	1.988	127.738289	37.884785
1595920843051	1595920843048	-9.818	-4.584	3.356	-0.991	0.300	2.048	127.738289	37.884785
1595920843070	1595920843068	-10.831	-5.085	3.600	-0.479	0.319	2.187	127.738289	37.884785
1595920843090	1595920843091	-11.921	-5.277	3.337	-0.138	0.327	2.235	127.738289	37.884785
1595920843114	1595920843114	-11.145	-4.908	3.327	-0.354	0.154	2.042	127.738289	37.884785
1595920843134	1595920843134	-10.002	-4.385	3.349	-1.153	0.039	1.657	127.738289	37.884785
1595920843154	1595920843154	-11.624	-4.560	2.611	-2.180	0.106	1.111	127.738289	37.884785
1595920843171	1595920843171	-14.968	-5.128	2.005	-2.950	0.204	0.404	127.738289	37.884785
1595920843201	1595920843199	-14.959	-5.042	1.844	-3.368	-0.044	-0.404	127.738289	37.884785
1595920843209	1595920843206	-14.757	-5.102	0.888	-3.300	-0.075	-1.236	127.738289	37.884785
1595920843227	1595920843226	-16.578	-5.272	0.249	-2.510	0.338	-2.051	127.738289	37.884785
1595920843249	1595920843246	-16.195	-4.541	0.182	-1.446	0.506	-2.830	127.738289	37.884785
1595920843268	1595920843267	-14.690	-3.844	-0.271	-0.360	0.683	-3.488	127.738289	37.884785
1595920843288	1595920843287	-14.698	-2.960	-0.906	0.721	1.055	-3.836	127.738289	37.884785
1595920843314	1595920843314	-13.773	-2.110	-1.035	1.548	1.173	-3.864	127.738289	37.884785
1595920843337	1595920843337	-11.873	-2.112	-0.784	2.129	1.175	-3.815	127.738289	37.884785
1595920843352	1595920843348	-10.596	-2.488	-0.412	2.601	1.239	-3.712	127.738289	37.884785
1595920843380	1595920843380	-10.022	-2.371	-0.065	2.840	1.277	-3.584	127.738289	37.884785
1595920843393	1595920843393	-9.451	-1.683	-0.048	2.801	1.222	-3.502	127.738289	37.884785
1595920843412	1595920843406	-8.838	-0.993	-0.055	2.707	1.126	-3.427	127.738289	37.884785
1595920843426	1595920843426	-8.692	-0.603	0.213	2.704	1.037	-3.344	127.738289	37.884785
1595920843448	1595920843446	-8.802	-0.296	0.400	2.768	0.880	-3.201	127.738289	37.884785
1595920843468	1595920843466	-9.289	0.199	0.783	2.807	0.666	-2.949	127.738289	37.884785
1595920843487	1595920843485	-10.244	0.509	1.253	2.702	0.433	-2.634	127.738289	37.884785
1595920843508	1595920843504	-10.649	1.165	1.432	2.556	0.101	-2.295	127.738289	37.884785
1595920843529	1595920843529	-10.062	2.964	1.348	2.360	-0.311	-1.888	127.738289	37.884785
1595920843549	1595920843546	-9.322	4.195	1.166	1.689	-0.578	-1.403	127.738289	37.884785
1595920843581	1595920843578	-8.752	3.644	1.114	0.533	-0.643	-0.949	127.738289	37.884785
1595920843597	1595920843597	-7.801	2.240	1.686	-0.425	-0.660	-0.531	127.738289	37.884785
1595920843605	1595920843604	-7.214	0.777	3.121	-0.649	-0.602	-0.115	127.738289	37.884785
1595920843626	1595920843624	-9.245	0.149	3.852	-0.233	-0.371	0.292	127.738289	37.884785
1595920843647	1595920843644	-13.198	0.973	1.844	0.044	-0.109	0.681	127.738289	37.884785
1595920843665	1595920843664	-17.488	1.285	-0.523	-0.479	0.100	1.161	127.738289	37.884785
1595920843686	1595920843683	-17.855	-0.177	-0.202	-1.202	0.014	1.728	127.738289	37.884785
1595920843707	1595920843707	-15.567	-1.607	0.709	-1.441	-0.156	2.238	127.738289	37.884785
1595920843726	1595920843726	-15.692	-2.079	2.175	-1.328	0.198	2.667	127.738289	37.884785
1595920843758	1595920843758	-15.395	-2.122	3.181	-1.343	0.229	2.940	127.738289	37.884785
1595920843774	1595920843774	-13.176	-2.127	2.776	-1.456	0.046	3.000	127.738289	37.884785
1595920843783	1595920843781	-10.788	-2.093	1.981	-1.432	-0.028	2.944	127.738289	37.884785
1595920843804	1595920843802	-8.532	-2.409	1.844	-1.364	-0.109	2.868	127.738289	37.884769
1595920843825	1595920843822	-7.087	-3.502	2.050	-1.096	-0.151	2.849	127.738289	37.884769
1595920843846	1595920843843	-6.974	-3.794	1.959	-0.513	-0.056	2.784	127.738289	37.884769
1595920843865	1595920843863	-7.030	-2.828	1.437	-0.081	-0.044	2.615	127.738289	37.884769
1595920843883	1595920843883	-6.565	-2.165	0.991	-0.205	-0.146	2.407	127.738289	37.884769
1595920843903	1595920843902	-6.129	-2.158	0.613	-0.476	-0.187	2.254	127.738289	37.884769
1595920843924	1595920843923	-6.543	-2.251	1.190	-0.709	-0.129	2.186	127.738289	37.884769
1595920843958	1595920843947	-7.928	-3.300	1.514	-0.763	-0.028	2.187	127.738289	37.884769
1595920843965	1595920843962	-9.193	-3.715	1.710	-0.489	0.011	2.267	127.738289	37.884769
1595920843983	1595920843981	-10.513	-3.708	1.705	-0.250	0.054	2.358	127.738289	37.884769
1595920844002	1595920844001	-12.199	-3.880	1.559	-0.211	0.123	2.418	127.738289	37.884769
1595920844022	1595920844022	-11.943	-3.890	1.847	-0.399	0.027	2.356	127.738289	37.884769
1595920844043	1595920844041	-9.907	-4.100	2.223	-0.817	-0.104	2.119	127.738289	37.884769
1595920844063	1595920844062	-10.096	-4.443	2.158	-1.352	0.061	1.757	127.738289	37.884769
1595920844083	1595920844081	-14.444	-4.817	2.024	-1.768	0.417	1.266	127.738289	37.884769
1595920844101	1595920844100	-16.195	-4.886	2.649	-2.030	0.332	0.657	127.738289	37.884769
1595920844123	1595920844120	-13.742	-5.092	2.319	-1.954	-0.110	-0.010	127.738289	37.884769
1595920844148	1595920844146	-14.185	-5.265	1.185	-1.336	0.084	-0.679	127.738289	37.884769
1595920844168	1595920844167	-15.608	-5.226	0.893	-0.519	0.270	-1.366	127.738289	37.884769
1595920844184	1595920844184	-14.542	-4.853	0.644	0.303	0.173	-2.030	127.738289	37.884769
1595920844210	1595920844203	-14.604	-3.825	0.397	1.158	0.305	-2.642	127.738289	37.884769
1595920844227	1595920844221	-15.730	-2.931	0.340	1.758	0.458	-3.114	127.738289	37.884769
1595920844244	1595920844241	-14.745	-2.186	0.460	1.980	0.368	-3.446	127.738289	37.884769
1595920844263	1595920844262	-12.522	-1.806	0.541	1.908	0.289	-3.717	127.738289	37.884769
1595920844282	1595920844280	-10.795	-1.832	0.603	1.781	0.338	-3.909	127.738289	37.884769
1595920844302	1595920844300	-9.533	-1.712	0.699	1.743	0.374	-4.011	127.738289	37.884769
1595920844322	1595920844320	-8.558	-1.058	0.594	1.748	0.387	-4.014	127.738289	37.884769
1595920844342	1595920844342	-7.643	0.027	0.560	1.742	0.350	-3.863	127.738289	37.884769
1595920844367	1595920844368	-6.730	0.449	0.656	1.737	0.273	-3.570	127.738289	37.884769
1595920844394	1595920844384	-6.694	-0.114	0.896	1.664	0.285	-3.224	127.738289	37.884769
1595920844412	1595920844400	-7.715	-0.478	1.327	1.509	0.305	-2.874	127.738289	37.884769
1595920844433	1595920844423	-8.503	-0.100	1.468	1.486	0.142	-2.451	127.738289	37.884769
1595920844442	1595920844440	-8.326	0.492	1.202	1.590	-0.162	-2.025	127.738289	37.884769
1595920844465	1595920844462	-8.534	0.635	0.951	1.541	-0.337	-1.676	127.738289	37.884769
1595920844483	1595920844484	-9.648	0.255	0.826	1.435	-0.386	-1.307	127.738289	37.884769
1595920844503	1595920844500	-10.244	0.401	1.011	1.327	-0.480	-0.946	127.738289	37.884769
1595920844521	1595920844519	-9.475	1.301	1.700	0.955	-0.683	-0.648	127.738289	37.884769
1595920844541	1595920844539	-9.502	1.345	2.307	0.338	-0.726	-0.372	127.738289	37.884769
1595920844560	1595920844559	-12.218	0.942	1.801	-0.252	-0.515	-0.053	127.738289	37.884769
1595920844580	1595920844578	-15.665	1.057	0.397	-1.016	-0.257	0.389	127.738289	37.884769
1595920844612	1595920844606	-15.340	0.525	0.405	-1.976	-0.325	0.894	127.738289	37.884769
1595920844623	1595920844619	-13.318	-0.761	0.982	-2.523	-0.359	1.419	127.738289	37.884769
1595920844642	1595920844642	-14.125	-1.628	2.041	-2.491	0.086	2.016	127.738289	37.884769
1595920844664	1595920844663	-14.048	-2.100	2.668	-2.366	0.169	2.551	127.738289	37.884769
1595920844680	1595920844680	-13.148	-2.579	2.678	-2.193	0.180	2.979	127.738289	37.884769
1595920844700	1595920844697	-12.609	-2.840	2.810	-1.693	0.272	3.345	127.738289	37.884769
1595920844719	1595920844717	-11.267	-2.864	2.802	-1.021	0.208	3.568	127.738289	37.884769
1595920844752	1595920844751	-9.717	-3.185	2.668	-0.405	0.091	3.617	127.738281	37.884754
1595920844758	1595920844756	-8.522	-3.164	2.287	0.038	0.029	3.539	127.738281	37.884754
1595920844783	1595920844775	-7.808	-2.891	1.933	0.025	0.002	3.301	127.738281	37.884754
1595920844799	1595920844796	-7.315	-2.155	2.000	-0.877	-0.151	2.911	127.738281	37.884754
1595920844822	1595920844819	-7.087	-4.541	0.388	-0.885	-0.323	2.812	127.738281	37.884754
1595920844841	1595920844838	-7.415	-2.093	1.123	-0.393	-0.102	2.730	127.738281	37.884754
1595920844863	1595920844863	-8.290	-2.139	1.154	-0.887	-0.103	2.485	127.738281	37.884754
1595920844881	1595920844881	-8.853	-4.129	1.233	-0.885	-0.164	2.436	127.738281	37.884754
1595920844898	1595920844894	-8.802	-4.069	1.633	-0.339	-0.171	2.343	127.738281	37.884754
1595920844920	1595920844918	-9.279	-4.076	1.597	-0.058	-0.117	2.200	127.738281	37.884754
1595920844937	1595920844934	-10.390	-4.182	1.425	-0.040	-0.041	2.036	127.738281	37.884754
1595920844959	1595920844954	-11.064	-3.849	1.329	-0.268	0.028	1.816	127.738281	37.884754
1595920844977	1595920844978	-10.369	-3.933	1.593	-0.792	0.000	1.507	127.738281	37.884754
1595920845001	1595920844999	-9.993	-4.318	1.703	-1.319	0.038	1.086	127.738281	37.884754
1595920845016	1595920845014	-13.200	-4.601	1.739	-1.490	0.369	0.617	127.738281	37.884754
1595920845040	1595920845036	-15.663	-4.778	2.177	-1.382	0.460	0.124	127.738281	37.884754
1595920845064	1595920845057	-13.969	-4.826	2.168	-0.987	0.131	-0.425	127.738281	37.884754
1595920845081	1595920845073	-14.470	-4.766	1.166	-0.297	0.243	-0.940	127.738281	37.884754
1595920845094	1595920845093	-16.576	-4.611	0.718	0.377	0.442	-1.438	127.738281	37.884754
1595920845115	1595920845113	-15.445	-4.196	0.519	0.945	0.241	-1.960	127.738281	37.884754
1595920845135	1595920845133	-14.695	-3.181	0.313	1.531	0.263	-2.492	127.738281	37.884754
1595920845155	1595920845155	-15.284	-2.115	0.539	1.859	0.402	-2.948	127.738281	37.884754
1595920845173	1595920845172	-13.778	-1.662	0.721	1.912	0.305	-3.244	127.738281	37.884754
1595920845195	1595920845195	-11.270	-1.516	0.493	1.960	0.229	-3.413	127.738281	37.884754
1595920845216	1595920845216	-9.554	-1.300	0.402	2.105	0.231	-3.447	127.738281	37.884754
1595920845235	1595920845235	-8.606	-0.996	0.505	2.224	0.238	-3.374	127.738281	37.884754
1595920845261	1595920845261	-8.098	-0.675	0.567	2.209	0.210	-3.248	127.738281	37.884754
1595920845278	1595920845272	-7.513	-0.519	0.505	2.108	0.115	-3.108	127.738281	37.884754
1595920845293	1595920845292	-7.212	-0.172	0.611	1.919	0.047	-2.954	127.738281	37.884754
1595920845313	1595920845311	-7.727	0.223	0.850	1.660	0.017	-2.747	127.738281	37.884754
1595920845338	1595920845333	-8.029	0.715	0.802	1.427	-0.094	-2.529	127.738281	37.884754
1595920845352	1595920845351	-7.993	1.349	0.778	1.250	-0.238	-2.272	127.738281	37.884754
1595920845385	1595920845374	-8.783	1.254	1.116	1.028	-0.296	-1.966	127.738281	37.884754
1595920845393	1595920845391	-10.019	0.865	1.291	0.826	-0.366	-1.645	127.738281	37.884754
1595920845422	1595920845415	-10.805	1.412	0.848	0.657	-0.493	-1.355	127.738281	37.884754
1595920845435	1595920845434	-10.692	2.097	0.915	0.223	-0.611	-1.047	127.738281	37.884754
1595920845455	1595920845452	-9.622	2.075	2.596	-0.365	-0.761	-0.679	127.738281	37.884754
1595920845471	1595920845470	-9.363	1.330	4.304	-0.636	-0.868	-0.314	127.738281	37.884754
1595920845493	1595920845491	-10.208	0.841	3.464	-0.761	-0.997	0.006	127.738281	37.884754
1595920845511	1595920845510	-11.428	1.129	0.558	-1.348	-1.060	0.302	127.738281	37.884754
1595920845530	1595920845530	-13.553	0.834	-1.428	-2.361	-0.796	0.722	127.738281	37.884754
1595920845551	1595920845549	-15.205	-0.797	-0.499	-3.123	-0.592	1.259	127.738281	37.884754
1595920845576	1595920845576	-15.474	-2.625	1.356	-3.119	-0.538	1.812	127.738281	37.884754
1595920845593	1595920845591	-15.174	-3.339	2.675	-2.434	-0.420	2.358	127.738281	37.884754
1595920845614	1595920845614	-14.257	-2.994	2.846	-1.688	-0.283	2.852	127.738281	37.884754
1595920845645	1595920845645	-13.241	-2.919	2.810	-1.304	-0.120	3.254	127.738281	37.884754
1595920845655	1595920845649	-11.679	-3.248	2.762	-1.205	-0.076	3.423	127.738281	37.884754
1595920845671	1595920845670	-9.978	-3.485	2.596	-1.113	-0.066	3.416	127.738281	37.884754
1595920845691	1595920845689	-8.654	-3.734	2.170	-0.847	-0.059	3.322	127.738281	37.884754
1595920845709	1595920845709	-7.767	-4.033	1.224	-0.376	-0.116	3.123	127.738281	37.884754
1595920845730	1595920845729	-7.164	-3.911	0.309	0.256	-0.152	2.852	127.738281	37.884754
1595920845751	1595920845749	-6.459	-3.343	-0.170	0.845	-0.168	2.551	127.738281	37.884754
1595920845779	1595920845778	-5.777	-2.814	-0.029	1.129	-0.138	2.244	127.738281	37.884739
1595920845795	1595920845791	-5.865	-2.903	0.359	1.181	-0.058	1.967	127.738281	37.884739
1595920845816	1595920845816	-6.955	-2.792	0.654	1.124	0.059	1.728	127.738281	37.884739
1595920845840	1595920845834	-8.352	-2.694	1.099	0.907	0.161	1.555	127.738281	37.884739
1595920845850	1595920845848	-9.169	-2.984	1.583	0.542	0.203	1.442	127.738281	37.884739
1595920845869	1595920845868	-9.725	-3.329	2.112	0.142	0.208	1.342	127.738281	37.884739
1595920845888	1595920845886	-10.826	-3.585	2.429	-0.254	0.295	1.262	127.738281	37.884739
1595920845910	1595920845907	-10.774	-3.842	2.601	-0.671	0.277	1.174	127.738281	37.884739
1595920845929	1595920845927	-9.463	-4.057	2.422	-1.019	0.183	0.993	127.738281	37.884739
1595920845949	1595920845946	-10.266	-4.354	2.232	-1.107	0.306	0.737	127.738281	37.884739
1595920845968	1595920845968	-14.058	-4.917	2.148	-0.932	0.532	0.431	127.738281	37.884739
1595920845990	1595920845988	-16.003	-5.071	2.946	-0.559	0.457	0.038	127.738281	37.884739
1595920846013	1595920846012	-14.173	-4.783	2.632	-0.092	0.063	-0.409	127.738281	37.884739
1595920846029	1595920846027	-15.479	-4.630	1.372	0.539	0.206	-0.844	127.738281	37.884739
1595920846051	1595920846046	-17.115	-4.431	0.829	1.099	0.263	-1.276	127.738281	37.884739
1595920846066	1595920846065	-15.409	-3.722	0.424	1.519	-0.053	-1.772	127.738281	37.884739
1595920846087	1595920846086	-14.470	-2.709	0.153	1.946	-0.078	-2.278	127.738281	37.884739
1595920846107	1595920846107	-14.350	-1.952	0.246	2.182	-0.044	-2.659	127.738281	37.884739
1595920846130	1595920846128	-12.863	-1.506	0.785	2.174	-0.191	-2.956	127.738281	37.884739
1595920846148	1595920846145	-10.884	-1.322	1.142	1.963	-0.288	-3.215	127.738281	37.884739
1595920846165	1595920846165	-9.265	-1.204	1.032	1.681	-0.331	-3.386	127.738281	37.884739
1595920846187	1595920846184	-8.141	-1.058	0.769	1.485	-0.365	-3.433	127.738281	37.884739
1595920846210	1595920846209	-7.178	-1.580	0.311	1.512	-0.465	-3.407	127.738281	37.884739
1595920846226	1595920846226	-6.627	-1.995	0.213	1.878	-0.420	-3.327	127.738281	37.884739
1595920846251	1595920846250	-7.058	-0.953	0.615	2.343	-0.369	-3.184	127.738281	37.884739
1595920846270	1595920846267	-7.734	0.243	0.805	2.515	-0.445	-2.964	127.738281	37.884739
1595920846288	1595920846288	-8.481	0.561	0.776	2.365	-0.517	-2.658	127.738281	37.884739
1595920846306	1595920846306	-9.169	0.568	0.690	2.125	-0.580	-2.345	127.738281	37.884739
1595920846329	1595920846325	-9.466	1.234	0.579	1.830	-0.676	-2.045	127.738281	37.884739
1595920846345	1595920846344	-9.672	2.166	0.419	1.283	-0.753	-1.715	127.738281	37.884739
1595920846365	1595920846363	-10.048	2.267	0.397	0.485	-0.730	-1.340	127.738281	37.884739
1595920846389	1595920846387	-10.295	1.819	0.718	-0.180	-0.616	-0.917	127.738281	37.884739
1595920846404	1595920846404	-9.435	1.488	1.360	-0.491	-0.566	-0.443	127.738281	37.884739
1595920846434	1595920846424	-8.809	1.093	1.981	-0.672	-0.454	-0.026	127.738281	37.884739
1595920846446	1595920846442	-10.225	0.588	1.827	-0.871	-0.164	0.375	127.738281	37.884739
1595920846474	1595920846473	-11.914	0.485	0.991	-1.178	0.040	0.823	127.738281	37.884739
1595920846485	1595920846483	-13.239	0.348	0.457	-1.740	0.174	1.261	127.738281	37.884739
1595920846509	1595920846508	-15.490	-0.831	1.542	-2.176	0.405	1.757	127.738281	37.884739
1595920846527	1595920846522	-16.710	-1.959	2.711	-2.023	0.349	2.294	127.738281	37.884739
1595920846544	1595920846542	-16.200	-1.566	2.606	-1.674	0.274	2.740	127.738281	37.884739
1595920846563	1595920846561	-15.378	-1.475	2.412	-1.616	0.330	3.076	127.738281	37.884739
1595920846584	1595920846581	-14.012	-2.242	2.436	-1.605	0.229	3.284	127.738281	37.884739
1595920846603	1595920846603	-11.869	-2.900	2.330	-1.300	0.104	3.357	127.738281	37.884739
1595920846626	1595920846623	-9.679	-2.927	2.115	-0.818	0.124	3.357	127.738281	37.884739
1595920846646	1595920846646	-7.959	-2.613	1.863	-0.436	0.150	3.288	127.738281	37.884739
1595920846664	1595920846663	-7.015	-2.246	1.909	-0.343	0.197	3.125	127.738281	37.884739
1595920846687	1595920846685	-6.637	-2.352	1.679	-0.466	0.207	2.923	127.738281	37.884739
1595920846711	1595920846711	-6.376	-2.146	1.552	-0.759	0.204	2.709	127.738281	37.884739
1595920846729	1595920846722	-6.440	-2.182	1.332	-1.260	0.179	2.461	127.738281	37.884739
1595920846746	1595920846746	-7.080	-2.677	0.953	-1.600	0.149	2.259	127.738281	37.884724
1595920846761	1595920846760	-7.954	-3.739	0.795	-1.327	0.110	2.128	127.738281	37.884724
1595920846782	1595920846780	-8.788	-4.441	0.977	-0.404	0.116	2.056	127.738281	37.884724
1595920846802	1595920846800	-9.808	-3.976	1.346	0.540	0.243	1.999	127.738281	37.884724
1595920846822	1595920846820	-10.608	-3.813	1.930	1.022	0.301	1.888	127.738281	37.884724
1595920846843	1595920846841	-10.644	-3.811	2.170	1.098	0.306	1.724	127.738281	37.884724
1595920846865	1595920846865	-10.012	-3.430	2.505	0.893	0.311	1.428	127.738281	37.884724
1595920846886	1595920846884	-10.290	-3.006	2.857	0.391	0.368	1.004	127.738281	37.884724
1595920846906	1595920846906	-12.820	-3.006	2.920	-0.102	0.489	0.545	127.738281	37.884724
1595920846930	1595920846924	-16.161	-3.420	2.977	-0.276	0.516	0.078	127.738281	37.884724
1595920846945	1595920846943	-16.307	-3.870	3.217	-0.216	0.170	-0.366	127.738281	37.884724
1595920846967	1595920846964	-14.882	-4.191	2.807	0.008	-0.186	-0.723	127.738281	37.884724
1595920846982	1595920846980	-15.086	-3.945	2.474	0.472	-0.208	-1.136	127.738281	37.884724
1595920847004	1595920847004	-15.316	-3.193	1.928	0.934	-0.381	-1.628	127.738281	37.884724
1595920847022	1595920847021	-15.627	-2.404	1.475	1.170	-0.546	-2.182	127.738281	37.884724
1595920847044	1595920847044	-15.759	-1.851	1.032	1.086	-0.679	-2.680	127.738281	37.884724
1595920847071	1595920847064	-13.886	-1.441	0.582	0.752	-0.871	-3.027	127.738281	37.884724
1595920847090	1595920847089	-11.298	-1.346	0.191	0.326	-0.912	-3.298	127.738281	37.884724
1595920847106	1595920847101	-9.954	-1.659	0.177	0.054	-0.757	-3.525	127.738281	37.884724
1595920847129	1595920847124	-9.205	-1.829	0.306	0.041	-0.612	-3.684	127.738281	37.884724
1595920847141	1595920847140	-8.680	-1.453	0.280	0.194	-0.478	-3.761	127.738281	37.884724
1595920847160	1595920847159	-8.122	-0.953	-0.065	0.485	-0.379	-3.713	127.738281	37.884724
1595920847180	1595920847178	-7.422	-1.063	-0.053	1.277	-0.381	-3.456	127.738281	37.884724
1595920847200	1595920847199	-7.116	-1.267	0.287	2.564	-0.428	-3.048	127.738281	37.884724
1595920847224	1595920847224	-7.516	-0.809	0.400	3.559	-0.450	-2.683	127.738281	37.884724
1595920847244	1595920847244	-7.839	0.240	0.261	3.761	-0.552	-2.394	127.738281	37.884724
1595920847265	1595920847258	-7.609	1.591	0.354	3.466	-0.717	-2.048	127.738281	37.884724
1595920847283	1595920847281	-8.745	2.260	0.714	2.907	-0.696	-1.699	127.738281	37.884724
1595920847303	1595920847301	-11.135	2.578	0.467	1.992	-0.557	-1.387	127.738281	37.884724
1595920847329	1595920847317	-11.466	3.472	-0.106	0.783	-0.696	-1.150	127.738281	37.884724
1595920847339	1595920847337	-9.727	3.671	0.182	-0.437	-0.912	-0.866	127.738281	37.884724
1595920847359	1595920847357	-10.177	2.600	1.183	-1.144	-0.756	-0.564	127.738281	37.884724
1595920847380	1595920847378	-13.830	1.699	1.233	-1.158	-0.389	-0.193	127.738281	37.884724
1595920847400	1595920847395	-16.195	1.912	0.031	-1.316	-0.093	0.231	127.738281	37.884724
1595920847421	1595920847421	-15.380	1.790	0.524	-1.802	-0.055	0.676	127.738281	37.884724
1595920847438	1595920847437	-15.622	0.858	2.038	-1.998	0.257	1.285	127.738281	37.884724
1595920847464	1595920847459	-15.529	0.432	3.746	-2.026	0.558	1.983	127.738281	37.884724
1595920847486	1595920847476	-13.624	-0.177	4.010	-2.271	0.573	2.538	127.738281	37.884724
1595920847508	1595920847501	-12.693	-0.603	3.567	-2.394	0.670	3.033	127.738281	37.884724
1595920847528	1595920847515	-11.914	-0.869	3.243	-2.311	0.624	3.429	127.738281	37.884724
1595920847538	1595920847535	-10.640	-1.640	3.054	-2.256	0.382	3.616	127.738281	37.884724
1595920847558	1595920847554	-9.461	-2.467	2.604	-2.227	0.180	3.644	127.738281	37.884724
1595920847578	1595920847575	-8.663	-2.654	1.974	-2.072	0.048	3.649	127.738281	37.884724
1595920847597	1595920847594	-8.314	-2.488	1.482	-1.971	-0.054	3.602	127.738281	37.884724
1595920847618	1595920847614	-8.086	-2.500	1.032	-2.151	-0.202	3.494	127.738281	37.884724
1595920847637	1595920847635	-8.021	-2.867	0.440	-2.417	-0.336	3.376	127.738281	37.884724
1595920847660	1595920847658	-8.429	-3.588	0.115	-2.439	-0.398	3.263	127.738281	37.884724
1595920847679	1595920847679	-9.198	-4.407	0.301	-2.009	-0.407	3.159	127.738281	37.884724
1595920847711	1595920847694	-9.813	-4.723	0.515	-1.244	-0.394	3.020	127.738281	37.884724
1595920847722	1595920847719	-9.911	-4.441	0.474	-0.543	-0.363	2.817	127.738281	37.884724
1595920847737	1595920847733	-10.252	-4.326	0.189	-0.183	-0.286	2.537	127.738281	37.884724
1595920847755	1595920847753	-10.688	-4.551	0.160	-0.169	-0.157	2.164	127.738281	37.884724
1595920847773	1595920847772	-9.631	-4.582	0.630	-0.447	-0.133	1.687	127.738281	37.884708
1595920847795	1595920847792	-8.287	-4.304	0.953	-0.933	-0.019	1.120	127.738281	37.884708
1595920847822	1595920847818	-8.153	-3.849	1.195	-1.455	0.193	0.599	127.738281	37.884708
1595920847842	1595920847838	-11.176	-4.462	1.887	-1.654	0.500	0.101	127.738281	37.884708
1595920847854	1595920847852	-15.328	-5.662	2.280	-1.299	0.688	-0.389	127.738281	37.884708
1595920847881	1595920847878	-16.734	-6.084	1.928	-0.549	0.552	-0.814	127.738281	37.884708
1595920847902	1595920847896	-16.453	-5.804	1.703	0.167	0.468	-1.216	127.738281	37.884708
1595920847919	1595920847914	-15.773	-5.679	1.396	0.842	0.508	-1.698	127.738281	37.884708
1595920847934	1595920847931	-15.567	-4.242	1.171	1.631	0.589	-2.259	127.738281	37.884708
1595920847954	1595920847953	-16.482	-2.311	1.253	2.143	0.679	-2.838	127.738281	37.884708
1595920847972	1595920847971	-15.962	-1.180	1.324	2.191	0.581	-3.302	127.738281	37.884708
1595920847994	1595920847990	-13.406	-1.041	0.821	2.016	0.391	-3.555	127.738281	37.884708
1595920848012	1595920848010	-10.906	-1.616	0.064	1.831	0.341	-3.681	127.738281	37.884708
1595920848033	1595920848030	-9.408	-2.069	-0.477	1.829	0.395	-3.702	127.738281	37.884708
1595920848052	1595920848050	-9.332	-1.322	-0.551	2.197	0.521	-3.624	127.738281	37.884708
1595920848072	1595920848070	-9.823	-0.064	-0.245	2.662	0.574	-3.560	127.738281	37.884708
1595920848092	1595920848089	-8.754	0.767	-0.118	2.924	0.377	-3.490	127.738281	37.884708
1595920848111	1595920848109	-7.394	1.026	-0.067	3.009	0.213	-3.337	127.738281	37.884708
1595920848133	1595920848130	-8.124	0.861	0.555	2.793	0.224	-3.127	127.738281	37.884708
1595920848155	1595920848155	-9.665	1.280	0.840	2.427	0.138	-2.837	127.738281	37.884708
1595920848172	1595920848172	-9.281	2.815	0.467	2.192	-0.224	-2.381	127.738281	37.884708
1595920848192	1595920848189	-8.484	3.831	0.337	1.749	-0.469	-1.853	127.738281	37.884708
1595920848211	1595920848209	-9.600	3.170	0.512	0.976	-0.467	-1.388	127.738281	37.884708
1595920848231	1595920848229	-11.536	2.228	0.776	0.318	-0.415	-0.944	127.738281	37.884708
1595920848252	1595920848252	-10.829	2.154	1.073	-0.077	-0.615	-0.566	127.738281	37.884708
1595920848275	1595920848275	-9.044	2.121	1.260	-0.396	-0.739	-0.280	127.738281	37.884708
1595920848291	1595920848291	-11.037	1.474	0.953	-0.805	-0.388	0.043	127.738281	37.884708
1595920848311	1595920848311	-13.457	0.801	-0.003	-1.358	-0.099	0.487	127.738281	37.884708
1595920848345	1595920848345	-12.508	0.324	0.057	-1.938	-0.153	0.913	127.738281	37.884708
1595920848349	1595920848347	-13.823	-0.526	1.753	-2.322	0.133	1.355	127.738281	37.884708
1595920848374	1595920848370	-16.487	-2.215	3.490	-2.127	0.297	1.920	127.738281	37.884708
1595920848390	1595920848387	-16.255	-2.258	3.133	-1.452	0.137	2.389	127.738281	37.884708
1595920848412	1595920848410	-15.582	-1.839	2.697	-0.986	0.219	2.701	127.738281	37.884708
1595920848430	1595920848428	-14.415	-2.143	3.274	-0.943	0.271	2.883	127.738281	37.884708
1595920848452	1595920848449	-12.108	-2.577	3.852	-0.880	0.192	2.938	127.738281	37.884708
1595920848470	1595920848470	-9.909	-2.723	4.024	-0.583	0.163	2.895	127.738281	37.884708
1595920848492	1595920848492	-8.225	-3.272	3.756	-0.272	0.148	2.784	127.738281	37.884708
1595920848516	1595920848512	-6.972	-2.186	4.709	-1.042	0.062	2.334	127.738281	37.884708
1595920848532	1595920848532	-6.428	-3.779	2.949	-2.409	-0.332	1.971	127.738281	37.884708
1595920848553	1595920848553	-6.076	-4.812	1.564	-2.558	-0.579	1.784	127.738281	37.884708
1595920848576	1595920848568	-5.358	-3.818	0.678	-1.698	-0.731	1.772	127.738281	37.884708
1595920848591	1595920848587	-5.782	-1.511	1.128	-1.268	-0.466	1.704	127.738281	37.884708
1595920848609	1595920848606	-6.721	-2.450	0.771	-1.553	-0.535	1.608	127.738281	37.884708
1595920848628	1595920848626	-7.085	-3.732	0.325	-1.038	-0.550	1.662	127.738281	37.884708
1595920848648	1595920848646	-7.892	-3.310	0.438	-0.292	-0.452	1.727	127.738281	37.884708
1595920848670	1595920848670	-9.255	-3.609	0.270	0.005	-0.335	1.792	127.738281	37.884708
1595920848689	1595920848689	-10.122	-3.916	0.534	0.199	-0.271	1.851	127.738281	37.884708
1595920848709	1595920848706	-9.576	-3.942	1.188	0.228	-0.254	1.769	127.738281	37.884708
1595920848758	1595920848728	-8.654	-4.057	1.562	0.056	-0.171	1.521	127.738281	37.884708
1595920848758	1595920848758	-9.231	-3.607	1.516	-0.165	0.063	1.210	127.738281	37.884708
1595920848771	1595920848771	-12.077	-3.664	1.597	-0.302	0.329	0.896	127.738274	37.884693
1595920848797	1595920848793	-14.858	-4.467	1.959	-0.190	0.404	0.490	127.738274	37.884693
1595920848807	1595920848805	-16.458	-5.337	1.815	0.335	0.288	0.022	127.738274	37.884693
1595920848827	1595920848825	-17.373	-5.219	1.195	0.918	0.265	-0.480	127.738274	37.884693
