1595920878629	1595920878629	-11.200	-1.113	0.306	1.173	-0.360	-4.756	127.738029	37.884354
1595920878641	1595920878639	-11.224	0.221	0.467	1.573	-0.473	-4.578	127.738029	37.884354
1595920878660	1595920878658	-10.333	1.848	0.577	2.053	-0.731	-4.199	127.738029	37.884354
1595920878681	1595920878678	-9.504	2.760	0.405	2.246	-0.896	-3.702	127.738029	37.884354
1595920878701	1595920878699	-9.648	2.870	0.455	1.848	-0.919	-3.187	127.738029	37.884354
1595920878726	1595920878726	-10.340	3.050	0.627	1.178	-0.925	-2.623	127.738029	37.884354
1595920878744	1595920878743	-10.307	3.750	0.613	0.675	-0.904	-1.922	127.738014	37.884342
1595920878760	1595920878758	-8.886	3.891	0.819	0.337	-0.904	-1.192	127.738014	37.884342
1595920878780	1595920878778	-7.640	3.031	1.447	0.134	-0.853	-0.505	127.738014	37.884342
1595920878800	1595920878798	-7.121	2.161	2.177	0.123	-0.755	0.204	127.738014	37.884342
1595920878819	1595920878818	-7.719	1.620	2.103	0.142	-0.558	0.887	127.738014	37.884342
1595920878840	1595920878838	-9.943	0.652	1.576	-0.028	-0.232	1.603	127.738014	37.884342
1595920878860	1595920878858	-11.524	-0.248	1.775	-0.418	0.109	2.429	127.738014	37.884342
1595920878880	1595920878878	-13.313	-0.905	2.663	-0.824	0.683	3.343	127.738014	37.884342
1595920878899	1595920878897	-15.392	-1.365	3.111	-1.186	1.293	4.162	127.738014	37.884342
1595920878921	1595920878917	-16.818	-1.635	3.377	-1.374	1.694	4.808	127.738014	37.884342
1595920878940	1595920878937	-17.735	-1.861	3.744	-1.342	1.914	5.266	127.738014	37.884342
1595920878958	1595920878957	-17.416	-2.596	4.477	-0.936	1.765	5.545	127.738014	37.884342
1595920878979	1595920878977	-14.963	-3.549	4.139	-0.217	1.317	5.500	127.738014	37.884342
1595920878998	1595920878997	-11.734	-4.062	2.946	0.219	1.000	5.059	127.738014	37.884342
1595920879018	1595920879017	-9.351	-3.973	2.263	0.178	0.899	4.525	127.738014	37.884342
1595920879039	1595920879036	-8.455	-3.183	2.422	-0.185	0.842	3.887	127.738014	37.884342
1595920879059	1595920879059	-7.914	-2.872	1.351	-0.500	0.640	3.156	127.738014	37.884342
1595920879079	1595920879077	-7.576	-1.104	1.023	-0.808	0.638	2.550	127.738014	37.884342
1595920879098	1595920879096	-8.112	-0.934	0.749	-1.481	0.564	1.954	127.738014	37.884342
1595920879124	1595920879117	-8.738	-2.476	1.241	-1.721	0.492	1.587	127.738014	37.884342
1595920879139	1595920879136	-9.085	-3.336	1.942	-1.318	0.500	1.431	127.738014	37.884342
1595920879157	1595920879155	-10.007	-3.894	2.529	-0.804	0.529	1.470	127.738014	37.884342
1595920879179	1595920879177	-11.246	-4.592	2.635	-0.444	0.545	1.556	127.738014	37.884342
1595920879197	1595920879195	-12.029	-5.219	2.618	-0.126	0.500	1.655	127.738014	37.884342
1595920879217	1595920879214	-11.215	-5.020	2.599	0.187	0.358	1.750	127.738014	37.884342
1595920879239	1595920879233	-10.529	-4.627	2.774	0.408	0.377	1.743	127.738014	37.884342
1595920879259	1595920879254	-10.841	-4.599	3.353	0.494	0.480	1.543	127.738014	37.884342
1595920879278	1595920879275	-12.611	-4.867	3.600	0.543	0.542	1.150	127.738014	37.884342
1595920879297	1595920879296	-13.509	-4.860	4.022	0.440	0.453	0.583	127.738014	37.884342
1595920879323	1595920879314	-11.059	-4.742	4.022	0.183	-0.021	-0.150	127.738014	37.884342
1595920879338	1595920879335	-11.157	-5.334	2.860	0.461	-0.159	-0.950	127.738014	37.884342
1595920879356	1595920879353	-15.411	-5.543	1.837	1.451	-0.021	-1.767	127.738014	37.884342
1595920879381	1595920879376	-17.821	-4.000	1.161	2.309	-0.296	-2.598	127.738014	37.884342
1595920879397	1595920879395	-17.936	-2.313	0.450	2.589	-0.761	-3.435	127.738014	37.884342
1595920879420	1595920879416	-18.425	-1.276	0.127	2.442	-1.036	-4.144	127.738014	37.884342
1595920879436	1595920879432	-18.494	-0.665	0.560	1.873	-1.224	-4.652	127.738014	37.884342
1595920879460	1595920879459	-16.336	-0.457	1.109	1.175	-1.503	-4.886	127.738014	37.884342
1595920879476	1595920879472	-13.490	0.130	1.281	0.773	-1.625	-4.933	127.738014	37.884342
1595920879499	1595920879497	-11.171	0.532	1.387	0.536	-1.639	-4.736	127.738014	37.884342
1595920879516	1595920879512	-9.375	-0.416	0.191	0.831	-1.582	-4.220	127.738014	37.884342
1595920879534	1595920879532	-9.135	0.185	1.418	0.933	-1.369	-4.050	127.738014	37.884342
1595920879559	1595920879558	-8.723	0.549	0.948	-0.056	-1.374	-3.946	127.738014	37.884342
1595920879574	1595920879572	-8.266	0.334	0.086	-0.236	-1.294	-3.603	127.738014	37.884342
1595920879595	1595920879593	-8.225	1.232	-0.096	0.165	-1.145	-3.298	127.738014	37.884342
1595920879623	1595920879613	-9.269	1.488	0.127	0.278	-0.950	-2.939	127.738014	37.884342
1595920879637	1595920879633	-10.192	1.373	0.500	0.468	-0.897	-2.473	127.738014	37.884342
1595920879654	1595920879652	-10.750	2.008	0.910	0.832	-0.886	-1.944	127.738014	37.884342
1595920879678	1595920879672	-11.061	2.791	0.766	0.871	-0.901	-1.388	127.738014	37.884342
1595920879693	1595920879692	-10.041	3.112	0.416	0.485	-0.975	-0.841	127.738014	37.884342
1595920879713	1595920879712	-8.757	2.880	0.726	0.058	-0.903	-0.206	127.738014	37.884342
1595920879738	1595920879738	-9.408	2.058	1.389	-0.224	-0.640	0.471	127.738014	37.884342
1595920879755	1595920879754	-10.939	1.488	1.262	-0.410	-0.349	1.142	127.738014	37.884342
1595920879774	1595920879771	-10.465	1.234	0.891	-0.737	-0.212	1.775	127.738014	37.884342
1595920879794	1595920879794	-10.072	0.070	0.613	-1.138	0.143	2.397	127.738007	37.884331
1595920879823	1595920879818	-12.784	-0.821	0.572	-1.262	0.912	3.145	127.738007	37.884331
1595920879840	1595920879834	-15.548	-1.164	1.082	-1.169	1.474	3.942	127.738007	37.884331
1595920879854	1595920879854	-16.626	-1.662	2.175	-0.920	1.714	4.566	127.738007	37.884331
1595920879880	1595920879879	-17.450	-2.474	4.012	-0.353	1.905	4.966	127.738007	37.884331
1595920879892	1595920879890	-16.937	-2.941	5.047	0.593	1.830	5.126	127.738007	37.884331
1595920879913	1595920879912	-14.465	-2.646	4.527	1.534	1.562	4.938	127.738007	37.884331
1595920879932	1595920879930	-11.380	-2.282	3.025	1.931	1.327	4.441	127.738007	37.884331
1595920879953	1595920879950	-8.963	-2.014	2.333	1.681	1.269	3.825	127.738007	37.884331
1595920879973	1595920879970	-7.693	-2.143	2.608	1.106	1.095	3.191	127.738007	37.884331
1595920879998	1595920879990	-6.807	-1.017	2.807	0.194	1.016	2.623	127.738007	37.884331
1595920880013	1595920880013	-6.795	-1.185	1.614	-1.034	0.931	2.009	127.738007	37.884331
1595920880035	1595920880030	-6.994	-2.208	1.221	-1.469	0.749	1.539	127.738007	37.884331
1595920880050	1595920880049	-7.583	-1.932	2.024	-1.392	0.745	1.247	127.738007	37.884331
1595920880070	1595920880070	-8.627	-2.069	2.764	-1.515	0.767	1.040	127.738007	37.884331
1595920880090	1595920880089	-9.286	-3.080	3.480	-1.415	0.680	1.055	127.738007	37.884331
1595920880111	1595920880110	-9.368	-4.306	4.898	-0.712	0.614	1.274	127.738007	37.884331
1595920880132	1595920880132	-10.271	-5.087	6.709	0.059	0.661	1.466	127.738007	37.884331
1595920880150	1595920880149	-11.282	-5.238	6.915	0.339	0.637	1.511	127.738007	37.884331
1595920880173	1595920880169	-10.759	-5.066	5.718	0.355	0.355	1.397	127.738007	37.884331
1595920880190	1595920880188	-10.273	-4.953	5.018	0.386	0.140	1.052	127.738007	37.884331
1595920880213	1595920880213	-12.027	-5.102	4.946	0.422	0.030	0.483	127.738007	37.884331
1595920880231	1595920880228	-15.349	-4.618	4.898	0.357	-0.034	-0.223	127.738007	37.884331
1595920880249	1595920880248	-14.072	-3.135	5.239	-0.092	-0.639	-0.966	127.738007	37.884331
1595920880270	1595920880268	-13.361	-2.869	3.361	-0.732	-1.067	-1.759	127.738007	37.884331
1595920880288	1595920880288	-17.254	-3.451	1.420	-1.031	-0.904	-2.548	127.738007	37.884331
1595920880308	1595920880308	-19.469	-2.884	0.443	-1.153	-1.040	-3.278	127.738007	37.884331
1595920880329	1595920880329	-18.408	-2.261	-0.245	-1.243	-1.267	-3.941	127.738007	37.884331
1595920880352	1595920880348	-17.105	-1.753	-0.491	-1.129	-1.147	-4.451	127.738007	37.884331
1595920880372	1595920880368	-16.156	-1.394	-0.043	-0.908	-0.926	-4.701	127.738007	37.884331
1595920880389	1595920880386	-14.101	-1.108	0.493	-0.723	-0.851	-4.721	127.738007	37.884331
1595920880410	1595920880410	-11.995	-1.010	0.769	-0.388	-0.749	-4.541	127.738007	37.884331
1595920880433	1595920880426	-10.436	-1.070	0.757	0.043	-0.606	-4.242	127.738007	37.884331
1595920880449	1595920880447	-9.104	-0.651	0.488	0.310	-0.482	-3.957	127.738007	37.884331
1595920880473	1595920880473	-8.342	0.116	0.196	0.423	-0.361	-3.656	127.738007	37.884331
1595920880489	1595920880486	-8.414	0.839	-0.120	0.465	-0.238	-3.344	127.738007	37.884331
1595920880510	1595920880510	-8.093	1.419	-0.350	0.451	-0.211	-3.051	127.738007	37.884331
1595920880530	1595920880527	-7.667	1.790	0.036	0.487	-0.171	-2.701	127.738007	37.884331
1595920880546	1595920880545	-7.973	1.833	0.795	0.592	-0.065	-2.298	127.738007	37.884331
1595920880569	1595920880569	-8.081	2.080	1.157	0.737	-0.077	-1.903	127.738007	37.884331
1595920880590	1595920880585	-7.767	2.837	1.145	0.828	-0.130	-1.454	127.738007	37.884331
1595920880606	1595920880605	-8.084	3.273	1.336	0.729	-0.080	-0.945	127.738007	37.884331
1595920880626	1595920880625	-8.956	3.048	1.835	0.549	0.026	-0.414	127.738007	37.884331
1595920880647	1595920880644	-9.334	2.765	2.625	0.470	0.049	0.149	127.738007	37.884331
1595920880666	1595920880666	-8.445	2.351	3.289	0.320	-0.033	0.662	127.738007	37.884331
1595920880686	1595920880684	-7.149	1.474	3.950	0.207	-0.089	1.155	127.738007	37.884331
1595920880707	1595920880706	-7.264	0.683	4.120	0.295	-0.051	1.621	127.738007	37.884331
1595920880729	1595920880724	-10.977	0.576	2.292	0.221	0.278	2.086	127.738007	37.884331
1595920880755	1595920880752	-17.400	0.736	0.613	-0.524	0.767	2.650	127.738007	37.884331
1595920880777	1595920880768	-20.777	-0.205	1.310	-1.646	0.756	3.248	127.737999	37.884319
1595920880794	1595920880784	-18.571	-1.712	2.144	-2.377	0.338	3.649	127.737999	37.884319
1595920880806	1595920880805	-17.742	-2.414	2.680	-2.483	0.533	3.910	127.737999	37.884319
1595920880826	1595920880823	-17.366	-2.692	3.262	-2.300	0.648	4.117	127.737999	37.884319
1595920880846	1595920880843	-15.215	-3.125	3.483	-1.914	0.474	4.135	127.737999	37.884319
1595920880866	1595920880863	-13.061	-3.514	3.126	-1.254	0.400	3.992	127.737999	37.884319
1595920880888	1595920880886	-11.164	-3.602	2.584	-0.570	0.301	3.738	127.737999	37.884319
1595920880909	1595920880903	-9.032	-3.902	1.871	-0.134	0.126	3.423	127.737999	37.884319
1595920880927	1595920880922	-7.636	-3.933	1.185	0.187	0.096	3.038	127.737999	37.884319
1595920880944	1595920880941	-7.018	-3.123	0.546	0.462	0.138	2.611	127.737999	37.884319
1595920880975	1595920880968	-6.589	-2.091	0.131	0.519	0.155	2.220	127.737999	37.884319
1595920880985	1595920880982	-7.159	-1.976	0.536	0.363	0.250	1.929	127.737999	37.884319
1595920881008	1595920881008	-8.575	-2.666	1.679	0.156	0.345	1.720	127.737999	37.884319
1595920881026	1595920881026	-8.656	-3.379	3.020	0.050	0.274	1.618	127.737999	37.884319
1595920881043	1595920881041	-8.208	-3.976	4.003	0.189	0.201	1.597	127.737999	37.884319
1595920881064	1595920881060	-9.578	-4.108	4.223	0.400	0.333	1.596	127.737999	37.884319
1595920881085	1595920881085	-11.253	-4.048	4.082	0.415	0.357	1.599	127.737999	37.884319
1595920881108	1595920881101	-10.771	-3.993	3.895	0.195	0.159	1.517	127.737999	37.884319
1595920881126	1595920881121	-8.903	-3.806	3.727	-0.230	-0.020	1.288	127.737999	37.884319
1595920881143	1595920881141	-8.639	-3.638	3.715	-0.783	-0.017	0.946	127.737999	37.884319
1595920881168	1595920881161	-11.619	-3.940	3.270	-1.272	0.096	0.454	127.737999	37.884319
1595920881183	1595920881180	-14.106	-4.227	2.939	-1.482	0.080	-0.173	127.737999	37.884319
1595920881201	1595920881200	-14.595	-3.990	2.441	-1.427	-0.155	-0.861	127.737999	37.884319
1595920881222	1595920881220	-16.533	-4.378	1.427	-1.227	-0.134	-1.608	127.737999	37.884319
1595920881243	1595920881241	-17.642	-4.673	1.078	-0.797	-0.172	-2.376	127.737999	37.884319
1595920881266	1595920881266	-16.947	-3.957	0.594	-0.075	-0.320	-3.171	127.737999	37.884319
1595920881285	1595920881281	-17.488	-2.931	0.091	0.785	-0.216	-3.930	127.737999	37.884319
1595920881303	1595920881301	-18.058	-1.882	-0.043	1.429	-0.182	-4.449	127.737999	37.884319
1595920881325	1595920881320	-16.377	-1.089	0.352	1.697	-0.337	-4.683	127.737999	37.884319
1595920881343	1595920881340	-13.854	-0.936	1.169	1.667	-0.438	-4.749	127.737999	37.884319
1595920881363	1595920881363	-11.902	-0.665	2.089	1.568	-0.514	-4.660	127.737999	37.884319
1595920881383	1595920881380	-9.588	-0.299	1.818	1.633	-0.598	-4.402	127.737999	37.884319
1595920881402	1595920881401	-7.485	-0.162	0.975	1.780	-0.509	-4.106	127.737999	37.884319
1595920881427	1595920881421	-6.970	-0.028	0.572	1.739	-0.286	-3.814	127.737999	37.884319
1595920881443	1595920881440	-7.214	0.367	0.479	1.578	-0.097	-3.469	127.737999	37.884319
1595920881465	1595920881461	-7.339	0.980	0.345	1.442	-0.006	-3.134	127.737999	37.884319
1595920881484	1595920881482	-7.365	1.646	0.342	1.350	0.038	-2.756	127.737999	37.884319
1595920881503	1595920881502	-7.890	1.754	0.663	1.497	0.088	-2.275	127.737999	37.884319
1595920881530	1595920881530	-9.066	1.919	1.408	1.820	0.081	-1.768	127.737999	37.884319
1595920881542	1595920881542	-10.448	2.566	1.791	1.910	-0.012	-1.252	127.737999	37.884319
1595920881561	1595920881559	-11.246	3.268	1.554	1.597	-0.188	-0.730	127.737999	37.884319
1595920881580	1595920881580	-10.393	3.687	1.389	0.918	-0.454	-0.271	127.737999	37.884319
1595920881601	1595920881598	-9.284	3.316	1.808	0.174	-0.559	0.145	127.737999	37.884319
1595920881620	1595920881619	-9.128	2.466	2.383	-0.310	-0.513	0.544	127.737999	37.884319
1595920881644	1595920881642	-9.657	2.001	1.998	-0.669	-0.438	0.923	127.737999	37.884319
1595920881665	1595920881662	-10.630	1.843	0.941	-1.235	-0.303	1.311	127.737999	37.884319
1595920881683	1595920881681	-12.961	0.841	0.445	-1.981	-0.011	1.733	127.737999	37.884319
1595920881703	1595920881701	-16.085	-0.574	1.238	-2.471	0.321	2.290	127.737999	37.884319
1595920881741	1595920881723	-16.818	-1.022	1.950	-2.607	0.318	2.896	127.737999	37.884319
1595920881751	1595920881751	-16.044	-0.917	2.019	-2.854	0.372	3.322	127.737999	37.884319
1595920881758	1595920881756	-16.037	-1.635	2.445	-3.179	0.583	3.632	127.737999	37.884319
1595920881778	1595920881776	-15.457	-2.613	3.284	-3.144	0.550	3.835	127.737999	37.884319
1595920881797	1595920881796	-13.696	-3.113	3.528	-2.644	0.377	3.880	127.737991	37.884308
1595920881818	1595920881816	-11.866	-3.248	2.946	-1.854	0.263	3.790	127.737991	37.884308
1595920881840	1595920881839	-10.115	-3.530	2.077	-1.037	0.131	3.627	127.737991	37.884308
1595920881864	1595920881857	-8.357	-2.677	1.830	-0.705	0.052	3.328	127.737991	37.884308
1595920881883	1595920881881	-7.317	-3.902	0.637	-0.534	-0.142	3.012	127.737991	37.884308
1595920881899	1595920881896	-6.397	-2.471	0.409	0.129	-0.027	2.764	127.737991	37.884308
1595920881930	1595920881923	-6.895	-1.370	0.726	0.027	0.056	2.432	127.737991	37.884308
1595920881938	1595920881935	-8.292	-2.527	0.948	-0.306	0.098	2.211	127.737991	37.884308
1595920881961	1595920881958	-8.838	-2.922	1.724	-0.253	0.042	2.125	127.737991	37.884308
1595920881979	1595920881978	-8.836	-2.977	2.381	-0.279	0.008	2.082	127.737991	37.884308
1595920882003	1595920882001	-9.655	-3.518	2.642	-0.365	0.082	2.110	127.737991	37.884308
1595920882019	1595920882016	-10.805	-4.076	2.745	-0.410	0.174	2.165	127.737991	37.884308
1595920882037	1595920882034	-11.138	-4.352	2.788	-0.587	0.156	2.141	127.737991	37.884308
1595920882057	1595920882054	-10.376	-4.383	2.819	-0.994	0.083	1.988	127.737991	37.884308
1595920882079	1595920882079	-10.357	-4.857	2.625	-1.460	0.092	1.666	127.737991	37.884308
1595920882098	1595920882094	-13.478	-5.554	1.784	-1.668	0.324	1.189	127.737991	37.884308
1595920882116	1595920882113	-15.876	-5.655	1.959	-1.566	0.418	0.611	127.737991	37.884308
1595920882136	1595920882133	-12.884	-5.562	2.575	-1.312	-0.014	-0.050	127.737991	37.884308
1595920882156	1595920882153	-11.708	-5.241	1.928	-0.743	0.031	-0.799	127.737991	37.884308
1595920882175	1595920882174	-14.470	-4.742	1.049	0.036	0.395	-1.604	127.737991	37.884308
1595920882195	1595920882195	-15.881	-4.194	0.491	0.619	0.323	-2.379	127.737991	37.884308
1595920882217	1595920882214	-16.085	-3.451	0.313	1.068	0.188	-3.146	127.737991	37.884308
1595920882235	1595920882232	-16.868	-2.574	0.337	1.464	0.140	-3.834	127.737991	37.884308
1595920882258	1595920882252	-16.947	-1.703	0.637	1.617	0.011	-4.340	127.737991	37.884308
1595920882279	1595920882272	-15.050	-1.279	1.042	1.478	-0.204	-4.641	127.737991	37.884308
1595920882294	1595920882292	-12.843	-1.238	1.504	1.257	-0.291	-4.790	127.737991	37.884308
1595920882319	1595920882317	-10.915	-0.859	1.753	1.074	-0.351	-4.762	127.737991	37.884308
1595920882338	1595920882334	-9.080	-0.280	1.624	0.885	-0.397	-4.552	127.737991	37.884308
1595920882354	1595920882354	-7.887	-0.292	1.387	0.717	-0.355	-4.256	127.737991	37.884308
1595920882377	1595920882374	-7.681	-0.299	1.176	0.644	-0.192	-3.941	127.737991	37.884308
1595920882393	1595920882391	-7.502	0.041	1.169	0.802	-0.112	-3.552	127.737991	37.884308
1595920882421	1595920882414	-7.293	0.659	1.197	1.120	-0.076	-3.141	127.737991	37.884308
1595920882433	1595920882433	-8.424	0.959	1.257	1.450	0.035	-2.689	127.737991	37.884308
1595920882458	1595920882454	-9.904	1.292	1.480	1.750	0.057	-2.183	127.737991	37.884308
1595920882472	1595920882471	-10.333	1.531	1.569	1.992	-0.093	-1.609	127.737991	37.884308
1595920882495	1595920882492	-10.714	1.570	1.511	2.028	-0.181	-1.092	127.737991	37.884308
1595920882512	1595920882511	-11.315	2.010	1.456	1.902	-0.234	-0.588	127.737991	37.884308
1595920882532	1595920882530	-10.824	2.700	1.557	1.517	-0.379	-0.105	127.737991	37.884308
1595920882554	1595920882550	-9.782	2.516	1.825	0.832	-0.492	0.317	127.737991	37.884308
1595920882573	1595920882570	-10.077	1.668	1.916	0.122	-0.468	0.681	127.737991	37.884308
1595920882593	1595920882593	-11.301	1.321	1.128	-0.518	-0.339	1.047	127.737991	37.884308
1595920882621	1595920882613	-11.679	1.052	0.249	-1.277	-0.201	1.386	127.737991	37.884308
1595920882636	1595920882631	-12.587	-0.129	0.555	-1.889	0.119	1.748	127.737991	37.884308
1595920882650	1595920882649	-14.470	-1.396	2.048	-1.905	0.555	2.200	127.737991	37.884308
1595920882671	1595920882669	-14.496	-1.873	3.837	-1.309	0.612	2.708	127.737991	37.884308
1595920882692	1595920882689	-13.921	-1.379	4.987	-0.383	0.658	3.207	127.737991	37.884308
1595920882710	1595920882710	-14.144	-0.790	4.518	0.170	0.841	3.593	127.737991	37.884308
1595920882730	1595920882729	-13.411	-0.680	3.878	-0.068	0.835	3.806	127.737991	37.884308
1595920882756	1595920882756	-11.715	-0.919	3.706	-0.806	0.696	3.880	127.737984	37.884293
1595920882776	1595920882776	-10.170	-1.362	3.538	-1.586	0.581	3.854	127.737984	37.884293
1595920882800	1595920882800	-8.663	-1.777	2.810	-2.289	0.421	3.694	127.737984	37.884293
1595920882821	1595920882821	-7.628	-2.153	2.136	-2.837	0.197	3.412	127.737984	37.884293
1595920882838	1595920882831	-7.334	-2.958	1.329	-2.937	-0.059	3.094	127.737984	37.884293
1595920882850	1595920882848	-7.478	-4.551	0.163	-2.192	-0.249	2.822	127.737984	37.884293
1595920882877	1595920882874	-7.947	-5.459	-0.082	-0.633	-0.304	2.579	127.737984	37.884293
1595920882891	1595920882887	-8.534	-4.318	0.726	0.781	-0.195	2.304	127.737984	37.884293
1595920882911	1595920882907	-9.181	-3.142	1.576	1.332	-0.045	2.023	127.737984	37.884293
1595920882935	1595920882930	-9.358	-2.448	1.777	1.015	0.033	1.758	127.737984	37.884293
1595920882953	1595920882950	-9.370	-2.426	1.679	0.084	0.088	1.492	127.737984	37.884293
1595920882973	1595920882969	-10.055	-3.054	1.926	-0.923	0.189	1.284	127.737984	37.884293
1595920882989	1595920882988	-10.644	-3.475	2.481	-1.758	0.291	1.114	127.737984	37.884293
1595920883013	1595920883012	-10.520	-3.794	2.680	-2.514	0.307	0.895	127.737984	37.884293
1595920883031	1595920883028	-10.910	-4.836	2.031	-2.943	0.346	0.649	127.737984	37.884293
1595920883047	1595920883047	-13.191	-5.969	1.200	-2.632	0.487	0.338	127.737984	37.884293
1595920883069	1595920883066	-14.432	-6.661	1.787	-1.577	0.499	-0.035	127.737984	37.884293
1595920883087	1595920883086	-12.702	-6.496	1.674	-0.330	0.244	-0.515	127.737984	37.884293
1595920883112	1595920883112	-13.404	-5.931	0.939	1.049	0.410	-1.111	127.737984	37.884293
1595920883130	1595920883127	-16.025	-4.723	1.066	2.220	0.601	-1.699	127.737984	37.884293
1595920883152	1595920883146	-16.803	-3.844	1.245	2.944	0.432	-2.327	127.737984	37.884293
1595920883171	1595920883171	-16.549	-2.900	0.939	3.423	0.280	-2.969	127.737984	37.884293
1595920883188	1595920883185	-16.109	-1.889	0.290	3.636	0.173	-3.520	127.737984	37.884293
1595920883209	1595920883209	-14.712	-1.195	-0.340	3.491	0.043	-3.932	127.737984	37.884293
1595920883227	1595920883225	-12.946	-1.003	-0.305	3.207	-0.051	-4.183	127.737984	37.884293
1595920883247	1595920883245	-11.581	-1.101	0.045	2.974	-0.094	-4.319	127.737984	37.884293
1595920883267	1595920883266	-10.913	-1.195	0.534	2.767	-0.129	-4.361	127.737984	37.884293
1595920883288	1595920883285	-10.894	-1.298	0.955	2.501	-0.139	-4.378	127.737984	37.884293
1595920883306	1595920883306	-10.520	-1.022	0.960	2.228	-0.219	-4.379	127.737984	37.884293
1595920883330	1595920883326	-9.521	0.257	0.704	2.114	-0.361	-4.224	127.737984	37.884293
1595920883349	1595920883346	-8.747	1.400	0.601	2.171	-0.491	-3.881	127.737984	37.884293
1595920883371	1595920883365	-9.056	1.606	0.450	2.115	-0.512	-3.479	127.737984	37.884293
1595920883389	1595920883387	-10.156	1.265	0.522	1.755	-0.503	-3.073	127.737984	37.884293
1595920883406	1595920883403	-10.453	1.067	0.587	1.317	-0.633	-2.621	127.737984	37.884293
1595920883433	1595920883427	-9.588	1.323	0.599	0.974	-0.821	-2.139	127.737984	37.884293
1595920883446	1595920883444	-9.152	1.565	0.522	0.571	-0.892	-1.672	127.737984	37.884293
1595920883469	1595920883466	-9.528	1.359	0.553	0.067	-0.821	-1.221	127.737984	37.884293
1595920883485	1595920883483	-9.209	0.949	0.943	-0.392	-0.815	-0.764	127.737984	37.884293
1595920883511	1595920883508	-8.584	0.501	1.808	-0.618	-0.762	-0.301	127.737984	37.884293
1595920883527	1595920883523	-8.680	0.077	2.259	-0.600	-0.649	0.143	127.737984	37.884293
1595920883549	1595920883546	-9.578	0.188	1.744	-0.568	-0.519	0.560	127.737984	37.884293
1595920883574	1595920883567	-10.858	0.542	0.943	-0.839	-0.342	1.067	127.737984	37.884293
1595920883584	1595920883582	-12.321	0.061	0.951	-1.408	-0.078	1.746	127.737984	37.884293
1595920883604	1595920883602	-12.994	-0.799	1.415	-1.826	0.103	2.541	127.737984	37.884293
1595920883624	1595920883622	-13.608	-1.257	1.636	-1.919	0.387	3.333	127.737984	37.884293
1595920883645	1595920883642	-14.441	-2.043	1.935	-1.921	0.710	3.984	127.737984	37.884293
1595920883664	1595920883663	-14.712	-3.068	2.376	-1.750	0.836	4.513	127.737984	37.884293
1595920883684	1595920883682	-13.986	-2.733	3.042	-1.098	0.851	4.946	127.737984	37.884293
1595920883703	1595920883703	-13.078	-1.837	3.567	-0.418	0.961	5.112	127.737984	37.884293
1595920883729	1595920883725	-12.194	-2.071	3.169	-0.091	0.977	5.027	127.737984	37.884293
1595920883745	1595920883745	-10.771	-2.728	2.539	0.010	0.873	4.773	127.737984	37.884293
1595920883778	1595920883761	-9.650	-3.161	2.455	0.047	0.775	4.414	127.737968	37.884285
1595920883782	1595920883781	-8.893	-2.963	2.448	-0.051	0.679	3.966	127.737968	37.884285
1595920883802	1595920883800	-8.043	-2.589	2.112	-0.452	0.517	3.447	127.737968	37.884285
1595920883822	1595920883822	-7.784	-2.663	1.679	-1.007	0.398	2.924	127.737968	37.884285
1595920883842	1595920883840	-8.932	-3.087	1.643	-1.373	0.400	2.446	127.737968	37.884285
1595920883860	1595920883859	-10.117	-3.617	2.163	-1.452	0.365	2.030	127.737968	37.884285
1595920883881	1595920883880	-10.532	-3.626	2.268	-1.482	0.270	1.689	127.737968	37.884285
1595920883901	1595920883901	-11.600	-3.734	2.489	-1.660	0.254	1.393	127.737968	37.884285
1595920883924	1595920883924	-12.460	-4.390	2.426	-1.989	0.211	1.184	127.737968	37.884285
1595920883945	1595920883940	-11.238	-4.824	2.295	-2.276	0.064	1.027	127.737968	37.884285
1595920883967	1595920883959	-9.928	-4.958	2.347	-2.406	0.037	0.854	127.737968	37.884285
1595920883981	1595920883980	-10.038	-5.533	2.656	-2.394	0.126	0.619	127.737968	37.884285
1595920884001	1595920884000	-12.326	-6.599	2.474	-2.019	0.256	0.223	127.737968	37.884285
1595920884022	1595920884019	-13.620	-6.795	2.644	-1.168	0.277	-0.260	127.737968	37.884285
1595920884045	1595920884042	-11.720	-6.249	2.048	-0.280	0.005	-0.739	127.737968	37.884285
1595920884063	1595920884062	-13.555	-5.926	0.716	0.694	0.232	-1.371	127.737968	37.884285
1595920884082	1595920884080	-16.494	-4.841	0.141	1.674	0.412	-2.078	127.737968	37.884285
1595920884101	1595920884100	-16.482	-3.619	0.009	2.434	0.210	-2.851	127.737968	37.884285
1595920884124	1595920884123	-16.094	-2.184	-0.295	2.917	0.095	-3.566	127.737968	37.884285
1595920884145	1595920884140	-16.427	-1.027	-0.429	3.025	0.099	-4.115	127.737968	37.884285
1595920884165	1595920884163	-15.936	-0.814	-0.127	2.796	0.047	-4.421	127.737968	37.884285
1595920884181	1595920884179	-14.252	-1.207	0.201	2.510	-0.050	-4.542	127.737968	37.884285
1595920884201	1595920884200	-12.614	-1.401	0.493	2.338	-0.096	-4.533	127.737968	37.884285
1595920884221	1595920884220	-11.792	-1.456	0.855	2.123	-0.086	-4.477	127.737968	37.884285
1595920884241	1595920884239	-10.932	-1.298	0.984	1.783	-0.122	-4.472	127.737968	37.884285
1595920884263	1595920884263	-9.904	-0.598	0.802	1.546	-0.194	-4.392	127.737968	37.884285
1595920884284	1595920884280	-9.219	0.463	0.534	1.611	-0.243	-4.150	127.737968	37.884285
1595920884300	1595920884298	-8.989	1.515	0.230	1.848	-0.272	-3.759	127.737968	37.884285
1595920884331	1595920884323	-8.601	2.327	0.208	1.930	-0.366	-3.295	127.737968	37.884285
1595920884340	1595920884338	-8.694	2.703	0.400	1.703	-0.459	-2.830	127.737968	37.884285
1595920884360	1595920884358	-9.530	2.847	0.622	1.341	-0.494	-2.309	127.737968	37.884285
1595920884379	1595920884377	-9.823	3.065	0.833	1.103	-0.599	-1.685	127.737968	37.884285
1595920884401	1595920884397	-9.423	3.620	0.941	0.921	-0.673	-1.071	127.737968	37.884285
1595920884420	1595920884419	-8.735	3.742	1.150	0.648	-0.642	-0.451	127.737968	37.884285
1595920884439	1595920884438	-8.462	2.890	1.619	0.284	-0.540	0.126	127.737968	37.884285
1595920884465	1595920884463	-9.224	1.630	1.947	0.076	-0.387	0.676	127.737968	37.884285
1595920884483	1595920884477	-10.654	1.467	1.662	0.066	-0.161	1.249	127.737968	37.884285
1595920884499	1595920884499	-11.849	1.654	0.840	-0.260	0.074	1.764	127.737968	37.884285
1595920884524	1595920884523	-13.586	0.801	0.299	-1.021	0.441	2.276	127.737968	37.884285
1595920884538	1595920884536	-15.800	-0.649	0.759	-1.608	0.835	2.901	127.737968	37.884285
1595920884558	1595920884556	-16.657	-1.223	1.885	-1.724	1.020	3.566	127.737968	37.884285
1595920884578	1595920884574	-16.650	-1.092	2.896	-1.751	1.168	4.087	127.737968	37.884285
1595920884600	1595920884597	-16.585	-1.741	3.238	-1.774	1.233	4.436	127.737968	37.884285
1595920884619	1595920884615	-15.440	-2.486	2.958	-1.586	1.105	4.611	127.737968	37.884285
1595920884637	1595920884634	-13.306	-2.400	2.484	-1.406	0.877	4.538	127.737968	37.884285
1595920884659	1595920884655	-11.404	-2.565	2.101	-1.400	0.681	4.296	127.737968	37.884285
1595920884676	1595920884673	-9.871	-3.116	1.969	-1.392	0.494	3.961	127.737968	37.884285
1595920884696	1595920884692	-8.594	-3.310	1.835	-1.382	0.327	3.512	127.737968	37.884285
1595920884715	1595920884712	-7.581	-3.092	1.420	-1.469	0.171	2.990	127.737968	37.884285
1595920884736	1595920884733	-6.970	-2.771	0.955	-1.662	0.062	2.481	127.737968	37.884285
1595920884755	1595920884752	-7.109	-2.994	0.893	-1.764	0.060	2.068	127.737961	37.884274
1595920884782	1595920884772	-8.155	-3.612	1.322	-1.632	0.115	1.763	127.737961	37.884274
1595920884795	1595920884793	-9.063	-3.892	1.550	-1.484	0.145	1.557	127.737961	37.884274
1595920884816	1595920884816	-9.466	-3.978	1.595	-1.493	0.114	1.444	127.737961	37.884274
1595920884839	1595920884836	-10.654	-4.520	2.048	-1.535	0.173	1.408	127.737961	37.884274
1595920884857	1595920884857	-11.854	-5.605	2.395	-1.293	0.169	1.407	127.737961	37.884274
1595920884878	1595920884876	-11.377	-5.880	2.534	-0.851	0.095	1.338	127.737961	37.884274
1595920884894	1595920884891	-9.737	-5.820	2.910	-0.543	0.001	1.132	127.737961	37.884274
1595920884923	1595920884914	-8.977	-5.725	2.802	-0.376	0.074	0.802	127.737961	37.884274
1595920884934	1595920884932	-10.956	-5.842	2.366	-0.154	0.252	0.380	127.737961	37.884274
1595920884960	1595920884956	-13.306	-5.672	2.776	0.063	0.310	-0.178	127.737961	37.884274
1595920884974	1595920884974	-13.251	-5.135	2.582	0.248	0.055	-0.854	127.737961	37.884274
1595920884996	1595920884994	-14.825	-4.790	1.655	0.640	0.100	-1.595	127.737961	37.884274
1595920885014	1595920885011	-17.026	-3.806	0.908	1.021	0.176	-2.335	127.737961	37.884274
1595920885035	1595920885034	-17.352	-2.955	0.805	1.238	-0.041	-3.105	127.737961	37.884274
1595920885056	1595920885055	-17.198	-2.560	0.400	1.471	-0.138	-3.759	127.737961	37.884274
1595920885073	1595920885071	-17.292	-1.846	-0.106	1.673	-0.097	-4.191	127.737961	37.884274
1595920885093	1595920885091	-16.099	-1.365	-0.264	1.609	-0.163	-4.424	127.737961	37.884274
1595920885112	1595920885111	-14.183	-1.554	0.129	1.516	-0.214	-4.521	127.737961	37.884274
1595920885133	1595920885130	-12.185	-1.676	0.462	1.530	-0.228	-4.526	127.737961	37.884274
1595920885153	1595920885150	-10.292	-1.326	0.467	1.506	-0.236	-4.472	127.737961	37.884274
1595920885173	1595920885172	-9.154	-1.084	0.361	1.405	-0.179	-4.379	127.737961	37.884274
1595920885192	1595920885190	-9.071	-0.823	0.402	1.393	-0.078	-4.234	127.737961	37.884274
1595920885220	1595920885213	-9.159	-0.054	0.596	1.698	-0.088	-3.962	127.737961	37.884274
1595920885234	1595920885230	-8.129	0.978	0.433	2.212	-0.286	-3.579	127.737961	37.884274
1595920885252	1595920885249	-7.681	1.668	0.395	2.455	-0.364	-3.210	127.737961	37.884274
1595920885272	1595920885269	-9.018	1.821	0.479	2.260	-0.283	-2.771	127.737961	37.884274
1595920885291	1595920885290	-9.935	2.137	0.807	1.881	-0.334	-2.224	127.737961	37.884274
1595920885311	1595920885311	-9.691	2.794	1.054	1.554	-0.446	-1.566	127.737961	37.884274
1595920885336	1595920885335	-9.607	3.038	1.171	1.152	-0.415	-0.946	127.737961	37.884274
1595920885351	1595920885351	-9.705	2.638	1.315	0.606	-0.322	-0.336	127.737961	37.884274
1595920885376	1595920885373	-9.092	2.022	1.679	0.190	-0.273	0.268	127.737961	37.884274
1595920885393	1595920885393	-8.352	1.397	2.484	0.064	-0.232	0.799	127.737961	37.884274
1595920885414	1595920885413	-9.387	0.887	2.901	0.202	-0.117	1.261	127.737961	37.884274
1595920885432	1595920885429	-11.380	1.455	1.576	0.223	0.039	1.714	127.737961	37.884274
1595920885451	1595920885449	-12.546	2.466	-0.204	-0.407	0.240	2.244	127.737961	37.884274
1595920885470	1595920885468	-13.936	1.546	-0.427	-1.473	0.496	2.846	127.737961	37.884274
1595920885492	1595920885489	-15.905	-0.155	0.158	-2.281	0.820	3.503	127.737961	37.884274
1595920885509	1595920885509	-17.196	-0.972	0.737	-2.713	1.086	4.095	127.737961	37.884274
1595920885531	1595920885528	-17.388	-1.427	1.473	-3.105	1.264	4.571	127.737961	37.884274
1595920885549	1595920885549	-16.935	-2.337	2.956	-3.270	1.275	4.946	127.737961	37.884274
1595920885578	1595920885578	-15.934	-3.614	4.455	-2.753	1.010	5.194	127.737961	37.884274
1595920885590	1595920885590	-14.183	-4.158	4.050	-1.624	0.651	5.180	127.737961	37.884274
1595920885618	1595920885612	-11.928	-4.038	2.266	-0.527	0.351	4.916	127.737961	37.884274
1595920885630	1595920885627	-9.698	-4.299	1.365	0.072	0.124	4.493	127.737961	37.884274
1595920885648	1595920885647	-8.175	-4.675	1.387	0.277	0.042	3.958	127.737961	37.884274
1595920885672	1595920885666	-7.159	-4.230	1.336	0.210	0.033	3.324	127.737961	37.884274
1595920885688	1595920885687	-6.754	-3.360	1.035	-0.119	0.046	2.649	127.737961	37.884274
1595920885709	1595920885708	-7.600	-2.941	1.080	-0.426	0.161	2.039	127.737961	37.884274
1595920885729	1595920885726	-8.970	-2.922	1.918	-0.472	0.295	1.563	127.737961	37.884274
1595920885748	1595920885748	-9.653	-2.917	2.577	-0.565	0.308	1.164	127.737961	37.884274
1595920885773	1595920885767	-10.422	-3.243	2.733	-0.970	0.317	0.829	127.737953	37.884262
1595920885802	1595920885802	-11.138	-3.722	2.307	-1.517	0.273	0.626	127.737953	37.884262
1595920885821	1595920885806	-10.795	-4.096	2.079	-1.942	0.194	0.477	127.737953	37.884262
1595920885839	1595920885826	-9.368	-4.342	2.139	-2.209	0.083	0.333	127.737953	37.884262
1595920885847	1595920885846	-9.205	-4.596	1.954	-2.164	0.131	0.152	127.737953	37.884262
1595920885869	1595920885865	-11.454	-4.764	1.768	-1.799	0.297	-0.092	127.737953	37.884262
1595920885888	1595920885885	-12.594	-4.996	2.635	-1.262	0.278	-0.414	127.737953	37.884262
1595920885908	1595920885908	-11.227	-4.853	2.208	-0.680	0.013	-0.849	127.737953	37.884262
1595920885929	1595920885928	-13.886	-4.596	0.958	0.054	0.285	-1.354	127.737953	37.884262
1595920885951	1595920885945	-17.709	-4.323	0.515	0.700	0.439	-1.931	127.737953	37.884262
1595920885975	1595920885973	-18.803	-3.799	0.661	1.268	0.250	-2.698	127.737953	37.884262
1595920885988	1595920885985	-17.613	-2.551	0.366	1.909	0.013	-3.428	127.737953	37.884262
1595920886005	1595920886004	-16.985	-1.051	-0.221	2.326	0.034	-3.985	127.737953	37.884262
1595920886026	1595920886026	-16.166	-0.759	-0.221	2.246	0.001	-4.313	127.737953	37.884262
1595920886046	1595920886044	-14.477	-1.389	0.254	2.063	-0.085	-4.490	127.737953	37.884262
1595920886067	1595920886067	-12.843	-1.657	0.721	2.053	-0.126	-4.547	127.737953	37.884262
1595920886095	1595920886086	-11.150	-1.370	0.955	1.989	-0.186	-4.510	127.737953	37.884262
1595920886109	1595920886108	-9.490	-0.385	0.790	1.767	-0.217	-4.374	127.737953	37.884262
1595920886128	1595920886124	-7.813	0.921	0.366	1.801	-0.239	-3.981	127.737953	37.884262
1595920886145	1595920886143	-6.656	1.766	0.361	2.135	-0.212	-3.451	127.737953	37.884262
1595920886168	1595920886168	-7.118	1.795	0.783	2.179	-0.050	-2.943	127.737953	37.884262
1595920886185	1595920886183	-7.911	1.505	1.046	1.947	-0.083	-2.406	127.737953	37.884262
1595920886204	1595920886203	-8.481	1.725	1.001	1.709	-0.161	-1.933	127.737953	37.884262
1595920886223	1595920886223	-8.757	2.334	0.843	1.370	-0.239	-1.479	127.737953	37.884262
1595920886243	1595920886243	-9.181	2.660	0.876	1.030	-0.326	-0.990	127.737953	37.884262
1595920886268	1595920886263	-9.983	2.765	0.857	0.812	-0.366	-0.510	127.737953	37.884262
1595920886283	1595920886283	-10.206	2.914	0.742	0.560	-0.427	-0.078	127.737953	37.884262
1595920886307	1595920886301	-9.157	2.708	1.097	0.211	-0.512	0.292	127.737953	37.884262
1595920886324	1595920886324	-8.333	1.833	1.710	-0.083	-0.484	0.610	127.737953	37.884262
1595920886343	1595920886341	-9.631	0.995	1.803	-0.206	-0.313	0.923	127.737953	37.884262
1595920886364	1595920886364	-12.094	0.906	0.840	-0.447	-0.089	1.230	127.737953	37.884262
1595920886387	1595920886384	-14.171	0.597	-0.297	-1.089	0.148	1.521	127.737953	37.884262
1595920886403	1595920886401	-16.180	-0.337	-0.111	-1.829	0.497	1.865	127.737953	37.884262
1595920886428	1595920886423	-16.717	-1.420	1.231	-2.162	0.611	2.247	127.737953	37.884262
1595920886442	1595920886441	-16.173	-2.093	2.649	-1.896	0.662	2.569	127.737953	37.884262
1595920886468	1595920886468	-15.330	-1.980	3.253	-1.446	0.745	2.779	127.737953	37.884262
1595920886485	1595920886482	-13.584	-1.724	3.018	-1.228	0.699	2.803	127.737953	37.884262
1595920886504	1595920886503	-11.171	-1.868	2.879	-1.086	0.586	2.671	127.737953	37.884262
1595920886526	1595920886526	-9.068	-2.416	3.071	-0.774	0.499	2.542	127.737953	37.884262
1595920886544	1595920886541	-7.379	-2.637	3.047	-0.514	0.476	2.439	127.737953	37.884262
1595920886561	1595920886559	-7.085	-1.499	4.474	-1.655	0.349	1.992	127.737953	37.884262
1595920886582	1595920886580	-6.915	-5.801	1.554	-1.905	-0.235	1.886	127.737953	37.884262
1595920886601	1595920886600	-5.518	-3.255	1.233	-0.270	-0.196	1.982	127.737953	37.884262
1595920886623	1595920886620	-6.287	0.329	2.508	-0.185	0.095	1.922	127.737953	37.884262
1595920886644	1595920886643	-7.959	-2.004	2.227	-1.324	-0.042	1.921	127.737953	37.884262
1595920886665	1595920886664	-8.587	-4.026	1.777	-1.312	-0.153	2.019	127.737953	37.884262
1595920886684	1595920886680	-8.637	-3.097	2.510	-0.662	-0.158	2.226	127.737953	37.884262
1595920886703	1595920886703	-8.764	-3.097	3.111	-0.590	-0.182	2.370	127.737953	37.884262
1595920886724	1595920886724	-10.553	-4.278	2.934	-0.546	-0.108	2.493	127.737953	37.884262
1595920886752	1595920886751	-12.463	-4.647	2.534	-0.253	-0.019	2.544	127.737938	37.884251
1595920886760	1595920886758	-11.883	-4.778	2.757	-0.192	-0.172	2.349	127.737938	37.884251
1595920886781	1595920886779	-10.199	-5.092	2.589	-0.535	-0.255	1.898	127.737938	37.884251
1595920886801	1595920886801	-10.517	-5.284	2.120	-1.088	-0.098	1.258	127.737938	37.884251
1595920886825	1595920886823	-13.404	-5.303	1.681	-1.476	0.150	0.513	127.737938	37.884251
1595920886842	1595920886840	-14.092	-4.889	2.582	-1.325	0.111	-0.215	127.737938	37.884251
1595920886860	1595920886858	-12.865	-4.532	2.419	-0.647	-0.025	-0.887	127.737938	37.884251
1595920886880	1595920886877	-14.702	-4.309	0.927	0.200	0.284	-1.557	127.737938	37.884251
1595920886900	1595920886898	-16.770	-3.990	0.060	0.786	0.434	-2.257	127.737938	37.884251
1595920886922	1595920886922	-17.213	-3.652	-0.211	1.115	0.354	-2.900	127.737938	37.884251
1595920886941	1595920886938	-16.971	-2.963	-0.214	1.478	0.336	-3.439	127.737938	37.884251
1595920886961	1595920886959	-15.773	-1.952	-0.115	1.694	0.302	-3.836	127.737938	37.884251
1595920886980	1595920886977	-13.550	-1.480	0.158	1.697	0.230	-4.076	127.737938	37.884251
1595920887003	1595920887001	-11.459	-1.497	0.371	1.695	0.235	-4.187	127.737938	37.884251
1595920887020	1595920887020	-10.038	-1.600	0.517	1.755	0.287	-4.201	127.737938	37.884251
1595920887039	1595920887037	-9.128	-1.607	0.833	1.819	0.326	-4.152	127.737938	37.884251
1595920887059	1595920887056	-8.800	-1.844	1.219	1.886	0.338	-4.058	127.737938	37.884251
1595920887081	1595920887078	-8.735	-1.616	1.315	2.028	0.286	-3.959	127.737938	37.884251
1595920887101	1595920887098	-8.460	-0.313	1.250	2.279	0.131	-3.747	127.737938	37.884251
1595920887124	1595920887117	-7.856	1.033	1.281	2.400	-0.100	-3.421	127.737938	37.884251
1595920887139	1595920887137	-7.767	1.610	1.145	2.388	-0.240	-2.977	127.737938	37.884251
1595920887158	1595920887156	-8.680	2.056	1.157	2.276	-0.269	-2.456	127.737938	37.884251
1595920887178	1595920887176	-9.073	2.504	1.284	1.913	-0.405	-1.877	127.737938	37.884251
1595920887198	1595920887195	-8.853	2.631	1.147	1.276	-0.525	-1.308	127.737938	37.884251
1595920887220	1595920887220	-9.025	2.509	1.257	0.580	-0.502	-0.708	127.737938	37.884251
1595920887238	1595920887238	-9.327	1.783	2.024	0.092	-0.498	-0.084	127.737938	37.884251
1595920887258	1595920887256	-9.468	0.997	2.841	-0.092	-0.501	0.461	127.737938	37.884251
1595920887280	1595920887280	-9.059	0.595	3.373	-0.097	-0.595	0.870	127.737938	37.884251
1595920887300	1595920887295	-8.649	0.544	2.881	-0.122	-0.678	1.169	127.737938	37.884251
1595920887320	1595920887319	-9.480	1.031	1.011	-0.451	-0.499	1.443	127.737938	37.884251
1595920887338	1595920887335	-12.937	0.968	-0.118	-1.280	0.005	1.848	127.737938	37.884251
1595920887357	1595920887354	-16.820	-0.713	0.680	-2.087	0.451	2.399	127.737938	37.884251
1595920887379	1595920887378	-17.270	-1.774	1.830	-2.265	0.487	2.947	127.737938	37.884251
1595920887397	1595920887394	-16.027	-1.635	2.754	-1.990	0.640	3.402	127.737938	37.884251
1595920887421	1595920887418	-15.546	-1.880	3.658	-1.808	0.961	3.817	127.737938	37.884251
1595920887445	1595920887433	-14.458	-2.553	4.520	-1.655	0.964	4.087	127.737938	37.884251
1595920887465	1595920887457	-12.728	-2.905	4.649	-1.156	0.844	4.161	127.737938	37.884251
1595920887484	1595920887478	-11.042	-2.608	3.562	-0.500	0.732	4.089	127.737938	37.884251
1595920887504	1595920887503	-9.313	-2.505	2.347	-0.152	0.565	3.932	127.737938	37.884251
1595920887514	1595920887514	-8.100	-2.618	1.871	-0.139	0.430	3.702	127.737938	37.884251
1595920887533	1595920887533	-7.466	-2.634	1.597	-0.294	0.306	3.362	127.737938	37.884251
1595920887554	1595920887553	-6.996	-2.222	1.128	-0.524	0.152	2.962	127.737938	37.884251
1595920887574	1595920887574	-7.185	-1.846	0.687	-0.880	0.054	2.530	127.737938	37.884251
1595920887594	1595920887592	-7.696	-2.131	0.639	-1.305	-0.041	2.103	127.737938	37.884251
1595920887617	1595920887612	-7.937	-2.584	0.898	-1.615	-0.115	1.742	127.737938	37.884251
1595920887641	1595920887636	-8.498	-2.809	1.320	-1.810	-0.083	1.448	127.737938	37.884251
1595920887656	1595920887651	-9.725	-3.473	1.602	-1.937	-0.025	1.235	127.737938	37.884251
1595920887673	1595920887673	-11.052	-4.112	1.638	-1.900	0.038	1.111	127.737938	37.884251
1595920887693	1595920887691	-11.780	-4.316	1.942	-1.794	0.076	1.048	127.737938	37.884251
1595920887714	1595920887711	-10.376	-4.625	2.529	-1.814	-0.028	1.006	127.737938	37.884251
1595920887736	1595920887734	-9.281	-5.087	2.251	-1.730	-0.009	0.913	127.737938	37.884251
1595920887784	1595920887771	-12.166	-5.358	1.791	-1.246	0.371	0.755	127.737930	37.884239
1595920887784	1595920887784	-13.962	-5.816	2.778	-0.558	0.427	0.470	127.737930	37.884239
1595920887792	1595920887792	-11.334	-6.129	2.285	0.170	0.007	-0.037	127.737930	37.884239
1595920887814	1595920887813	-13.164	-5.372	0.512	1.091	0.318	-0.710	127.737930	37.884239
1595920887843	1595920887840	-17.222	-3.988	0.601	1.807	0.615	-1.479	127.737930	37.884239
1595920887853	1595920887850	-17.852	-3.111	1.094	2.158	0.289	-2.380	127.737930	37.884239
1595920887877	1595920887877	-17.711	-2.033	0.905	2.426	0.133	-3.276	127.737930	37.884239
1595920887891	1595920887890	-18.109	-1.039	0.663	2.401	0.100	-3.977	127.737930	37.884239
1595920887914	1595920887911	-16.856	-1.065	0.694	2.074	-0.087	-4.391	127.737930	37.884239
1595920887931	1595920887931	-14.401	-1.415	0.807	1.822	-0.217	-4.599	127.737930	37.884239
1595920887954	1595920887950	-12.429	-1.487	1.008	1.673	-0.241	-4.734	127.737930	37.884239
1595920887973	1595920887971	-10.745	-1.482	0.951	1.503	-0.266	-4.802	127.737930	37.884239
1595920887993	1595920887989	-9.526	-1.477	0.793	1.350	-0.227	-4.774	127.737930	37.884239
1595920888010	1595920888009	-8.627	-1.199	0.745	1.341	-0.171	-4.685	127.737930	37.884239
1595920888034	1595920888034	-8.302	-0.227	0.888	1.605	-0.152	-4.412	127.737930	37.884239
1595920888050	1595920888049	-7.906	0.681	0.852	2.004	-0.235	-3.981	127.737930	37.884239
1595920888073	1595920888073	-7.387	0.858	0.589	2.147	-0.348	-3.559	127.737930	37.884239
1595920888089	1595920888089	-7.645	0.449	0.472	1.847	-0.370	-3.178	127.737930	37.884239
1595920888110	1595920888109	-8.539	0.046	0.486	1.463	-0.368	-2.764	127.737930	37.884239
1595920888131	1595920888130	-9.186	0.324	0.771	1.257	-0.403	-2.288	127.737930	37.884239
1595920888149	1595920888148	-9.346	1.031	1.293	1.108	-0.509	-1.788	127.737930	37.884239
1595920888174	1595920888168	-8.912	1.433	1.827	1.042	-0.599	-1.221	127.737930	37.884239
1595920888193	1595920888187	-8.412	1.292	2.862	1.026	-0.647	-0.636	127.737930	37.884239
1595920888208	1595920888208	-8.682	0.808	3.797	1.017	-0.695	-0.016	127.737930	37.884239
1595920888232	1595920888232	-9.796	0.621	3.440	0.945	-0.683	0.602	127.737930	37.884239
1595920888248	1595920888248	-10.505	1.124	2.043	0.456	-0.539	1.229	127.737930	37.884239
1595920888269	1595920888268	-10.338	1.251	1.147	-0.494	-0.322	1.859	127.737930	37.884239
1595920888293	1595920888293	-11.339	0.465	1.336	-1.362	0.050	2.465	127.737930	37.884239
1595920888310	1595920888307	-13.644	-0.557	2.124	-1.740	0.525	3.088	127.737930	37.884239
1595920888332	1595920888329	-15.033	-1.223	2.841	-1.780	0.845	3.684	127.737930	37.884239
1595920888348	1595920888348	-15.438	-1.489	3.090	-1.813	1.057	4.122	127.737930	37.884239
1595920888374	1595920888368	-16.058	-1.736	3.035	-1.927	1.278	4.459	127.737930	37.884239
1595920888389	1595920888389	-15.929	-2.139	2.769	-2.000	1.357	4.682	127.737930	37.884239
1595920888409	1595920888407	-14.621	-2.673	2.501	-1.810	1.220	4.762	127.737930	37.884239
1595920888428	1595920888425	-12.966	-3.308	2.390	-1.259	0.995	4.676	127.737930	37.884239
1595920888449	1595920888446	-10.941	-3.892	2.548	-0.368	0.739	4.428	127.737930	37.884239
1595920888471	1595920888467	-9.047	-3.700	2.189	0.589	0.567	4.033	127.737930	37.884239
1595920888488	1595920888485	-7.904	-2.467	1.341	1.070	0.554	3.585	127.737930	37.884239
1595920888509	1595920888504	-7.660	-1.619	0.812	0.827	0.543	3.149	127.737930	37.884239
1595920888533	1595920888528	-8.215	-1.961	0.867	0.273	0.506	2.754	127.737930	37.884239
