1595920768387	1595920768387	-16.734	-2.378	1.066	-2.291	-0.642	-0.012	127.738228	37.885872
1595920768420	1595920768392	-12.939	-1.585	2.450	-3.183	-1.049	-0.211	127.738228	37.885872
1595920768420	1595920768420	-11.789	-1.578	4.343	-3.596	-0.704	-0.297	127.738228	37.885872
1595920768432	1595920768430	-14.149	-1.997	4.731	-3.305	-0.019	-0.291	127.738228	37.885872
1595920768453	1595920768450	-14.012	-1.731	4.882	-2.453	0.198	-0.243	127.738228	37.885872
1595920768471	1595920768469	-12.281	-1.863	4.795	-1.205	0.356	-0.075	127.738228	37.885872
1595920768491	1595920768489	-11.037	-1.614	4.779	0.104	0.449	0.132	127.738228	37.885872
1595920768512	1595920768509	-8.805	-1.118	4.391	1.346	0.314	0.280	127.738228	37.885872
1595920768531	1595920768529	-6.977	-0.316	3.801	2.174	0.226	0.386	127.738228	37.885872
1595920768558	1595920768549	-6.028	0.897	3.854	1.863	0.165	0.433	127.738228	37.885872
1595920768571	1595920768570	-5.817	0.183	3.526	0.682	0.121	0.363	127.738228	37.885872
1595920768590	1595920768589	-5.312	-1.432	2.771	-0.212	-0.009	0.362	127.738228	37.885872
1595920768615	1595920768611	-4.797	-2.292	2.139	-0.364	-0.017	0.367	127.738228	37.885872
1595920768631	1595920768630	-4.493	-2.476	1.744	-0.059	0.008	0.318	127.738228	37.885872
1595920768655	1595920768648	-4.486	-2.309	1.744	0.281	0.039	0.289	127.738228	37.885872
1595920768673	1595920768671	-4.617	-2.107	1.602	0.352	0.048	0.229	127.738228	37.885872
1595920768689	1595920768688	-5.008	-2.127	1.183	0.235	0.126	0.187	127.738228	37.885872
1595920768721	1595920768720	-5.726	-2.376	1.497	0.027	0.197	0.240	127.738228	37.885872
1595920768735	1595920768734	-6.023	-2.929	2.031	-0.149	0.179	0.319	127.738228	37.885872
1595920768752	1595920768750	-6.364	-3.422	2.283	-0.118	0.205	0.424	127.738228	37.885872
1595920768820	1595920768819	-7.499	-3.679	2.759	0.117	0.292	0.577	127.738228	37.885872
1595920768820	1595920768820	-8.476	-3.894	3.260	0.316	0.260	0.671	127.738228	37.885872
1595920768845	1595920768844	-8.965	-3.662	3.293	0.230	0.147	0.579	127.738228	37.885872
1595920768903	1595920768882	-11.119	-3.724	3.104	-0.082	0.183	0.420	127.738228	37.885872
1595920768909	1595920768887	-15.378	-4.491	2.388	-0.199	0.328	0.321	127.738228	37.885872
1595920768912	1595920768893	-20.682	-6.115	2.841	0.246	0.424	0.332	127.738228	37.885872
1595920768950	1595920768963	-20.947	-6.400	3.056	1.015	-0.073	0.211	127.738228	37.885872
1595920768954	1595920768965	-16.645	-4.989	1.679	1.710	-0.591	-0.203	127.738228	37.885872
1595920768957	1595920768966	-15.811	-3.631	0.560	2.053	-0.429	-0.685	127.738228	37.885872
1595920768996	1595920768980	-17.340	-3.176	0.991	2.088	-0.339	-1.121	127.738228	37.885872
1595920768996	1595920768982	-16.365	-2.907	1.442	1.965	-0.543	-1.524	127.738228	37.885872
1595920769010	1595920769000	-13.809	-2.218	1.195	1.850	-0.661	-1.860	127.738228	37.885872
1595920769012	1595920769010	-11.591	-1.861	0.977	1.570	-0.673	-2.078	127.738228	37.885872
1595920769033	1595920769032	-9.507	-1.935	0.742	1.055	-0.695	-2.278	127.738228	37.885872
1595920769048	1595920769047	-7.885	-1.813	0.407	0.701	-0.631	-2.452	127.738228	37.885872
1595920769067	1595920769065	-7.178	-1.494	0.297	0.682	-0.456	-2.488	127.738228	37.885872
1595920769086	1595920769085	-6.766	-1.302	0.421	0.780	-0.346	-2.390	127.738228	37.885872
1595920769107	1595920769105	-6.136	-1.281	0.687	0.866	-0.338	-2.225	127.738228	37.885872
1595920769126	1595920769124	-5.588	-1.219	0.900	0.989	-0.347	-2.052	127.738228	37.885872
1595920769146	1595920769144	-5.262	-0.864	0.802	1.128	-0.335	-1.885	127.738228	37.885872
1595920769166	1595920769164	-5.336	-0.289	0.809	1.119	-0.325	-1.694	127.738228	37.885872
1595920769185	1595920769184	-6.301	0.029	1.145	0.969	-0.294	-1.449	127.738228	37.885872
1595920769210	1595920769204	-7.844	0.219	1.533	0.793	-0.281	-1.180	127.738228	37.885872
1595920769225	1595920769223	-8.486	0.691	1.590	0.651	-0.393	-0.905	127.738228	37.885872
1595920769250	1595920769249	-7.981	1.254	1.645	0.473	-0.530	-0.642	127.738228	37.885872
1595920769267	1595920769266	-7.535	1.443	1.998	0.177	-0.557	-0.407	127.738228	37.885872
1595920769285	1595920769283	-7.593	1.333	2.489	-0.096	-0.466	-0.177	127.738228	37.885872
1595920769305	1595920769303	-7.959	1.064	2.697	-0.297	-0.389	0.051	127.738228	37.885872
1595920769324	1595920769323	-10.446	0.293	2.122	-0.519	-0.149	0.414	127.738228	37.885872
1595920769345	1595920769343	-13.696	-0.133	1.401	-0.762	0.205	0.936	127.738228	37.885872
1595920769364	1595920769363	-14.714	-0.198	1.815	-1.008	0.299	1.550	127.738228	37.885872
1595920769384	1595920769382	-14.693	-1.465	2.771	-1.103	0.274	2.238	127.738228	37.885872
1595920769406	1595920769404	-15.263	-2.328	2.834	-0.862	0.458	2.773	127.738228	37.885872
1595920769425	1595920769422	-15.771	-1.865	2.685	-0.728	0.649	3.053	127.738228	37.885872
1595920769451	1595920769448	-15.364	-1.839	2.867	-1.161	0.738	3.085	127.738228	37.885872
1595920769463	1595920769462	-13.622	-2.337	3.123	-1.761	0.750	2.950	127.738228	37.885872
1595920769486	1595920769485	-11.617	-2.658	3.032	-1.956	0.739	2.716	127.738228	37.885872
1595920769504	1595920769501	-9.892	-3.154	2.874	-1.860	0.782	2.432	127.738228	37.885872
1595920769524	1595920769522	-9.001	-2.915	3.353	-2.344	0.704	1.977	127.738228	37.885872
1595920769543	1595920769541	-7.957	-6.079	1.478	-1.461	0.236	1.989	127.738228	37.885872
1595920769563	1595920769561	-6.507	-2.989	1.629	0.137	0.559	1.792	127.738228	37.885872
1595920769583	1595920769583	-7.042	-0.979	2.194	0.191	0.705	1.660	127.738228	37.885872
1595920769604	1595920769601	-6.515	-2.603	1.938	-0.491	0.447	1.531	127.738228	37.885872
1595920769623	1595920769623	-5.743	-3.537	1.947	-0.608	0.353	1.589	127.738228	37.885872
1595920769644	1595920769642	-5.358	-3.063	2.139	-0.496	0.386	1.634	127.738228	37.885872
1595920769664	1595920769661	-5.913	-2.886	1.806	-0.672	0.430	1.608	127.738228	37.885872
1595920769683	1595920769681	-7.928	-3.296	2.237	-0.835	0.510	1.668	127.738228	37.885872
1595920769704	1595920769702	-9.842	-4.165	3.025	-0.681	0.481	1.803	127.738228	37.885872
1595920769723	1595920769720	-10.522	-4.663	3.358	-0.271	0.387	1.927	127.738228	37.885872
1595920769748	1595920769748	-10.026	-4.618	3.502	0.041	0.222	1.933	127.738228	37.885872
1595920769762	1595920769763	-9.578	-4.635	3.349	0.108	0.106	1.780	127.738228	37.885872
1595920769781	1595920769780	-10.508	-4.809	3.334	0.041	0.094	1.449	127.738243	37.885857
1595920769802	1595920769800	-13.021	-4.872	3.325	-0.112	0.120	0.922	127.738243	37.885857
1595920769839	1595920769828	-14.757	-4.833	3.777	-0.221	0.037	0.242	127.738243	37.885857
1595920769855	1595920769852	-14.882	-4.539	3.729	-0.196	-0.301	-0.535	127.738243	37.885857
1595920769866	1595920769862	-15.615	-4.584	3.219	0.162	-0.482	-1.259	127.738243	37.885857
1595920769881	1595920769879	-16.305	-3.942	2.144	0.586	-0.612	-2.011	127.738243	37.885857
1595920769906	1595920769903	-17.098	-3.063	1.142	0.818	-0.690	-2.809	127.738243	37.885857
1595920769922	1595920769920	-17.761	-2.311	0.342	0.885	-0.732	-3.513	127.738243	37.885857
1595920769944	1595920769941	-16.928	-1.703	0.062	0.920	-0.787	-3.928	127.738243	37.885857
1595920769962	1595920769960	-14.422	-1.317	-0.027	0.933	-0.778	-4.023	127.738243	37.885857
1595920769986	1595920769982	-12.252	-1.305	0.251	1.041	-0.618	-3.847	127.738243	37.885857
1595920770003	1595920770001	-10.915	-1.770	0.591	1.243	-0.432	-3.564	127.738243	37.885857
1595920770025	1595920770020	-9.732	-2.119	0.611	1.416	-0.320	-3.304	127.738243	37.885857
1595920770042	1595920770040	-8.419	-2.014	0.220	1.463	-0.278	-3.093	127.738243	37.885857
1595920770065	1595920770060	-7.322	-1.693	-0.168	1.437	-0.232	-2.921	127.738243	37.885857
1595920770084	1595920770079	-7.113	-1.391	-0.204	1.530	-0.139	-2.757	127.738243	37.885857
1595920770102	1595920770099	-7.312	-1.226	-0.144	1.695	-0.076	-2.612	127.738243	37.885857
1595920770121	1595920770119	-7.063	-1.154	0.031	1.830	-0.126	-2.487	127.738243	37.885857
1595920770141	1595920770139	-6.673	-0.823	0.208	1.988	-0.218	-2.344	127.738243	37.885857
1595920770162	1595920770159	-7.149	-0.603	0.496	2.182	-0.252	-2.130	127.738243	37.885857
1595920770181	1595920770179	-8.560	-0.622	0.994	2.342	-0.280	-1.919	127.738243	37.885857
1595920770201	1595920770200	-9.581	0.223	1.267	2.378	-0.437	-1.704	127.738243	37.885857
1595920770224	1595920770224	-10.194	1.675	1.269	2.177	-0.575	-1.373	127.738243	37.885857
1595920770243	1595920770238	-10.443	2.480	1.442	1.555	-0.684	-1.020	127.738243	37.885857
1595920770261	1595920770258	-9.715	2.569	1.600	0.733	-0.785	-0.694	127.738243	37.885857
1595920770281	1595920770281	-9.116	2.439	1.562	0.098	-0.761	-0.386	127.738243	37.885857
1595920770301	1595920770298	-11.356	1.948	1.459	-0.466	-0.409	-0.006	127.738243	37.885857
1595920770320	1595920770317	-13.174	1.299	1.315	-1.155	-0.115	0.506	127.738243	37.885857
1595920770339	1595920770337	-11.842	0.841	1.142	-1.845	-0.088	0.987	127.738243	37.885857
1595920770365	1595920770360	-13.512	-0.419	1.772	-2.204	0.420	1.561	127.738243	37.885857
1595920770379	1595920770376	-16.279	-2.038	3.626	-1.849	0.807	2.307	127.738243	37.885857
1595920770404	1595920770402	-15.100	-1.674	4.264	-1.262	0.628	2.927	127.738243	37.885857
1595920770420	1595920770417	-14.518	-1.288	3.629	-1.131	0.766	3.250	127.738243	37.885857
1595920770441	1595920770440	-14.436	-1.585	3.068	-1.456	0.860	3.454	127.738243	37.885857
1595920770465	1595920770456	-12.496	-1.688	2.711	-1.866	0.638	3.533	127.738243	37.885857
1595920770484	1595920770484	-10.925	-1.865	2.472	-2.153	0.557	3.475	127.738243	37.885857
1595920770500	1595920770500	-10.161	-2.191	2.275	-2.309	0.540	3.392	127.738243	37.885857
1595920770520	1595920770515	-9.483	-2.280	2.160	-2.510	0.464	3.275	127.738243	37.885857
1595920770538	1595920770535	-8.857	-3.169	1.777	-2.632	0.255	3.189	127.738243	37.885857
1595920770558	1595920770554	-8.460	-3.296	1.540	-2.363	0.221	3.176	127.738243	37.885857
1595920770578	1595920770576	-8.110	-3.039	1.619	-2.286	0.179	3.083	127.738243	37.885857
1595920770600	1595920770594	-7.521	-3.842	1.614	-2.471	0.018	2.989	127.738243	37.885857
1595920770617	1595920770616	-7.485	-4.723	1.471	-2.399	-0.056	2.878	127.738243	37.885857
1595920770637	1595920770636	-8.040	-4.817	1.341	-2.020	-0.076	2.721	127.738243	37.885857
1595920770661	1595920770656	-8.632	-5.260	2.024	-1.505	-0.164	2.547	127.738243	37.885857
1595920770681	1595920770673	-9.437	-6.472	2.632	-0.854	-0.264	2.408	127.738243	37.885857
1595920770700	1595920770700	-10.302	-6.798	2.189	-0.158	-0.253	2.301	127.738243	37.885857
1595920770715	1595920770713	-10.093	-7.401	1.782	0.583	-0.280	2.219	127.738243	37.885857
1595920770735	1595920770733	-9.542	-7.641	2.671	1.330	-0.310	2.006	127.738243	37.885857
1595920770770	1595920770770	-9.880	-6.462	3.866	1.546	-0.121	1.536	127.738243	37.885857
1595920770775	1595920770774	-11.686	-5.574	3.775	1.014	0.060	0.899	127.738243	37.885857
1595920770799	1595920770799	-14.956	-5.394	3.442	0.385	0.169	0.177	127.738258	37.885838
1595920770831	1595920770831	-15.601	-5.327	3.413	0.046	-0.099	-0.619	127.738258	37.885838
1595920770840	1595920770840	-14.750	-5.586	2.462	0.095	-0.344	-1.456	127.738258	37.885838
1595920770861	1595920770857	-16.173	-5.387	1.377	0.579	-0.162	-2.246	127.738258	37.885838
1595920770873	1595920770872	-17.797	-4.484	0.428	1.203	-0.070	-2.966	127.738258	37.885838
1595920770904	1595920770892	-18.741	-3.569	-0.146	1.859	-0.049	-3.603	127.738258	37.885838
1595920770914	1595920770911	-18.578	-2.488	-0.252	2.395	-0.071	-4.042	127.738258	37.885838
1595920770934	1595920770932	-16.707	-1.679	-0.072	2.573	-0.221	-4.266	127.738258	37.885838
1595920770954	1595920770951	-14.592	-1.537	0.026	2.510	-0.301	-4.325	127.738258	37.885838
1595920770973	1595920770971	-12.863	-1.619	-0.079	2.390	-0.320	-4.272	127.738258	37.885838
1595920770993	1595920770992	-11.114	-1.638	-0.266	2.206	-0.371	-4.164	127.738258	37.885838
1595920771014	1595920771013	-9.739	-1.609	-0.453	1.999	-0.371	-4.043	127.738258	37.885838
1595920771033	1595920771032	-9.123	-1.475	-0.547	1.869	-0.323	-3.906	127.738258	37.885838
1595920771055	1595920771055	-9.303	-1.271	-0.424	1.864	-0.261	-3.765	127.738258	37.885838
1595920771073	1595920771071	-9.557	-0.974	-0.072	1.946	-0.304	-3.607	127.738258	37.885838
1595920771092	1595920771090	-9.135	-0.335	0.177	2.065	-0.487	-3.434	127.738258	37.885838
1595920771112	1595920771110	-8.613	0.408	0.266	2.205	-0.667	-3.166	127.738258	37.885838
1595920771132	1595920771130	-9.253	1.007	0.337	2.239	-0.761	-2.818	127.738258	37.885838
1595920771152	1595920771150	-10.163	1.596	0.405	2.015	-0.896	-2.412	127.738258	37.885838
1595920771172	1595920771170	-10.932	2.056	0.309	1.586	-1.009	-1.965	127.738258	37.885838
1595920771192	1595920771191	-10.807	2.614	0.131	0.961	-1.105	-1.546	127.738258	37.885838
1595920771211	1595920771211	-9.619	3.031	0.088	0.247	-1.185	-1.147	127.738258	37.885838
1595920771231	1595920771231	-8.944	2.715	0.381	-0.335	-1.073	-0.783	127.738258	37.885838
1595920771255	1595920771249	-10.570	2.032	0.325	-0.743	-0.711	-0.383	127.738258	37.885838
1595920771271	1595920771269	-12.640	1.179	0.153	-1.132	-0.256	0.145	127.738258	37.885838
1595920771300	1595920771300	-10.218	0.350	0.510	-1.500	-0.279	0.666	127.738258	37.885838
1595920771311	1595920771309	-9.950	-0.354	0.723	-1.860	0.240	1.210	127.738258	37.885838
1595920771331	1595920771329	-13.785	-1.384	2.127	-2.123	1.095	2.002	127.738258	37.885838
1595920771351	1595920771349	-14.099	-2.620	3.648	-1.939	1.072	2.772	127.738258	37.885838
1595920771370	1595920771368	-13.303	-2.972	4.017	-1.237	1.116	3.374	127.738258	37.885838
1595920771392	1595920771391	-14.120	-2.673	3.904	-0.548	1.367	3.789	127.738258	37.885838
1595920771411	1595920771409	-13.244	-2.249	3.099	-0.436	1.229	3.983	127.738258	37.885838
1595920771431	1595920771430	-11.713	-2.107	1.942	-0.787	1.075	4.034	127.738258	37.885838
1595920771455	1595920771453	-10.946	-2.606	1.478	-1.115	1.031	4.058	127.738258	37.885838
1595920771470	1595920771470	-10.254	-3.250	1.753	-1.146	0.943	4.041	127.738258	37.885838
1595920771490	1595920771488	-9.368	-3.631	2.244	-0.933	0.849	3.951	127.738258	37.885838
1595920771511	1595920771508	-8.809	-4.045	2.776	-0.527	0.797	3.833	127.738258	37.885838
1595920771533	1595920771531	-8.860	-4.237	3.150	0.007	0.805	3.730	127.738258	37.885838
1595920771550	1595920771547	-9.078	-4.129	3.224	0.428	0.775	3.595	127.738258	37.885838
1595920771570	1595920771568	-9.636	-4.127	3.363	0.516	0.702	3.390	127.738258	37.885838
1595920771589	1595920771587	-10.192	-4.465	3.526	0.284	0.584	3.135	127.738258	37.885838
1595920771609	1595920771607	-10.041	-4.778	3.938	-0.135	0.403	2.792	127.738258	37.885838
1595920771628	1595920771629	-10.058	-5.303	4.127	-0.581	0.284	2.366	127.738258	37.885838
1595920771649	1595920771649	-10.343	-5.710	3.837	-0.879	0.189	1.866	127.738258	37.885838
1595920771668	1595920771668	-10.613	-6.055	3.770	-0.920	0.100	1.316	127.738258	37.885838
1595920771689	1595920771687	-9.820	-6.228	3.720	-0.761	-0.003	0.757	127.738258	37.885838
1595920771708	1595920771706	-8.927	-5.554	3.468	-0.454	-0.050	0.186	127.738258	37.885838
1595920771728	1595920771726	-10.505	-5.130	3.138	-0.109	0.083	-0.314	127.738258	37.885838
1595920771758	1595920771758	-14.080	-5.454	2.879	0.224	0.210	-0.842	127.738258	37.885838
1595920771781	1595920771781	-14.302	-5.001	2.766	0.732	-0.031	-1.464	127.738274	37.885815
1595920771792	1595920771791	-14.293	-4.261	1.662	1.386	-0.230	-2.004	127.738274	37.885815
1595920771813	1595920771806	-17.773	-3.698	1.094	2.035	-0.010	-2.409	127.738274	37.885815
1595920771827	1595920771825	-19.060	-2.232	0.474	2.308	-0.255	-2.787	127.738274	37.885815
1595920771846	1595920771844	-17.649	-1.111	-0.178	2.178	-0.601	-3.202	127.738274	37.885815
1595920771866	1595920771864	-16.377	-1.111	-0.458	1.915	-0.694	-3.494	127.738274	37.885815
1595920771887	1595920771884	-15.364	-1.355	-0.338	1.689	-0.699	-3.648	127.738274	37.885815
1595920771908	1595920771904	-13.833	-1.353	0.095	1.545	-0.753	-3.690	127.738274	37.885815
1595920771929	1595920771928	-12.439	-1.247	0.182	1.392	-0.762	-3.672	127.738274	37.885815
1595920771949	1595920771945	-10.549	-1.077	-0.185	1.187	-0.829	-3.591	127.738274	37.885815
1595920771966	1595920771963	-8.421	-0.735	-0.331	1.031	-0.883	-3.461	127.738274	37.885815
1595920771989	1595920771986	-6.979	-0.593	-0.410	0.901	-0.822	-3.312	127.738274	37.885815
1595920772006	1595920772003	-6.428	-0.759	-0.460	0.794	-0.700	-3.168	127.738274	37.885815
1595920772025	1595920772025	-6.795	-0.639	-0.223	0.771	-0.559	-3.021	127.738274	37.885815
1595920772045	1595920772045	-7.188	-0.167	0.146	0.874	-0.532	-2.792	127.738274	37.885815
1595920772066	1595920772066	-7.595	0.269	0.328	1.019	-0.580	-2.501	127.738274	37.885815
1595920772088	1595920772083	-8.972	0.358	0.467	1.076	-0.562	-2.185	127.738274	37.885815
1595920772110	1595920772103	-10.407	0.944	0.294	1.007	-0.615	-1.832	127.738274	37.885815
1595920772126	1595920772126	-10.592	1.977	0.072	0.713	-0.748	-1.435	127.738274	37.885815
1595920772146	1595920772145	-9.645	2.401	0.004	0.137	-0.835	-1.053	127.738274	37.885815
1595920772164	1595920772162	-8.999	1.802	0.306	-0.393	-0.716	-0.650	127.738274	37.885815
1595920772185	1595920772182	-8.836	1.021	1.097	-0.574	-0.503	-0.222	127.738274	37.885815
1595920772205	1595920772202	-8.795	0.695	1.835	-0.536	-0.347	0.176	127.738274	37.885815
1595920772224	1595920772223	-10.625	0.724	1.521	-0.716	-0.006	0.561	127.738274	37.885815
1595920772245	1595920772243	-12.475	0.628	0.977	-1.328	0.295	1.013	127.738274	37.885815
1595920772263	1595920772263	-13.756	-0.486	0.697	-1.970	0.486	1.530	127.738274	37.885815
1595920772288	1595920772282	-15.198	-2.222	1.269	-2.018	0.762	2.163	127.738274	37.885815
1595920772304	1595920772301	-15.078	-2.687	2.319	-1.578	0.852	2.729	127.738274	37.885815
1595920772323	1595920772321	-15.246	-2.541	3.912	-1.161	0.982	3.166	127.738274	37.885815
1595920772348	1595920772345	-15.287	-2.788	3.938	-0.854	0.979	3.493	127.738274	37.885815
1595920772367	1595920772364	-13.620	-2.862	3.420	-0.540	0.740	3.666	127.738274	37.885815
1595920772383	1595920772381	-11.320	-2.972	2.865	-0.292	0.510	3.671	127.738274	37.885815
1595920772408	1595920772404	-9.327	-3.506	2.687	-0.147	0.376	3.600	127.738274	37.885815
1595920772422	1595920772421	-8.048	-2.457	3.904	-0.655	0.292	3.284	127.738274	37.885815
1595920772446	1595920772444	-7.911	-5.250	2.484	-0.865	-0.010	3.162	127.738274	37.885815
1595920772462	1595920772462	-6.876	-3.715	1.971	-0.141	0.039	2.907	127.738274	37.885815
1595920772487	1595920772485	-7.312	-1.504	2.386	-0.229	0.133	2.718	127.738274	37.885815
1595920772506	1595920772501	-7.827	-2.546	1.904	-1.062	0.007	2.493	127.738274	37.885815
1595920772529	1595920772529	-8.323	-3.890	2.201	-1.368	-0.056	2.341	127.738274	37.885815
1595920772547	1595920772545	-8.278	-3.777	2.647	-1.335	-0.127	2.226	127.738274	37.885815
1595920772562	1595920772560	-8.678	-3.954	2.618	-1.495	-0.134	2.068	127.738274	37.885815
1595920772583	1595920772580	-10.079	-4.675	2.201	-1.670	-0.090	1.890	127.738274	37.885815
1595920772603	1595920772601	-11.066	-5.229	1.871	-1.613	-0.118	1.646	127.738274	37.885815
1595920772622	1595920772622	-10.704	-5.248	1.600	-1.482	-0.182	1.312	127.738274	37.885815
1595920772642	1595920772642	-10.520	-5.399	1.360	-1.310	-0.182	0.891	127.738274	37.885815
1595920772663	1595920772663	-13.909	-6.091	1.226	-0.910	0.139	0.456	127.738274	37.885815
1595920772682	1595920772680	-16.973	-6.307	2.338	-0.269	0.316	-0.059	127.738274	37.885815
1595920772703	1595920772700	-13.715	-5.504	2.798	0.500	-0.142	-0.636	127.738274	37.885815
1595920772727	1595920772726	-12.508	-4.589	1.367	1.344	-0.030	-1.240	127.738274	37.885815
1595920772747	1595920772745	-15.996	-4.352	0.613	1.983	0.367	-1.819	127.738274	37.885815
1595920772762	1595920772759	-16.686	-3.842	0.347	2.288	0.161	-2.333	127.738274	37.885815
1595920772781	1595920772778	-16.221	-2.884	0.153	2.510	0.047	-2.889	127.738289	37.885792
1595920772805	1595920772804	-16.264	-2.055	0.026	2.532	0.066	-3.347	127.738289	37.885792
1595920772820	1595920772819	-14.595	-1.595	0.098	2.320	-0.076	-3.655	127.738289	37.885792
1595920772840	1595920772839	-12.419	-1.516	0.225	2.056	-0.130	-3.882	127.738289	37.885792
1595920772863	1595920772859	-11.030	-1.485	0.254	1.855	-0.098	-4.028	127.738289	37.885792
1595920772883	1595920772878	-9.863	-1.391	0.153	1.694	-0.097	-4.044	127.738289	37.885792
1595920772904	1595920772903	-8.848	-1.408	0.107	1.504	-0.077	-3.991	127.738289	37.885792
1595920772928	1595920772920	-8.333	-1.537	0.232	1.396	-0.022	-3.898	127.738289	37.885792
1595920772945	1595920772945	-8.184	-1.331	0.388	1.489	0.007	-3.758	127.738289	37.885792
1595920772960	1595920772958	-7.887	-0.622	0.488	1.735	-0.050	-3.540	127.738289	37.885792
1595920772982	1595920772979	-7.648	0.245	0.759	2.034	-0.169	-3.245	127.738289	37.885792
1595920773000	1595920772997	-8.481	0.818	1.039	2.358	-0.264	-2.850	127.738289	37.885792
1595920773019	1595920773017	-9.535	1.819	0.982	2.469	-0.405	-2.410	127.738289	37.885792
1595920773040	1595920773038	-9.075	3.122	0.603	2.007	-0.695	-1.945	127.738289	37.885792
1595920773059	1595920773057	-8.687	3.635	0.421	1.019	-0.800	-1.399	127.738289	37.885792
1595920773081	1595920773076	-8.984	3.184	0.881	0.002	-0.742	-0.793	127.738289	37.885792
1595920773101	1595920773100	-8.766	2.379	1.566	-0.694	-0.745	-0.238	127.738289	37.885792
1595920773119	1595920773115	-8.338	1.476	2.122	-1.048	-0.735	0.228	127.738289	37.885792
1595920773144	1595920773144	-9.334	0.738	2.021	-1.234	-0.632	0.614	127.738289	37.885792
1595920773158	1595920773155	-11.653	0.715	0.714	-1.601	-0.380	1.033	127.738289	37.885792
1595920773178	1595920773175	-12.875	0.556	-0.000	-2.358	-0.267	1.535	127.738289	37.885792
1595920773198	1595920773194	-15.443	-0.914	0.613	-3.080	-0.039	2.167	127.738289	37.885792
1595920773217	1595920773214	-17.915	-2.014	1.964	-3.255	0.092	2.924	127.738289	37.885792
1595920773237	1595920773236	-17.627	-2.503	3.109	-3.078	-0.119	3.588	127.738289	37.885792
1595920773257	1595920773256	-16.310	-2.836	2.632	-2.882	-0.212	4.049	127.738289	37.885792
1595920773277	1595920773275	-14.980	-2.831	1.581	-2.815	-0.239	4.323	127.738289	37.885792
1595920773300	1595920773295	-13.335	-3.413	1.523	-2.792	-0.312	4.422	127.738289	37.885792
1595920773316	1595920773314	-11.286	-4.352	2.136	-2.463	-0.408	4.330	127.738289	37.885792
1595920773339	1595920773336	-9.444	-5.001	2.594	-1.620	-0.458	4.117	127.738289	37.885792
1595920773358	1595920773355	-8.237	-4.733	2.192	-0.575	-0.428	3.779	127.738289	37.885792
1595920773376	1595920773373	-7.504	-3.837	1.286	0.165	-0.377	3.346	127.738289	37.885792
1595920773398	1595920773393	-6.919	-3.080	0.697	0.360	-0.345	2.928	127.738289	37.885792
1595920773414	1595920773413	-6.814	-2.934	0.675	0.188	-0.306	2.546	127.738289	37.885792
1595920773437	1595920773432	-7.279	-3.291	1.018	0.057	-0.253	2.212	127.738289	37.885792
1595920773455	1595920773454	-8.299	-3.818	1.303	0.196	-0.204	1.984	127.738289	37.885792
1595920773476	1595920773474	-9.610	-4.033	1.401	0.340	-0.140	1.839	127.738289	37.885792
1595920773497	1595920773497	-10.735	-4.237	1.396	0.208	-0.123	1.748	127.738289	37.885792
1595920773514	1595920773514	-10.985	-4.709	1.600	-0.071	-0.141	1.684	127.738289	37.885792
1595920773536	1595920773534	-10.153	-5.413	1.736	-0.153	-0.181	1.557	127.738289	37.885792
1595920773554	1595920773552	-9.847	-5.564	1.801	0.188	-0.041	1.316	127.738289	37.885792
1595920773574	1595920773572	-11.212	-5.274	1.866	0.669	0.174	0.964	127.738289	37.885792
1595920773594	1595920773592	-13.701	-4.860	2.390	0.934	0.325	0.502	127.738289	37.885792
1595920773612	1595920773610	-13.866	-4.445	3.492	0.835	0.214	-0.040	127.738289	37.885792
1595920773632	1595920773631	-11.322	-4.306	3.169	0.493	-0.131	-0.646	127.738289	37.885792
1595920773655	1595920773651	-13.275	-4.723	1.849	0.494	0.070	-1.230	127.738289	37.885792
1595920773673	1595920773673	-17.175	-5.006	1.253	0.846	0.215	-1.732	127.738289	37.885792
1595920773705	1595920773703	-17.673	-4.385	1.013	1.345	-0.012	-2.342	127.738289	37.885792
1595920773711	1595920773710	-16.988	-3.164	0.548	1.898	-0.122	-3.035	127.738289	37.885792
1595920773731	1595920773730	-17.155	-2.179	0.357	2.289	-0.078	-3.621	127.738289	37.885792
1595920773752	1595920773750	-16.022	-1.564	0.476	2.366	-0.213	-4.019	127.738289	37.885792
1595920773772	1595920773771	-13.608	-1.353	0.531	2.215	-0.378	-4.263	127.738289	37.885792
1595920773792	1595920773790	-11.653	-1.257	0.443	2.025	-0.438	-4.359	127.738289	37.885792
1595920773811	1595920773809	-10.388	-1.233	0.455	1.810	-0.466	-4.358	127.738289	37.885792
1595920773836	1595920773830	-9.634	-1.389	0.503	1.540	-0.475	-4.325	127.738289	37.885777
1595920773856	1595920773849	-9.056	-1.444	0.333	1.342	-0.481	-4.260	127.738289	37.885777
1595920773871	1595920773869	-8.587	-1.159	0.189	1.307	-0.486	-4.159	127.738289	37.885777
1595920773891	1595920773889	-8.445	-0.546	0.335	1.406	-0.522	-3.977	127.738289	37.885777
1595920773910	1595920773908	-8.824	0.034	0.476	1.611	-0.578	-3.703	127.738289	37.885777
1595920773931	1595920773929	-9.157	0.552	0.553	1.830	-0.712	-3.369	127.738289	37.885777
1595920773951	1595920773949	-9.085	1.064	0.503	1.884	-0.889	-2.985	127.738289	37.885777
1595920773973	1595920773971	-8.994	1.551	0.321	1.678	-1.006	-2.566	127.738289	37.885777
1595920773991	1595920773989	-9.586	1.864	0.069	1.304	-0.982	-2.041	127.738289	37.885777
1595920774010	1595920774008	-10.400	2.030	-0.041	0.733	-0.894	-1.488	127.738289	37.885777
1595920774035	1595920774034	-10.074	2.449	-0.146	0.027	-0.861	-0.933	127.738289	37.885777
1595920774050	1595920774048	-8.980	2.573	0.371	-0.545	-0.808	-0.389	127.738289	37.885777
1595920774071	1595920774069	-8.704	1.936	0.934	-0.866	-0.703	0.120	127.738289	37.885777
1595920774089	1595920774089	-9.832	1.318	0.359	-1.088	-0.437	0.733	127.738289	37.885777
1595920774113	1595920774112	-10.132	1.117	-0.180	-1.491	-0.176	1.417	127.738289	37.885777
1595920774132	1595920774128	-11.064	0.482	-0.003	-1.966	0.226	2.169	127.738289	37.885777
1595920774154	1595920774148	-13.639	-0.270	1.123	-2.194	0.815	3.100	127.738289	37.885777
1595920774171	1595920774167	-15.090	-0.799	2.086	-2.394	1.051	4.043	127.738289	37.885777
1595920774192	1595920774188	-16.547	-1.949	2.939	-2.575	1.195	4.895	127.738289	37.885777
1595920774209	1595920774207	-18.880	-3.439	4.252	-2.297	1.277	5.711	127.738289	37.885777
1595920774229	1595920774227	-18.962	-3.935	4.635	-1.636	0.987	6.239	127.738289	37.885777
1595920774249	1595920774247	-17.359	-4.661	4.345	-1.349	0.636	6.229	127.738289	37.885777
1595920774269	1595920774268	-15.761	-5.130	4.985	-2.256	0.352	5.516	127.738289	37.885777
1595920774288	1595920774288	-13.737	-6.489	2.999	-3.894	-0.430	4.649	127.738289	37.885777
1595920774308	1595920774308	-10.022	-6.965	1.114	-3.834	-0.975	4.094	127.738289	37.885777
1595920774328	1595920774326	-6.733	-7.028	1.197	-2.825	-1.106	3.348	127.738289	37.885777
1595920774349	1595920774346	-6.548	-5.478	1.435	-2.127	-0.841	2.724	127.738289	37.885777
1595920774368	1595920774366	-7.118	-4.249	1.118	-1.905	-0.675	2.083	127.738289	37.885777
1595920774389	1595920774386	-7.458	-3.715	0.917	-2.038	-0.602	1.544	127.738289	37.885777
1595920774408	1595920774406	-7.475	-3.878	0.917	-2.115	-0.525	1.056	127.738289	37.885777
1595920774428	1595920774425	-8.029	-4.932	0.766	-1.800	-0.419	0.766	127.738289	37.885777
1595920774448	1595920774445	-9.195	-5.454	0.122	-1.218	-0.334	0.623	127.738289	37.885777
1595920774467	1595920774465	-9.626	-5.394	-0.331	-0.747	-0.312	0.543	127.738289	37.885777
1595920774488	1595920774488	-9.377	-5.578	-0.432	-0.541	-0.266	0.441	127.738289	37.885777
1595920774507	1595920774506	-9.392	-5.854	-0.190	-0.237	-0.124	0.324	127.738289	37.885777
1595920774529	1595920774527	-10.252	-5.334	0.081	0.187	0.051	0.178	127.738289	37.885777
1595920774551	1595920774545	-12.597	-5.329	0.541	0.569	0.285	-0.036	127.738289	37.885777
1595920774574	1595920774572	-13.785	-6.062	1.346	0.999	0.318	-0.339	127.738289	37.885777
1595920774591	1595920774590	-14.326	-5.744	0.567	1.520	0.304	-0.786	127.738289	37.885777
1595920774607	1595920774604	-16.698	-4.845	-0.326	2.076	0.635	-1.318	127.738289	37.885777
1595920774626	1595920774624	-17.464	-4.529	-0.628	2.589	0.719	-1.962	127.738289	37.885777
1595920774656	1595920774654	-16.679	-3.485	-1.114	3.224	0.704	-2.685	127.738289	37.885777
1595920774670	1595920774671	-16.293	-1.964	-1.040	3.793	0.753	-3.265	127.738289	37.885777
1595920774686	1595920774686	-15.455	-1.386	-0.405	3.918	0.658	-3.625	127.738289	37.885777
1595920774706	1595920774706	-13.792	-1.638	-0.000	3.844	0.416	-3.833	127.738289	37.885777
1595920774730	1595920774730	-12.295	-1.614	0.220	3.765	0.198	-3.935	127.738289	37.885777
1595920774747	1595920774745	-10.963	-1.485	0.366	3.446	-0.003	-3.969	127.738289	37.885777
1595920774775	1595920774775	-9.995	-1.468	0.376	2.916	-0.174	-3.965	127.738289	37.885777
1595920774784	1595920774782	-9.713	-1.199	0.450	2.467	-0.276	-3.946	127.738289	37.885777
1595920774820	1595920774803	-9.571	-0.344	0.534	2.233	-0.397	-3.877	127.738297	37.885757
1595920774836	1595920774833	-9.037	0.786	0.500	2.137	-0.587	-3.699	127.738297	37.885757
1595920774845	1595920774842	-8.323	1.555	0.395	1.966	-0.760	-3.421	127.738297	37.885757
1595920774866	1595920774864	-8.512	1.716	0.445	1.604	-0.819	-3.098	127.738297	37.885757
1595920774883	1595920774881	-9.880	2.001	0.582	1.147	-0.790	-2.686	127.738297	37.885757
1595920774907	1595920774904	-10.702	2.657	0.651	0.778	-0.854	-2.153	127.738297	37.885757
1595920774924	1595920774923	-9.667	3.184	0.531	0.404	-1.037	-1.623	127.738297	37.885757
1595920774950	1595920774944	-8.879	2.971	0.613	0.017	-1.019	-1.112	127.738297	37.885757
1595920774964	1595920774961	-9.200	2.559	1.262	-0.217	-0.835	-0.558	127.738297	37.885757
1595920774983	1595920774982	-9.634	2.281	1.930	-0.320	-0.745	-0.006	127.738297	37.885757
1595920775004	1595920775001	-11.418	1.922	1.241	-0.616	-0.504	0.520	127.738297	37.885757
1595920775023	1595920775021	-12.324	1.639	0.330	-1.270	-0.263	1.068	127.738297	37.885757
1595920775043	1595920775041	-11.198	0.451	0.057	-1.965	-0.261	1.625	127.738297	37.885757
1595920775063	1595920775060	-13.766	-0.869	0.323	-2.315	0.325	2.250	127.738297	37.885757
1595920775084	1595920775082	-17.055	-1.415	1.516	-2.301	0.715	2.988	127.738297	37.885757
1595920775103	1595920775103	-16.748	-1.892	2.160	-2.183	0.545	3.608	127.738297	37.885757
1595920775124	1595920775123	-16.171	-2.397	2.251	-1.950	0.627	4.068	127.738297	37.885757
1595920775146	1595920775146	-15.816	-2.778	2.546	-1.587	0.706	4.405	127.738297	37.885757
1595920775164	1595920775162	-13.948	-2.982	2.628	-1.272	0.549	4.500	127.738297	37.885757
1595920775196	1595920775190	-11.809	-3.205	2.319	-0.980	0.427	4.344	127.738297	37.885757
1595920775204	1595920775202	-10.156	-3.497	2.050	-0.554	0.369	4.100	127.738297	37.885757
1595920775225	1595920775224	-8.721	-3.609	1.880	-0.084	0.303	3.816	127.738297	37.885757
1595920775244	1595920775241	-7.605	-3.434	1.739	0.230	0.278	3.530	127.738297	37.885757
1595920775263	1595920775261	-7.185	-3.274	1.724	0.307	0.295	3.272	127.738297	37.885757
1595920775283	1595920775283	-7.343	-3.329	1.736	0.199	0.313	3.027	127.738297	37.885757
1595920775303	1595920775302	-8.247	-3.595	1.818	0.103	0.330	2.797	127.738297	37.885757
1595920775323	1595920775323	-9.463	-3.954	2.120	0.059	0.326	2.578	127.738297	37.885757
1595920775346	1595920775346	-9.475	-3.367	2.117	-0.261	0.205	2.328	127.738297	37.885757
1595920775373	1595920775368	-9.341	-2.826	2.081	-0.929	0.105	2.127	127.738297	37.885757
1595920775407	1595920775386	-10.482	-3.854	2.053	-1.558	0.133	1.994	127.738297	37.885757
1595920775414	1595920775408	-11.052	-5.013	2.235	-1.881	0.091	1.780	127.738297	37.885757
1595920775422	1595920775421	-10.287	-5.475	2.148	-1.958	0.005	1.422	127.738297	37.885757
1595920775446	1595920775443	-9.516	-5.375	2.398	-1.930	0.022	0.929	127.738297	37.885757
1595920775462	1595920775460	-10.290	-5.387	2.582	-1.822	0.114	0.355	127.738297	37.885757
1595920775483	1595920775480	-13.200	-5.940	2.707	-1.354	0.296	-0.297	127.738297	37.885757
1595920775502	1595920775502	-13.126	-5.981	2.783	-0.557	0.170	-0.951	127.738297	37.885757
1595920775525	1595920775523	-13.126	-5.346	1.770	0.265	0.099	-1.609	127.738297	37.885757
1595920775542	1595920775543	-16.784	-5.178	1.142	1.111	0.412	-2.298	127.738297	37.885757
1595920775567	1595920775567	-19.525	-4.323	0.802	1.893	0.367	-3.065	127.738297	37.885757
1595920775581	1595920775580	-20.171	-2.627	0.388	2.449	0.142	-3.837	127.738297	37.885757
1595920775608	1595920775603	-19.697	-1.367	0.141	2.623	-0.063	-4.377	127.738297	37.885757
1595920775628	1595920775627	-17.898	-0.763	0.431	2.385	-0.248	-4.596	127.738297	37.885757
1595920775642	1595920775640	-15.040	-0.931	0.845	1.928	-0.400	-4.610	127.738297	37.885757
1595920775660	1595920775658	-12.247	-1.247	0.666	1.547	-0.464	-4.582	127.738297	37.885757
1595920775680	1595920775678	-9.787	-1.056	0.426	1.368	-0.503	-4.459	127.738297	37.885757
1595920775700	1595920775698	-8.002	-0.828	0.426	1.255	-0.459	-4.246	127.738297	37.885757
1595920775720	1595920775720	-7.121	-0.893	0.452	1.148	-0.371	-4.020	127.738297	37.885757
1595920775746	1595920775746	-7.274	-1.025	0.342	1.142	-0.239	-3.852	127.738297	37.885757
1595920775760	1595920775759	-7.128	-0.292	0.119	1.279	-0.233	-3.650	127.738297	37.885757
1595920775797	1595920775797	-6.404	0.882	-0.046	1.554	-0.337	-3.344	127.738312	37.885742
1595920775799	1595920775797	-6.936	1.486	0.141	1.709	-0.305	-2.977	127.738312	37.885742
1595920775818	1595920775817	-9.047	1.325	0.599	1.611	-0.246	-2.538	127.738312	37.885742
1595920775839	1595920775838	-10.565	1.194	0.860	1.406	-0.364	-2.057	127.738312	37.885742
1595920775862	1595920775859	-10.343	1.948	0.565	1.096	-0.596	-1.588	127.738312	37.885742
1595920775878	1595920775874	-9.636	2.545	0.385	0.574	-0.695	-1.054	127.738312	37.885742
1595920775900	1595920775896	-9.748	1.637	0.876	0.022	-0.606	-0.464	127.738312	37.885742
1595920775917	1595920775913	-10.611	0.933	1.566	-0.188	-0.513	0.062	127.738312	37.885742
1595920775938	1595920775934	-11.737	1.292	1.420	-0.216	-0.463	0.588	127.738312	37.885742
1595920775957	1595920775954	-12.788	1.979	0.498	-0.781	-0.291	1.101	127.738312	37.885742
1595920775976	1595920775974	-12.240	1.215	0.038	-1.849	-0.231	1.605	127.738312	37.885742
1595920775999	1595920775995	-13.646	-0.464	0.476	-2.625	0.121	2.187	127.738312	37.885742
1595920776016	1595920776013	-15.991	-1.164	1.815	-2.751	0.455	2.893	127.738312	37.885742
1595920776037	1595920776037	-15.862	-1.520	2.857	-2.731	0.389	3.508	127.738312	37.885742
1595920776057	1595920776054	-14.894	-2.340	3.008	-2.619	0.387	4.011	127.738312	37.885742
1595920776075	1595920776073	-14.681	-2.498	3.135	-2.231	0.525	4.471	127.738312	37.885742
1595920776096	1595920776093	-13.763	-2.416	3.361	-1.836	0.456	4.747	127.738312	37.885742
1595920776114	1595920776114	-12.465	-3.157	3.286	-1.450	0.299	4.812	127.738312	37.885742
1595920776136	1595920776136	-11.516	-3.674	2.860	-0.923	0.193	4.754	127.738312	37.885742
1595920776155	1595920776154	-10.795	-3.343	2.122	-0.475	0.075	4.590	127.738312	37.885742
1595920776175	1595920776175	-10.137	-2.785	1.430	-0.349	-0.080	4.369	127.738312	37.885742
1595920776198	1595920776198	-9.722	-2.778	1.200	-0.665	-0.180	4.052	127.738312	37.885742
1595920776216	1595920776216	-9.576	-3.559	1.183	-1.198	-0.278	3.682	127.738312	37.885742
1595920776236	1595920776236	-9.643	-4.570	1.329	-1.459	-0.362	3.303	127.738312	37.885742
1595920776257	1595920776252	-9.938	-5.140	1.367	-1.459	-0.354	2.918	127.738312	37.885742
1595920776273	1595920776271	-9.990	-5.171	1.435	-1.561	-0.329	2.474	127.738312	37.885742
1595920776295	1595920776292	-9.883	-5.540	1.746	-1.729	-0.309	2.043	127.738312	37.885742
1595920776314	1595920776311	-10.343	-6.029	1.964	-1.669	-0.238	1.607	127.738312	37.885742
1595920776334	1595920776334	-10.398	-5.883	1.763	-1.353	-0.165	1.213	127.738312	37.885742
1595920776356	1595920776355	-9.329	-5.392	1.502	-1.068	-0.161	0.822	127.738312	37.885742
1595920776376	1595920776376	-9.001	-5.605	1.583	-0.831	-0.058	0.453	127.738312	37.885742
1595920776398	1595920776392	-10.783	-6.046	1.353	-0.424	0.126	0.039	127.738312	37.885742
1595920776414	1595920776412	-13.339	-5.921	1.351	0.104	0.286	-0.414	127.738312	37.885742
1595920776435	1595920776435	-12.709	-5.332	1.303	0.501	0.123	-0.940	127.738312	37.885742
1595920776456	1595920776456	-13.414	-4.929	0.464	0.985	0.178	-1.539	127.738312	37.885742
1595920776474	1595920776471	-16.501	-4.570	0.177	1.660	0.451	-2.155	127.738312	37.885742
1595920776497	1595920776494	-18.114	-3.722	0.201	2.245	0.376	-2.876	127.738312	37.885742
1595920776512	1595920776510	-18.332	-2.558	0.031	2.656	0.269	-3.654	127.738312	37.885742
1595920776539	1595920776535	-18.135	-1.449	-0.156	2.814	0.199	-4.252	127.738312	37.885742
1595920776553	1595920776551	-16.906	-0.950	-0.022	2.602	0.086	-4.585	127.738312	37.885742
1595920776591	1595920776591	-15.172	-1.389	0.416	2.259	-0.036	-4.770	127.738312	37.885742
1595920776597	1595920776597	-13.562	-1.808	0.611	2.042	-0.096	-4.878	127.738312	37.885742
1595920776615	1595920776610	-11.821	-1.456	0.646	1.870	-0.174	-4.878	127.738312	37.885742
1595920776641	1595920776638	-10.362	-0.550	0.745	1.712	-0.223	-4.748	127.738312	37.885742
1595920776656	1595920776650	-9.638	0.439	0.838	1.728	-0.267	-4.470	127.738312	37.885742
1595920776672	1595920776669	-9.059	1.256	0.515	1.835	-0.317	-4.134	127.738312	37.885742
1595920776692	1595920776691	-8.306	2.068	0.184	1.786	-0.417	-3.698	127.738312	37.885742
1595920776711	1595920776709	-8.340	2.552	0.129	1.469	-0.425	-3.222	127.738312	37.885742
1595920776731	1595920776729	-8.939	3.220	0.213	1.100	-0.411	-2.683	127.738312	37.885742
1595920776756	1595920776756	-9.198	4.257	0.481	0.849	-0.485	-2.091	127.738319	37.885727
1595920776772	1595920776772	-9.066	4.777	0.654	0.612	-0.562	-1.486	127.738319	37.885727
1595920776797	1595920776797	-9.039	4.435	0.603	0.304	-0.588	-0.875	127.738319	37.885727
1595920776832	1595920776832	-9.049	3.601	0.651	-0.057	-0.561	-0.253	127.738319	37.885727
1595920776837	1595920776832	-8.881	3.050	1.003	-0.312	-0.526	0.354	127.738319	37.885727
1595920776854	1595920776846	-9.799	2.650	1.121	-0.540	-0.379	0.900	127.738319	37.885727
1595920776869	1595920776867	-12.235	1.716	0.426	-0.988	-0.049	1.493	127.738319	37.885727
1595920776890	1595920776887	-12.616	0.518	0.462	-1.433	0.060	2.154	127.738319	37.885727
1595920776909	1595920776906	-12.637	-0.359	1.118	-1.589	0.224	2.838	127.738319	37.885727
1595920776930	1595920776927	-15.225	-1.017	2.235	-1.534	0.744	3.573	127.738319	37.885727
1595920776948	1595920776946	-16.978	-1.501	2.637	-1.526	0.892	4.217	127.738319	37.885727
1595920776969	1595920776966	-17.670	-1.932	2.402	-1.623	0.900	4.635	127.738319	37.885727
1595920776990	1595920776987	-18.360	-2.299	2.572	-1.638	0.904	4.867	127.738319	37.885727
1595920777012	1595920777012	-17.337	-2.529	2.972	-1.388	0.693	4.894	127.738319	37.885727
1595920777029	1595920777026	-15.174	-2.687	2.745	-1.097	0.423	4.670	127.738319	37.885727
1595920777055	1595920777046	-12.982	-3.190	2.156	-0.976	0.224	4.253	127.738319	37.885727
1595920777067	1595920777065	-10.783	-3.542	1.868	-0.922	0.057	3.760	127.738319	37.885727
1595920777087	1595920777085	-8.776	-3.334	1.801	-0.938	-0.034	3.250	127.738319	37.885727
1595920777108	1595920777106	-7.444	-3.054	1.803	-1.117	-0.045	2.788	127.738319	37.885727
1595920777127	1595920777126	-7.190	-3.351	1.959	-1.359	-0.025	2.403	127.738319	37.885727
1595920777148	1595920777148	-7.772	-4.067	2.038	-1.376	-0.007	2.105	127.738319	37.885727
1595920777168	1595920777169	-8.079	-4.172	2.019	-1.154	-0.019	1.875	127.738319	37.885727
1595920777188	1595920777188	-7.684	-4.141	1.784	-1.051	-0.110	1.707	127.738319	37.885727
1595920777212	1595920777212	-7.945	-4.503	1.291	-1.134	-0.118	1.538	127.738319	37.885727
1595920777228	1595920777225	-8.927	-4.819	1.099	-1.161	-0.064	1.373	127.738319	37.885727
1595920777254	1595920777246	-9.389	-5.075	1.207	-1.142	-0.072	1.154	127.738319	37.885727
1595920777266	1595920777265	-9.128	-5.260	1.353	-1.089	-0.047	0.880	127.738319	37.885727
1595920777287	1595920777287	-8.390	-4.939	1.576	-0.984	0.013	0.516	127.738319	37.885727
1595920777309	1595920777306	-8.836	-4.465	1.868	-0.984	0.196	0.101	127.738319	37.885727
1595920777327	1595920777324	-11.557	-4.321	1.830	-1.008	0.457	-0.402	127.738319	37.885727
1595920777347	1595920777344	-14.197	-4.302	2.223	-0.907	0.565	-0.920	127.738319	37.885727
1595920777366	1595920777364	-14.813	-4.187	2.000	-0.916	0.393	-1.529	127.738319	37.885727
1595920777385	1595920777386	-15.862	-4.649	1.427	-0.698	0.420	-2.125	127.738319	37.885727
1595920777408	1595920777408	-16.660	-4.460	0.771	-0.097	0.514	-2.696	127.738319	37.885727
1595920777426	1595920777425	-16.959	-3.743	0.393	0.796	0.533	-3.256	127.738319	37.885727
1595920777456	1595920777449	-17.603	-2.797	0.031	1.811	0.605	-3.742	127.738319	37.885727
1595920777465	1595920777463	-17.388	-1.909	0.206	2.577	0.567	-4.079	127.738319	37.885727
1595920777485	1595920777485	-15.282	-1.650	0.455	2.860	0.419	-4.239	127.738319	37.885727
1595920777506	1595920777502	-13.241	-1.564	0.740	3.006	0.308	-4.264	127.738319	37.885727
1595920777550	1595920777547	-12.209	-1.190	0.759	3.135	0.245	-4.189	127.738319	37.885727
1595920777555	1595920777552	-10.467	-0.617	0.491	3.078	0.019	-4.009	127.738319	37.885727
1595920777564	1595920777564	-8.587	-0.014	0.462	2.840	-0.167	-3.786	127.738319	37.885727
1595920777585	1595920777585	-8.402	0.188	0.709	2.461	-0.143	-3.558	127.738319	37.885727
1595920777605	1595920777605	-8.738	0.628	0.668	2.034	-0.130	-3.297	127.738319	37.885727
1595920777625	1595920777625	-7.784	1.570	0.654	1.700	-0.317	-2.994	127.738319	37.885727
1595920777643	1595920777643	-8.040	2.034	0.850	1.414	-0.302	-2.649	127.738319	37.885727
1595920777662	1595920777662	-8.797	2.296	0.833	1.103	-0.291	-2.250	127.738319	37.885727
1595920777684	1595920777682	-8.373	2.511	0.752	0.870	-0.465	-1.850	127.738319	37.885727
1595920777703	1595920777701	-8.520	2.094	0.917	0.742	-0.470	-1.430	127.738319	37.885727
1595920777722	1595920777720	-9.641	1.110	1.128	0.616	-0.358	-1.086	127.738319	37.885727
1595920777743	1595920777740	-10.443	0.192	1.267	0.507	-0.328	-0.768	127.738319	37.885727
1595920777761	1595920777760	-10.357	-0.172	1.691	0.526	-0.352	-0.435	127.738319	37.885712
1595920777781	1595920777780	-10.688	-0.248	1.806	0.633	-0.314	-0.047	127.738319	37.885712
1595920777803	1595920777800	-12.551	-0.129	1.276	0.485	-0.086	0.492	127.738319	37.885712
1595920777821	1595920777820	-12.403	0.286	0.948	-0.120	-0.011	1.110	127.738319	37.885712
1595920777842	1595920777839	-11.950	-0.112	1.109	-0.914	0.072	1.758	127.738319	37.885712
1595920777866	1595920777866	-13.974	-1.130	1.729	-1.428	0.519	2.498	127.738319	37.885712
1595920777887	1595920777880	-14.377	-1.671	2.084	-1.718	0.645	3.159	127.738319	37.885712
1595920777904	1595920777900	-13.768	-1.894	2.374	-1.911	0.714	3.649	127.738319	37.885712
1595920777923	1595920777922	-13.517	-2.213	2.680	-1.932	0.804	4.002	127.738319	37.885712
1595920777945	1595920777941	-12.506	-2.337	2.668	-1.868	0.739	4.144	127.738319	37.885712
1595920777961	1595920777960	-11.104	-2.347	2.417	-1.801	0.620	4.099	127.738319	37.885712
1595920777982	1595920777980	-9.648	-2.579	2.108	-1.713	0.492	3.961	127.738319	37.885712
1595920778003	1595920778001	-8.785	-2.534	2.819	-1.814	0.355	3.710	127.738319	37.885712
1595920778025	1595920778025	-8.029	-4.230	1.815	-1.384	0.065	3.572	127.738319	37.885712
1595920778047	1595920778044	-7.542	-3.420	1.928	-0.638	0.101	3.354	127.738319	37.885712
1595920778061	1595920778059	-8.347	-2.996	1.885	-0.546	0.071	3.174	127.738319	37.885712
1595920778082	1595920778080	-9.250	-3.791	1.770	-0.728	0.023	2.946	127.738319	37.885712
1595920778102	1595920778101	-9.739	-4.271	2.256	-0.706	-0.034	2.743	127.738319	37.885712
1595920778123	1595920778120	-9.605	-4.117	2.472	-0.673	-0.083	2.495	127.738319	37.885712
1595920778141	1595920778139	-9.634	-3.921	2.726	-0.844	-0.063	2.199	127.738319	37.885712
1595920778161	1595920778158	-10.510	-4.282	2.570	-1.189	0.026	1.907	127.738319	37.885712
1595920778180	1595920778178	-10.982	-4.884	2.407	-1.355	0.031	1.583	127.738319	37.885712
1595920778201	1595920778200	-9.775	-4.989	2.354	-1.271	-0.064	1.206	127.738319	37.885712
1595920778220	1595920778220	-8.718	-4.932	2.069	-1.160	-0.059	0.812	127.738319	37.885712
1595920778240	1595920778240	-11.461	-5.490	1.638	-0.886	0.209	0.373	127.738319	37.885712
1595920778260	1595920778258	-14.183	-5.828	2.503	-0.213	0.322	-0.107	127.738319	37.885712
1595920778282	1595920778282	-11.028	-5.121	2.594	0.530	-0.141	-0.642	127.738319	37.885712
