1595920898478	1595920898474	-15.656	-5.257	0.723	1.745	0.778	-2.238	127.737854	37.884117
1595920898491	1595920898489	-15.938	-3.990	0.512	2.660	0.649	-2.726	127.737854	37.884117
1595920898510	1595920898508	-15.855	-2.543	0.182	3.124	0.510	-3.191	127.737854	37.884117
1595920898530	1595920898528	-15.464	-1.777	0.026	3.121	0.428	-3.550	127.737854	37.884117
1595920898549	1595920898548	-14.003	-1.595	0.079	2.928	0.319	-3.834	127.737854	37.884117
1595920898570	1595920898570	-12.398	-1.312	0.292	2.746	0.258	-4.044	127.737854	37.884117
1595920898590	1595920898588	-11.258	-1.125	0.416	2.407	0.224	-4.171	127.737854	37.884117
1595920898609	1595920898607	-10.283	-1.255	0.194	1.926	0.206	-4.259	127.737854	37.884117
1595920898630	1595920898627	-9.677	-1.226	0.021	1.587	0.230	-4.282	127.737854	37.884117
1595920898649	1595920898647	-9.691	-1.051	0.067	1.426	0.263	-4.189	127.737854	37.884117
1595920898668	1595920898666	-9.746	-0.598	0.388	1.466	0.229	-3.946	127.737854	37.884117
1595920898691	1595920898689	-9.142	0.341	0.819	1.904	0.062	-3.528	127.737854	37.884117
1595920898709	1595920898706	-8.903	1.282	1.073	2.439	-0.085	-3.032	127.737854	37.884117
1595920898738	1595920898738	-9.516	1.620	1.152	2.442	-0.187	-2.494	127.737854	37.884117
1595920898751	1595920898751	-10.146	1.790	1.185	2.028	-0.337	-1.929	127.737854	37.884102
1595920898770	1595920898769	-9.988	2.384	1.188	1.635	-0.491	-1.359	127.737854	37.884102
1595920898794	1595920898790	-9.648	3.065	1.375	1.144	-0.571	-0.825	127.737854	37.884102
1595920898808	1595920898805	-9.286	2.847	1.650	0.448	-0.579	-0.312	127.737854	37.884102
1595920898833	1595920898829	-8.750	1.713	2.009	-0.170	-0.552	0.178	127.737854	37.884102
1595920898848	1595920898845	-8.982	0.856	2.144	-0.463	-0.449	0.655	127.737854	37.884102
1595920898872	1595920898868	-10.002	0.736	1.787	-0.639	-0.320	1.113	127.737854	37.884102
1595920898890	1595920898885	-11.186	0.262	0.929	-1.009	-0.188	1.584	127.737854	37.884102
1595920898909	1595920898907	-12.796	-0.883	0.817	-1.411	0.055	2.156	127.737854	37.884102
1595920898928	1595920898925	-14.135	-2.146	1.629	-1.423	0.236	2.802	127.737854	37.884102
1595920898949	1595920898947	-14.724	-2.922	2.414	-1.057	0.383	3.372	127.737854	37.884102
1595920898969	1595920898965	-14.415	-2.210	2.898	-0.626	0.525	3.802	127.737854	37.884102
1595920898993	1595920898991	-14.020	-1.032	3.564	-0.323	0.651	4.122	127.737854	37.884102
1595920899006	1595920899004	-14.024	-1.271	4.036	-0.294	0.733	4.229	127.737854	37.884102
1595920899027	1595920899025	-12.786	-1.664	3.674	-0.570	0.603	4.122	127.737854	37.884102
1595920899045	1595920899044	-11.023	-1.755	2.659	-1.123	0.412	3.906	127.737854	37.884102
1595920899065	1595920899064	-9.756	-2.026	1.827	-1.711	0.260	3.685	127.737854	37.884102
1595920899086	1595920899083	-8.970	-2.419	1.660	-2.106	0.117	3.444	127.737854	37.884102
1595920899105	1595920899104	-8.599	-2.656	1.413	-2.210	0.012	3.150	127.737854	37.884102
1595920899126	1595920899123	-8.603	-2.694	1.109	-2.137	-0.037	2.875	127.737854	37.884102
1595920899145	1595920899143	-8.625	-2.797	0.845	-2.116	-0.078	2.634	127.737854	37.884102
1595920899165	1595920899163	-8.510	-3.233	0.977	-2.089	-0.108	2.430	127.737854	37.884102
1595920899187	1595920899183	-8.893	-3.842	1.322	-1.834	-0.086	2.313	127.737854	37.884102
1595920899205	1595920899202	-9.557	-4.206	1.662	-1.352	-0.050	2.298	127.737854	37.884102
1595920899225	1595920899222	-10.534	-4.419	1.839	-0.886	-0.036	2.318	127.737854	37.884102
1595920899244	1595920899242	-11.995	-4.836	1.813	-0.592	0.007	2.310	127.737854	37.884102
1595920899264	1595920899262	-12.178	-5.384	2.002	-0.526	-0.028	2.189	127.737854	37.884102
1595920899286	1595920899283	-10.422	-5.842	2.160	-0.701	-0.134	1.897	127.737854	37.884102
1595920899305	1595920899303	-9.593	-5.978	1.981	-1.039	-0.037	1.414	127.737854	37.884102
1595920899325	1595920899322	-11.921	-6.103	1.482	-1.430	0.258	0.715	127.737854	37.884102
1595920899343	1595920899341	-14.496	-5.734	1.710	-1.665	0.484	-0.087	127.737854	37.884102
1595920899363	1595920899361	-12.872	-5.119	2.937	-1.633	0.355	-0.821	127.737854	37.884102
1595920899395	1595920899388	-10.513	-5.059	3.097	-1.256	0.366	-1.539	127.737854	37.884102
1595920899403	1595920899402	-12.896	-5.128	2.069	-0.538	0.761	-2.283	127.737854	37.884102
1595920899429	1595920899429	-16.688	-5.157	1.566	0.407	0.978	-2.910	127.737854	37.884102
1595920899444	1595920899443	-17.414	-4.625	1.238	1.378	0.853	-3.475	127.737854	37.884102
1595920899468	1595920899466	-16.885	-3.403	0.675	2.237	0.755	-4.003	127.737854	37.884102
1595920899487	1595920899486	-16.322	-2.234	0.361	2.849	0.712	-4.379	127.737854	37.884102
1595920899513	1595920899508	-14.700	-1.535	0.369	3.174	0.589	-4.529	127.737854	37.884102
1595920899526	1595920899522	-12.328	-1.118	0.414	3.300	0.463	-4.506	127.737854	37.884102
1595920899543	1595920899542	-10.311	-0.821	0.682	3.304	0.371	-4.375	127.737854	37.884102
1595920899563	1595920899562	-9.138	-0.852	1.118	3.197	0.311	-4.126	127.737854	37.884102
1595920899583	1595920899581	-9.142	-0.799	1.264	2.958	0.271	-3.828	127.737854	37.884102
1595920899603	1595920899602	-8.685	-0.541	0.975	2.557	0.125	-3.538	127.737854	37.884102
1595920899629	1595920899622	-8.144	-0.342	0.699	2.081	-0.016	-3.271	127.737854	37.884102
1595920899644	1595920899641	-9.427	-0.304	0.579	1.695	0.014	-2.984	127.737854	37.884102
1595920899664	1595920899661	-10.355	0.008	0.412	1.390	-0.069	-2.725	127.737854	37.884102
1595920899686	1595920899686	-9.339	0.813	0.249	1.082	-0.272	-2.490	127.737854	37.884102
1595920899706	1595920899705	-8.865	1.151	0.361	0.731	-0.334	-2.159	127.737854	37.884102
1595920899730	1595920899729	-9.969	0.679	0.682	0.574	-0.299	-1.708	127.737854	37.884102
1595920899750	1595920899750	-11.356	0.542	0.908	0.593	-0.280	-1.241	127.737854	37.884102
1595920899761	1595920899760	-11.318	0.834	1.185	0.478	-0.336	-0.799	127.737854	37.884102
1595920899781	1595920899779	-9.760	1.239	1.514	0.272	-0.436	-0.372	127.737839	37.884090
1595920899802	1595920899800	-8.745	1.158	1.995	0.084	-0.374	0.043	127.737839	37.884090
1595920899825	1595920899824	-9.305	0.803	2.189	-0.106	-0.239	0.449	127.737839	37.884090
1595920899841	1595920899841	-11.121	0.753	1.672	-0.418	-0.086	0.880	127.737839	37.884090
1595920899864	1595920899859	-12.321	0.535	1.114	-0.973	0.009	1.378	127.737839	37.884090
1595920899881	1595920899881	-12.757	-0.478	1.226	-1.556	0.075	1.913	127.737839	37.884090
1595920899908	1595920899907	-13.466	-1.681	1.674	-1.795	0.225	2.446	127.737839	37.884090
1595920899932	1595920899926	-13.620	-2.122	2.237	-1.654	0.358	2.961	127.737839	37.884090
1595920899940	1595920899938	-13.335	-2.095	2.865	-1.446	0.506	3.356	127.737839	37.884090
1595920899961	1595920899960	-13.347	-2.155	3.102	-1.288	0.632	3.654	127.737839	37.884090
1595920899980	1595920899980	-12.573	-2.304	2.826	-1.120	0.619	3.862	127.737839	37.884090
1595920900001	1595920900001	-11.191	-2.515	2.338	-0.965	0.515	3.956	127.737839	37.884090
1595920900023	1595920900023	-10.031	-2.910	1.923	-0.837	0.400	3.954	127.737839	37.884090
1595920900042	1595920900042	-9.102	-3.149	1.763	-0.689	0.279	3.866	127.737839	37.884090
1595920900061	1595920900059	-8.462	-2.929	1.708	-0.568	0.196	3.668	127.737839	37.884090
1595920900084	1595920900084	-8.069	-2.615	1.562	-0.631	0.120	3.390	127.737839	37.884090
1595920900105	1595920900101	-8.103	-2.689	1.533	-0.876	0.071	3.102	127.737839	37.884090
1595920900124	1595920900123	-8.781	-3.341	1.918	-1.089	0.054	2.844	127.737839	37.884090
1595920900143	1595920900139	-9.324	-3.861	2.180	-1.124	0.032	2.587	127.737839	37.884090
1595920900159	1595920900159	-9.274	-3.573	2.239	-1.189	0.017	2.292	127.737839	37.884090
1595920900180	1595920900178	-9.725	-3.643	2.429	-1.482	0.056	1.981	127.737839	37.884090
1595920900202	1595920900201	-10.709	-4.235	2.378	-1.822	0.117	1.652	127.737839	37.884090
1595920900223	1595920900219	-11.310	-4.639	2.354	-1.904	0.116	1.304	127.737839	37.884090
1595920900240	1595920900240	-11.397	-4.687	2.414	-1.826	0.110	1.002	127.737839	37.884090
1595920900260	1595920900258	-10.932	-5.018	2.448	-1.768	0.087	0.711	127.737839	37.884090
1595920900280	1595920900278	-11.246	-5.844	2.065	-1.478	0.140	0.410	127.737839	37.884090
1595920900300	1595920900300	-13.335	-6.422	1.490	-0.643	0.297	0.095	127.737839	37.884090
1595920900325	1595920900322	-14.084	-5.923	2.017	0.400	0.316	-0.229	127.737839	37.884090
1595920900339	1595920900338	-11.325	-4.795	2.527	1.067	0.098	-0.656	127.737839	37.884090
1595920900358	1595920900357	-10.151	-4.290	2.036	1.536	0.130	-1.156	127.737839	37.884090
1595920900381	1595920900379	-13.210	-3.971	1.272	1.974	0.360	-1.622	127.737839	37.884090
1595920900399	1595920900396	-16.391	-3.504	1.166	2.215	0.372	-2.074	127.737839	37.884090
1595920900425	1595920900423	-16.200	-2.747	1.111	2.231	0.082	-2.612	127.737839	37.884090
1595920900439	1595920900436	-15.014	-2.019	0.385	2.121	-0.097	-3.115	127.737839	37.884090
1595920900462	1595920900458	-14.741	-1.674	-0.259	1.974	-0.055	-3.451	127.737839	37.884090
1595920900478	1595920900474	-14.214	-1.669	-0.161	1.832	-0.058	-3.654	127.737839	37.884090
1595920900508	1595920900506	-12.973	-1.676	0.275	1.761	-0.096	-3.796	127.737839	37.884090
1595920900526	1595920900526	-11.514	-1.456	0.412	1.703	-0.140	-3.864	127.737839	37.884090
1595920900547	1595920900547	-10.002	-1.219	0.316	1.553	-0.188	-3.864	127.737839	37.884090
1595920900557	1595920900554	-8.989	-1.015	0.330	1.359	-0.176	-3.799	127.737839	37.884090
1595920900577	1595920900574	-8.992	-0.807	0.433	1.253	-0.110	-3.649	127.737839	37.884090
1595920900596	1595920900593	-8.960	-0.699	0.481	1.291	-0.101	-3.462	127.737839	37.884090
1595920900616	1595920900615	-8.292	-0.191	0.342	1.438	-0.191	-3.247	127.737839	37.884090
1595920900640	1595920900640	-7.933	0.592	0.290	1.565	-0.241	-2.937	127.737839	37.884090
1595920900658	1595920900654	-8.397	1.237	0.436	1.567	-0.243	-2.540	127.737839	37.884090
1595920900679	1595920900678	-9.011	1.735	0.639	1.506	-0.296	-2.055	127.737839	37.884090
1595920900700	1595920900693	-9.717	1.836	0.850	1.334	-0.342	-1.540	127.737839	37.884090
1595920900716	1595920900713	-10.491	1.828	1.011	1.000	-0.362	-1.003	127.737839	37.884090
1595920900754	1595920900740	-10.493	1.955	1.154	0.600	-0.433	-0.464	127.737831	37.884079
1595920900754	1595920900754	-10.034	1.603	1.360	0.199	-0.470	0.010	127.737831	37.884079
1595920900774	1595920900772	-10.882	0.870	1.420	-0.163	-0.349	0.446	127.737831	37.884079
1595920900794	1595920900792	-12.118	0.592	1.032	-0.566	-0.244	0.876	127.737831	37.884079
1595920900819	1595920900818	-11.830	0.528	0.558	-1.149	-0.223	1.294	127.737831	37.884079
1595920900841	1595920900841	-10.601	-0.114	0.476	-1.840	-0.183	1.705	127.737831	37.884079
1595920900855	1595920900852	-11.809	-1.142	0.555	-2.377	0.114	2.142	127.737831	37.884079
1595920900883	1595920900873	-14.753	-2.359	1.370	-2.445	0.394	2.646	127.737831	37.884079
1595920900894	1595920900891	-15.105	-2.802	1.813	-2.097	0.314	3.022	127.737831	37.884079
1595920900919	1595920900914	-13.876	-2.443	2.093	-1.643	0.269	3.200	127.737831	37.884079
1595920900934	1595920900932	-12.987	-2.294	2.450	-1.309	0.353	3.249	127.737831	37.884079
1595920900958	1595920900954	-11.828	-2.687	3.013	-1.019	0.366	3.201	127.737831	37.884079
1595920900973	1595920900972	-10.093	-2.972	3.464	-0.567	0.318	3.101	127.737831	37.884079
1595920900994	1595920900992	-8.553	-2.948	3.389	-0.088	0.288	2.963	127.737831	37.884079
1595920901016	1595920901010	-7.430	-1.765	3.380	-0.239	0.207	2.684	127.737831	37.884079
1595920901035	1595920901034	-6.965	-3.355	2.513	-0.740	-0.051	2.462	127.737831	37.884079
1595920901052	1595920901051	-7.125	-2.735	2.572	-1.262	-0.081	2.251	127.737831	37.884079
1595920901073	1595920901073	-7.353	-2.237	1.665	-1.938	-0.188	2.209	127.737831	37.884079
1595920901092	1595920901090	-7.839	-3.760	0.658	-1.694	-0.248	2.203	127.737831	37.884079
1595920901113	1595920901110	-9.130	-4.098	0.654	-0.370	-0.138	2.312	127.737831	37.884079
1595920901134	1595920901132	-10.007	-3.068	1.585	0.530	-0.077	2.329	127.737831	37.884079
1595920901151	1595920901151	-10.228	-2.809	2.074	0.274	-0.049	2.297	127.737831	37.884079
1595920901172	1595920901172	-10.101	-3.468	1.998	-0.200	-0.020	2.238	127.737831	37.884079
1595920901191	1595920901189	-10.307	-4.033	1.672	-0.309	0.054	2.124	127.737831	37.884079
1595920901211	1595920901209	-10.666	-3.923	1.693	-0.322	0.133	1.866	127.737831	37.884079
1595920901240	1595920901239	-10.771	-3.894	1.897	-0.612	0.178	1.507	127.737831	37.884079
1595920901250	1595920901248	-10.994	-4.328	1.887	-1.084	0.198	1.025	127.737831	37.884079
1595920901275	1595920901273	-13.117	-4.728	1.820	-1.230	0.349	0.458	127.737831	37.884079
1595920901291	1595920901291	-15.040	-4.718	2.604	-0.977	0.427	-0.118	127.737831	37.884079
1595920901311	1595920901308	-13.212	-4.572	2.901	-0.548	0.143	-0.670	127.737831	37.884079
1595920901337	1595920901332	-11.435	-4.517	1.969	0.064	0.044	-1.177	127.737831	37.884079
1595920901354	1595920901348	-13.143	-4.285	1.023	0.697	0.224	-1.664	127.737831	37.884079
1595920901375	1595920901373	-15.227	-4.014	0.840	1.195	0.223	-2.099	127.737831	37.884079
1595920901390	1595920901388	-15.881	-3.367	0.850	1.575	0.090	-2.538	127.737831	37.884079
1595920901413	1595920901410	-15.903	-2.297	0.666	1.779	-0.017	-2.997	127.737831	37.884079
1595920901434	1595920901428	-15.076	-1.427	0.474	1.677	-0.100	-3.395	127.737831	37.884079
1595920901452	1595920901449	-13.232	-1.214	0.464	1.398	-0.142	-3.671	127.737831	37.884079
1595920901473	1595920901473	-11.413	-1.202	0.536	1.235	-0.138	-3.816	127.737831	37.884079
1595920901490	1595920901488	-10.149	-0.821	0.548	1.292	-0.105	-3.822	127.737831	37.884079
1595920901510	1595920901507	-8.965	-0.414	0.555	1.463	-0.086	-3.685	127.737831	37.884079
1595920901530	1595920901530	-7.842	-0.318	0.685	1.604	-0.091	-3.485	127.737831	37.884079
1595920901548	1595920901547	-7.415	-0.229	0.788	1.606	-0.070	-3.254	127.737831	37.884079
1595920901568	1595920901568	-7.470	-0.018	0.639	1.604	-0.058	-2.994	127.737831	37.884079
1595920901591	1595920901587	-7.679	0.588	0.455	1.650	-0.054	-2.708	127.737831	37.884079
1595920901609	1595920901606	-7.719	0.997	0.460	1.665	-0.099	-2.385	127.737831	37.884079
1595920901633	1595920901633	-8.055	1.083	0.531	1.622	-0.105	-2.062	127.737831	37.884079
1595920901647	1595920901646	-8.948	1.400	0.836	1.572	-0.091	-1.669	127.737831	37.884079
1595920901667	1595920901666	-9.748	1.761	1.298	1.439	-0.178	-1.210	127.737831	37.884079
1595920901688	1595920901686	-10.860	1.570	1.506	1.044	-0.273	-0.690	127.737831	37.884079
1595920901708	1595920901705	-11.593	1.371	1.554	0.452	-0.425	-0.190	127.737831	37.884079
1595920901728	1595920901728	-10.704	1.575	2.021	-0.087	-0.662	0.221	127.737831	37.884079
1595920901754	1595920901754	-10.194	1.572	2.024	-0.590	-0.773	0.505	127.737831	37.884079
1595920901768	1595920901768	-11.617	1.555	1.202	-1.299	-0.645	0.723	127.737831	37.884079
1595920901794	1595920901784	-12.817	1.100	0.529	-2.209	-0.467	0.976	127.737816	37.884071
1595920901806	1595920901804	-11.811	-0.052	1.317	-2.704	-0.375	1.243	127.737816	37.884071
1595920901832	1595920901825	-12.944	-1.118	2.771	-2.334	-0.080	1.593	127.737816	37.884071
1595920901846	1595920901844	-15.366	-1.552	3.533	-1.644	0.201	2.052	127.737816	37.884071
1595920901867	1595920901863	-14.338	-1.822	3.023	-1.284	0.033	2.444	127.737816	37.884071
1595920901886	1595920901886	-12.640	-2.301	2.520	-1.032	-0.069	2.751	127.737816	37.884071
1595920901906	1595920901904	-12.027	-1.818	2.632	-0.533	0.099	3.070	127.737816	37.884071
1595920901927	1595920901924	-11.569	-0.989	2.927	-0.255	0.241	3.207	127.737816	37.884071
1595920901950	1595920901944	-10.635	-1.310	2.862	-0.410	0.236	3.169	127.737816	37.884071
1595920901970	1595920901965	-9.303	-1.861	2.498	-0.721	0.182	3.036	127.737816	37.884071
1595920901988	1595920901984	-8.108	-1.928	2.017	-1.123	0.105	2.855	127.737816	37.884071
1595920902005	1595920902003	-7.487	-1.770	1.559	-1.609	-0.001	2.678	127.737816	37.884071
1595920902025	1595920902023	-7.420	-2.067	1.109	-2.029	-0.100	2.494	127.737816	37.884071
1595920902044	1595920902042	-7.561	-2.440	0.781	-2.201	-0.138	2.306	127.737816	37.884071
1595920902068	1595920902068	-7.926	-2.685	0.292	-2.094	-0.136	2.138	127.737816	37.884071
1595920902086	1595920902084	-8.824	-4.021	-0.125	-1.375	-0.118	2.060	127.737816	37.884071
1595920902108	1595920902105	-9.507	-4.568	0.225	-0.116	-0.105	2.079	127.737816	37.884071
1595920902126	1595920902126	-9.358	-3.617	0.805	0.806	-0.052	2.097	127.737816	37.884071
1595920902146	1595920902142	-9.669	-3.267	1.135	0.991	0.063	2.100	127.737816	37.884071
1595920902174	1595920902167	-10.819	-3.667	1.327	0.825	0.218	2.098	127.737816	37.884071
1595920902184	1595920902182	-11.188	-3.849	1.619	0.515	0.292	2.044	127.737816	37.884071
1595920902204	1595920902202	-10.810	-3.794	1.986	0.028	0.327	1.841	127.737816	37.884071
1595920902223	1595920902221	-10.915	-3.720	2.194	-0.659	0.388	1.452	127.737816	37.884071
1595920902244	1595920902241	-12.633	-3.686	1.705	-1.415	0.498	0.876	127.737816	37.884071
1595920902264	1595920902263	-14.599	-3.787	1.928	-1.965	0.542	0.227	127.737816	37.884071
1595920902284	1595920902284	-12.865	-4.333	2.369	-2.174	0.224	-0.383	127.737816	37.884071
1595920902302	1595920902301	-11.447	-4.776	1.518	-1.875	0.140	-0.965	127.737816	37.884071
1595920902326	1595920902322	-14.743	-4.968	1.161	-1.044	0.517	-1.568	127.737816	37.884071
1595920902342	1595920902340	-16.449	-4.977	1.425	-0.002	0.487	-2.079	127.737816	37.884071
1595920902362	1595920902360	-15.399	-4.225	1.154	1.052	0.291	-2.581	127.737816	37.884071
1595920902383	1595920902380	-15.529	-3.205	0.529	1.930	0.367	-3.073	127.737816	37.884071
1595920902401	1595920902399	-15.273	-2.421	0.421	2.540	0.342	-3.386	127.737816	37.884071
1595920902420	1595920902418	-13.258	-1.868	0.426	2.854	0.155	-3.557	127.737816	37.884071
1595920902442	1595920902438	-11.492	-1.360	0.500	2.895	0.043	-3.676	127.737816	37.884071
1595920902462	1595920902460	-10.381	-0.881	0.563	2.764	-0.033	-3.730	127.737816	37.884071
1595920902484	1595920902481	-9.564	-0.560	0.620	2.523	-0.106	-3.684	127.737816	37.884071
1595920902501	1595920902499	-9.157	-0.225	0.831	2.273	-0.170	-3.555	127.737816	37.884071
1595920902523	1595920902523	-8.790	0.283	0.977	2.042	-0.269	-3.338	127.737816	37.884071
1595920902542	1595920902538	-8.544	0.592	0.953	1.725	-0.354	-3.086	127.737816	37.884071
1595920902562	1595920902558	-8.666	0.552	0.819	1.427	-0.415	-2.817	127.737816	37.884071
1595920902581	1595920902578	-8.944	0.362	0.785	1.215	-0.485	-2.499	127.737816	37.884071
1595920902601	1595920902598	-9.408	0.468	0.812	1.127	-0.543	-2.164	127.737816	37.884071
1595920902620	1595920902618	-10.302	0.997	1.070	1.261	-0.578	-1.793	127.737816	37.884071
1595920902641	1595920902638	-10.867	1.838	1.322	1.352	-0.673	-1.465	127.737816	37.884071
1595920902661	1595920902660	-10.814	2.147	1.276	1.252	-0.794	-1.146	127.737816	37.884071
1595920902681	1595920902679	-10.321	2.195	1.276	0.993	-0.862	-0.819	127.737816	37.884071
1595920902701	1595920902699	-9.600	2.061	1.459	0.537	-0.883	-0.497	127.737816	37.884071
1595920902720	1595920902720	-9.530	1.615	1.516	0.041	-0.836	-0.201	127.737816	37.884071
1595920902754	1595920902754	-11.385	1.234	0.977	-0.403	-0.639	0.089	127.737808	37.884060
1595920902761	1595920902758	-12.968	1.086	0.376	-1.010	-0.463	0.445	127.737808	37.884060
1595920902781	1595920902781	-12.506	0.451	0.472	-1.687	-0.433	0.970	127.737808	37.884060
1595920902800	1595920902798	-12.913	-0.816	1.070	-2.061	-0.101	1.597	127.737808	37.884060
1595920902820	1595920902818	-13.723	-1.346	1.751	-2.145	0.185	2.195	127.737808	37.884060
1595920902840	1595920902838	-13.483	-1.556	1.916	-2.231	0.328	2.673	127.737808	37.884060
1595920902864	1595920902858	-13.078	-2.067	2.144	-2.184	0.470	3.075	127.737808	37.884060
1595920902885	1595920902879	-12.494	-2.507	2.663	-1.875	0.542	3.355	127.737808	37.884060
1595920902900	1595920902898	-11.083	-2.759	2.831	-1.390	0.494	3.481	127.737808	37.884060
1595920902921	1595920902921	-9.542	-2.975	2.474	-0.838	0.436	3.483	127.737808	37.884060
1595920902945	1595920902938	-8.282	-2.881	1.851	-0.353	0.389	3.414	127.737808	37.884060
1595920902964	1595920902960	-7.626	-2.666	1.444	-0.048	0.394	3.278	127.737808	37.884060
1595920902989	1595920902978	-7.636	-2.524	1.490	0.096	0.430	3.109	127.737808	37.884060
1595920903001	1595920902999	-7.770	-2.481	1.839	0.123	0.411	2.954	127.737808	37.884060
1595920903019	1595920903018	-8.091	-2.606	1.935	0.040	0.388	2.816	127.737808	37.884060
1595920903039	1595920903036	-8.929	-2.884	2.041	-0.099	0.407	2.699	127.737808	37.884060
1595920903059	1595920903056	-9.241	-3.137	2.457	-0.263	0.357	2.583	127.737808	37.884060
1595920903079	1595920903079	-8.987	-3.310	2.743	-0.486	0.278	2.419	127.737808	37.884060
1595920903101	1595920903096	-9.751	-3.645	2.728	-0.769	0.295	2.197	127.737808	37.884060
1595920903118	1595920903116	-11.097	-4.091	2.407	-1.014	0.307	1.935	127.737808	37.884060
1595920903138	1595920903134	-11.679	-4.187	2.364	-1.186	0.254	1.581	127.737808	37.884060
1595920903157	1595920903154	-12.072	-4.431	2.261	-1.261	0.220	1.138	127.737808	37.884060
1595920903179	1595920903179	-14.012	-4.733	1.677	-1.020	0.366	0.621	127.737808	37.884060
1595920903199	1595920903197	-16.171	-4.208	1.918	-0.510	0.464	0.047	127.737808	37.884060
1595920903217	1595920903216	-16.403	-3.708	3.071	-0.223	0.388	-0.555	127.737808	37.884060
1595920903237	1595920903234	-13.826	-3.964	3.696	-0.082	0.144	-1.154	127.737808	37.884060
1595920903256	1595920903256	-12.283	-3.820	3.277	0.379	0.098	-1.667	127.737808	37.884060
1595920903279	1595920903279	-12.700	-3.514	2.989	0.968	0.117	-2.066	127.737808	37.884060
1595920903298	1595920903293	-13.220	-3.458	2.606	1.450	-0.007	-2.414	127.737808	37.884060
1595920903318	1595920903317	-13.327	-2.970	1.803	1.889	-0.165	-2.753	127.737808	37.884060
1595920903338	1595920903336	-12.614	-1.928	0.843	2.142	-0.361	-3.004	127.737808	37.884060
1595920903354	1595920903353	-11.536	-1.104	0.570	2.140	-0.508	-3.150	127.737808	37.884060
1595920903383	1595920903378	-10.812	-0.862	0.802	1.985	-0.555	-3.248	127.737808	37.884060
1595920903394	1595920903393	-10.089	-0.756	0.996	1.813	-0.608	-3.297	127.737808	37.884060
1595920903420	1595920903413	-8.824	-0.486	1.001	1.636	-0.678	-3.307	127.737808	37.884060
1595920903438	1595920903433	-7.803	-0.071	0.936	1.387	-0.687	-3.201	127.737808	37.884060
1595920903460	1595920903455	-7.648	0.013	1.025	1.056	-0.644	-3.013	127.737808	37.884060
1595920903479	1595920903472	-8.244	-0.059	1.056	0.839	-0.562	-2.819	127.737808	37.884060
1595920903500	1595920903500	-8.302	0.085	0.783	0.775	-0.580	-2.562	127.737808	37.884060
1595920903514	1595920903512	-7.655	0.250	0.543	0.762	-0.643	-2.283	127.737808	37.884060
1595920903536	1595920903534	-8.021	0.437	0.476	0.743	-0.578	-2.000	127.737808	37.884060
1595920903553	1595920903553	-9.459	0.933	0.484	0.781	-0.490	-1.635	127.737808	37.884060
1595920903574	1595920903574	-9.904	1.749	0.498	0.869	-0.565	-1.241	127.737808	37.884060
1595920903594	1595920903591	-9.590	2.236	0.575	0.801	-0.643	-0.852	127.737808	37.884060
1595920903614	1595920903613	-9.756	2.121	1.027	0.525	-0.591	-0.449	127.737808	37.884060
1595920903637	1595920903634	-9.681	1.948	1.648	0.236	-0.564	-0.081	127.737808	37.884060
1595920903653	1595920903650	-9.478	1.879	2.074	0.047	-0.562	0.245	127.737808	37.884060
1595920903678	1595920903671	-11.193	1.948	1.475	-0.244	-0.417	0.557	127.737808	37.884060
1595920903692	1595920903691	-14.381	1.867	0.086	-0.944	-0.108	0.953	127.737808	37.884060
1595920903711	1595920903711	-15.237	0.906	0.160	-1.822	0.064	1.423	127.737808	37.884060
1595920903743	1595920903730	-14.048	-0.414	0.970	-2.332	0.156	1.878	127.737808	37.884060
1595920903753	1595920903751	-13.919	-1.176	2.017	-2.221	0.563	2.333	127.737808	37.884060
1595920903778	1595920903778	-13.418	-1.731	3.030	-1.884	0.809	2.705	127.737801	37.884045
1595920903794	1595920903794	-12.997	-2.450	3.454	-1.464	0.941	2.969	127.737801	37.884045
1595920903822	1595920903817	-12.798	-2.781	3.473	-0.801	1.042	3.157	127.737801	37.884045
1595920903840	1595920903836	-11.318	-2.493	3.210	-0.091	0.935	3.201	127.737801	37.884045
1595920903851	1595920903849	-9.576	-2.438	2.759	0.395	0.816	3.104	127.737801	37.884045
1595920903873	1595920903871	-8.369	-2.553	2.393	0.630	0.753	2.920	127.737801	37.884045
1595920903891	1595920903889	-7.528	-2.067	1.986	0.572	0.691	2.672	127.737801	37.884045
1595920903913	1595920903908	-7.248	-1.451	1.770	0.196	0.643	2.403	127.737801	37.884045
1595920903930	1595920903928	-7.480	-1.444	2.172	-0.309	0.563	2.176	127.737801	37.884045
1595920903951	1595920903949	-8.055	-2.021	2.496	-0.738	0.489	1.999	127.737801	37.884045
1595920903976	1595920903975	-8.453	-2.541	2.690	-1.005	0.404	1.862	127.737801	37.884045
1595920903997	1595920903989	-8.338	-2.783	2.659	-1.171	0.304	1.769	127.737801	37.884045
1595920904018	1595920904013	-8.673	-2.903	2.539	-1.331	0.267	1.727	127.737801	37.884045
1595920904032	1595920904031	-9.943	-3.360	2.510	-1.451	0.261	1.694	127.737801	37.884045
1595920904049	1595920904048	-10.941	-3.890	2.412	-1.416	0.209	1.632	127.737801	37.884045
1595920904073	1595920904067	-11.313	-4.170	2.362	-1.212	0.153	1.521	127.737801	37.884045
1595920904090	1595920904088	-11.315	-4.429	2.496	-0.955	0.125	1.364	127.737801	37.884045
1595920904111	1595920904111	-11.018	-4.778	2.469	-0.714	0.111	1.117	127.737801	37.884045
1595920904132	1595920904127	-10.836	-4.742	2.311	-0.430	0.146	0.705	127.737801	37.884045
1595920904150	1595920904147	-11.334	-4.314	2.345	-0.121	0.209	0.184	127.737801	37.884045
1595920904176	1595920904167	-11.792	-3.904	2.814	0.143	0.179	-0.358	127.737801	37.884045
1595920904194	1595920904188	-11.931	-3.808	2.754	0.343	0.056	-0.899	127.737801	37.884045
1595920904213	1595920904212	-13.560	-4.218	2.177	0.636	0.014	-1.387	127.737801	37.884045
1595920904229	1595920904226	-16.118	-4.165	1.253	1.057	-0.021	-1.869	127.737801	37.884045
1595920904247	1595920904247	-17.031	-3.281	0.900	1.475	-0.211	-2.453	127.737801	37.884045
1595920904267	1595920904266	-15.419	-2.139	0.060	1.744	-0.499	-3.037	127.737801	37.884045
1595920904288	1595920904286	-14.654	-1.149	-0.594	1.923	-0.478	-3.471	127.737801	37.884045
1595920904311	1595920904312	-14.063	-0.970	-0.398	2.063	-0.426	-3.657	127.737801	37.884045
1595920904331	1595920904328	-12.410	-1.417	0.158	2.273	-0.493	-3.665	127.737801	37.884045
1595920904349	1595920904349	-11.013	-1.597	0.484	2.483	-0.525	-3.591	127.737801	37.884045
1595920904373	1595920904373	-10.299	-1.336	0.579	2.452	-0.527	-3.439	127.737801	37.884045
1595920904389	1595920904385	-9.842	-1.190	0.651	2.138	-0.527	-3.264	127.737801	37.884045
1595920904412	1595920904412	-9.466	-1.029	0.570	1.791	-0.538	-3.110	127.737801	37.884045
1595920904427	1595920904425	-9.217	-0.577	0.232	1.487	-0.539	-2.971	127.737801	37.884045
1595920904447	1595920904445	-8.563	-0.275	-0.314	1.150	-0.598	-2.837	127.737801	37.884045
1595920904466	1595920904464	-8.036	-0.316	-0.638	0.894	-0.579	-2.651	127.737801	37.884045
1595920904487	1595920904484	-8.429	-0.428	-0.513	0.833	-0.452	-2.374	127.737801	37.884045
1595920904512	1595920904504	-9.140	-0.323	-0.149	0.897	-0.380	-2.051	127.737801	37.884045
1595920904528	1595920904525	-9.696	-0.129	0.201	0.993	-0.385	-1.692	127.737801	37.884045
1595920904546	1595920904544	-10.539	0.142	0.596	1.022	-0.358	-1.304	127.737801	37.884045
1595920904568	1595920904568	-11.238	0.358	1.032	0.888	-0.353	-0.954	127.737801	37.884045
1595920904586	1595920904584	-10.841	0.703	1.262	0.622	-0.432	-0.679	127.737801	37.884045
1595920904605	1595920904603	-9.962	1.052	1.437	0.262	-0.470	-0.452	127.737801	37.884045
1595920904626	1595920904623	-10.369	1.026	1.480	-0.145	-0.333	-0.212	127.737801	37.884045
1595920904644	1595920904643	-11.864	0.844	1.257	-0.548	-0.119	0.106	127.737801	37.884045
1595920904666	1595920904664	-11.521	0.566	1.466	-0.978	-0.038	0.489	127.737801	37.884045
1595920904686	1595920904686	-10.268	0.293	1.463	-1.406	0.025	0.860	127.737801	37.884045
1595920904709	1595920904709	-13.275	-0.510	1.942	-1.683	0.559	1.330	127.737801	37.884045
1595920904728	1595920904722	-14.930	-1.475	3.133	-1.581	0.588	1.895	127.737801	37.884045
1595920904746	1595920904746	-13.270	-1.415	3.231	-1.238	0.373	2.274	127.737801	37.884045
1595920904766	1595920904760	-12.829	-1.319	3.116	-1.059	0.469	2.494	127.737793	37.884033
1595920904783	1595920904780	-12.558	-1.604	2.903	-1.070	0.447	2.618	127.737793	37.884033
1595920904802	1595920904800	-11.107	-1.602	2.618	-1.090	0.305	2.620	127.737793	37.884033
1595920904824	1595920904821	-9.566	-1.839	2.369	-1.090	0.224	2.504	127.737793	37.884033
1595920904843	1595920904842	-8.282	-2.237	2.041	-0.974	0.165	2.377	127.737793	37.884033
1595920904863	1595920904863	-7.303	-1.956	1.856	-1.043	0.182	2.182	127.737793	37.884033
1595920904883	1595920904881	-7.355	-1.758	2.501	-2.133	0.047	1.855	127.737793	37.884033
1595920904909	1595920904901	-7.832	-4.575	0.862	-2.281	-0.239	1.870	127.737793	37.884033
1595920904923	1595920904923	-6.986	-3.058	0.560	-0.678	-0.125	1.924	127.737793	37.884033
1595920904943	1595920904941	-7.997	-0.296	1.928	-0.696	0.166	1.916	127.737793	37.884033
1595920904962	1595920904960	-9.073	-3.272	0.867	-1.354	0.051	1.890	127.737793	37.884033
1595920904983	1595920904981	-9.310	-3.379	0.893	-0.812	0.083	2.028	127.737793	37.884033
1595920905002	1595920905001	-9.483	-2.347	1.334	-0.609	0.129	2.028	127.737793	37.884033
1595920905023	1595920905021	-9.657	-3.104	1.413	-0.739	0.127	1.998	127.737793	37.884033
1595920905043	1595920905041	-9.727	-3.200	1.451	-0.611	0.157	1.935	127.737793	37.884033
1595920905062	1595920905062	-10.199	-3.116	1.746	-0.526	0.235	1.822	127.737793	37.884033
1595920905081	1595920905080	-10.714	-3.375	2.112	-0.534	0.286	1.634	127.737793	37.884033
1595920905108	1595920905107	-10.805	-3.506	2.256	-0.518	0.299	1.348	127.737793	37.884033
1595920905125	1595920905122	-10.853	-3.372	1.986	-0.528	0.311	0.984	127.737793	37.884033
1595920905142	1595920905139	-11.972	-3.236	1.796	-0.548	0.392	0.596	127.737793	37.884033
1595920905161	1595920905159	-13.258	-3.327	2.062	-0.463	0.420	0.177	127.737793	37.884033
1595920905182	1595920905181	-13.538	-3.331	2.465	-0.196	0.333	-0.271	127.737793	37.884033
1595920905200	1595920905200	-13.059	-3.478	3.267	0.249	0.205	-0.673	127.737793	37.884033
1595920905233	1595920905228	-12.005	-3.216	2.630	0.662	0.032	-1.038	127.737793	37.884033
1595920905244	1595920905241	-13.112	-2.776	1.751	0.966	0.093	-1.391	127.737793	37.884033
1595920905262	1595920905262	-13.608	-2.438	1.317	1.123	-0.024	-1.681	127.737793	37.884033
1595920905282	1595920905280	-12.697	-1.875	1.058	1.155	-0.237	-1.973	127.737793	37.884033
1595920905302	1595920905302	-12.285	-1.413	0.896	1.140	-0.301	-2.195	127.737793	37.884033
1595920905328	1595920905321	-11.988	-1.128	0.829	1.074	-0.320	-2.300	127.737793	37.884033
1595920905342	1595920905339	-11.483	-1.123	0.790	0.932	-0.342	-2.346	127.737793	37.884033
1595920905359	1595920905359	-10.874	-1.259	0.860	0.817	-0.362	-2.352	127.737793	37.884033
1595920905381	1595920905378	-10.340	-1.219	0.814	0.745	-0.371	-2.339	127.737793	37.884033
1595920905401	1595920905399	-9.605	-0.763	0.546	0.623	-0.393	-2.303	127.737793	37.884033
1595920905428	1595920905420	-9.061	-0.447	0.254	0.423	-0.382	-2.242	127.737793	37.884033
1595920905441	1595920905439	-8.980	-0.773	-0.003	0.482	-0.358	-2.117	127.737793	37.884033
1595920905463	1595920905459	-8.774	-0.859	-0.513	1.393	-0.400	-1.864	127.737793	37.884033
1595920905484	1595920905482	-9.291	2.224	0.445	2.199	-0.042	-1.453	127.737793	37.884033
1595920905500	1595920905499	-9.775	1.630	1.473	0.843	-0.201	-1.497	127.737793	37.884033
1595920905524	1595920905524	-9.229	-2.328	0.292	0.374	-0.329	-1.539	127.737793	37.884033
1595920905539	1595920905538	-9.497	0.291	1.030	0.824	-0.089	-1.271	127.737793	37.884033
1595920905559	1595920905558	-10.256	0.796	1.178	0.128	-0.052	-1.166	127.737793	37.884033
1595920905581	1595920905581	-10.678	-1.180	1.023	-0.093	-0.142	-0.940	127.737793	37.884033
1595920905598	1595920905598	-10.388	-0.821	1.205	0.765	-0.231	-0.683	127.737793	37.884033
1595920905624	1595920905619	-10.247	0.635	1.597	1.145	-0.280	-0.525	127.737793	37.884033
1595920905639	1595920905638	-9.657	0.815	1.837	0.694	-0.393	-0.415	127.737793	37.884033
1595920905665	1595920905662	-9.377	0.525	1.832	0.188	-0.469	-0.291	127.737793	37.884033
1595920905681	1595920905681	-11.928	0.355	1.459	-0.217	-0.309	-0.099	127.737793	37.884033
1595920905700	1595920905696	-13.687	0.032	1.581	-0.713	-0.274	0.182	127.737793	37.884033
1595920905723	1595920905716	-10.271	-0.081	1.902	-1.152	-0.656	0.413	127.737793	37.884033
1595920905749	1595920905745	-8.177	-0.474	1.897	-1.369	-0.590	0.560	127.737793	37.884033
1595920905756	1595920905754	-9.248	-1.142	2.029	-1.396	-0.258	0.790	127.737793	37.884033
1595920905778	1595920905775	-9.545	-1.415	1.990	-1.353	-0.249	0.997	127.737785	37.884022
1595920905798	1595920905795	-9.277	-1.532	1.923	-1.186	-0.228	1.150	127.737785	37.884022
1595920905817	1595920905817	-9.497	-1.547	2.096	-0.916	-0.208	1.331	127.737785	37.884022
1595920905841	1595920905841	-9.581	-1.576	2.261	-0.745	-0.261	1.563	127.737785	37.884022
1595920905858	1595920905856	-9.820	-1.609	2.280	-0.753	-0.225	1.764	127.737785	37.884022
1595920905884	1595920905879	-10.175	-1.715	2.307	-0.886	-0.149	1.914	127.737785	37.884022
1595920905896	1595920905894	-10.280	-1.983	2.275	-0.997	-0.113	2.000	127.737785	37.884022
1595920905923	1595920905918	-10.077	-2.100	2.019	-1.015	-0.069	2.047	127.737785	37.884022
1595920905937	1595920905934	-9.669	-2.040	1.770	-1.060	-0.032	2.067	127.737785	37.884022
1595920905961	1595920905958	-9.389	-2.146	1.667	-1.140	0.015	2.060	127.737785	37.884022
1595920905977	1595920905973	-9.209	-2.366	1.789	-1.140	0.052	2.042	127.737785	37.884022
1595920905999	1595920905998	-9.104	-2.632	1.854	-1.025	0.091	2.003	127.737785	37.884022
1595920906024	1595920906022	-9.083	-2.718	1.861	-0.878	0.139	1.918	127.737785	37.884022
1595920906037	1595920906033	-9.087	-2.792	1.978	-0.775	0.176	1.781	127.737785	37.884022
1595920906056	1595920906056	-9.025	-2.881	2.060	-0.698	0.201	1.606	127.737785	37.884022
1595920906077	1595920906073	-8.797	-3.001	2.019	-0.595	0.209	1.397	127.737785	37.884022
1595920906094	1595920906092	-8.455	-3.197	2.096	-0.416	0.209	1.166	127.737785	37.884022
1595920906113	1595920906112	-8.304	-3.212	2.175	-0.251	0.209	0.903	127.737785	37.884022
1595920906134	1595920906132	-9.375	-3.173	1.904	-0.208	0.285	0.604	127.737785	37.884022
1595920906154	1595920906153	-12.336	-3.322	1.763	-0.146	0.441	0.311	127.737785	37.884022
1595920906174	1595920906172	-14.329	-3.042	2.345	0.021	0.476	0.044	127.737785	37.884022
1595920906192	1595920906192	-12.640	-2.256	2.814	0.096	0.218	-0.176	127.737785	37.884022
1595920906214	1595920906212	-10.891	-1.554	2.668	0.031	0.127	-0.341	127.737785	37.884022
1595920906236	1595920906232	-10.127	-0.941	2.541	-0.112	0.137	-0.413	127.737785	37.884022
1595920906253	1595920906252	-8.951	-1.013	2.527	-0.246	0.046	-0.475	127.737785	37.884022
1595920906273	1595920906271	-8.038	-1.199	2.393	-0.140	0.016	-0.524	127.737785	37.884022
1595920906291	1595920906291	-8.225	-1.005	2.429	0.125	0.056	-0.500	127.737785	37.884022
1595920906313	1595920906313	-9.027	-0.850	2.481	0.229	0.071	-0.460	127.737785	37.884022
1595920906338	1595920906333	-9.703	-0.752	2.304	0.206	0.034	-0.430	127.737785	37.884022
1595920906352	1595920906352	-10.383	-0.843	2.065	0.257	0.019	-0.394	127.737785	37.884022
1595920906378	1595920906373	-10.743	-0.900	1.942	0.338	-0.011	-0.400	127.737785	37.884022
1595920906392	1595920906390	-10.587	-0.490	1.808	0.393	-0.056	-0.425	127.737785	37.884022
1595920906417	1595920906416	-10.357	-0.387	1.751	0.408	-0.075	-0.433	127.737785	37.884022
1595920906445	1595920906445	-10.292	-0.536	1.859	0.382	-0.068	-0.425	127.737785	37.884022
1595920906472	1595920906460	-10.098	-0.062	1.803	0.361	-0.053	-0.400	127.737785	37.884022
1595920906473	1595920906472	-9.657	0.631	1.681	0.322	-0.064	-0.309	127.737785	37.884022
1595920906493	1595920906489	-9.641	0.851	1.492	0.153	-0.061	-0.189	127.737785	37.884022
1595920906509	1595920906509	-9.691	0.674	1.193	-0.179	-0.068	-0.070	127.737785	37.884022
1595920906531	1595920906528	-9.578	0.449	1.114	-0.467	-0.092	0.043	127.737785	37.884022
1595920906551	1595920906551	-9.588	0.271	1.238	-0.574	-0.065	0.118	127.737785	37.884022
1595920906570	1595920906570	-9.720	0.061	1.257	-0.482	-0.005	0.144	127.737785	37.884022
1595920906590	1595920906589	-9.909	-0.179	1.238	-0.206	0.062	0.126	127.737785	37.884022
1595920906611	1595920906611	-9.962	-0.371	1.401	0.107	0.103	0.080	127.737785	37.884022
1595920906634	1595920906628	-9.787	-0.354	1.662	0.349	0.124	0.011	127.737785	37.884022
1595920906650	1595920906648	-9.483	-0.014	1.842	0.452	0.135	-0.045	127.737785	37.884022
1595920906671	1595920906667	-9.495	0.034	2.141	0.425	0.145	-0.044	127.737785	37.884022
1595920906690	1595920906688	-9.890	-0.136	2.299	0.263	0.147	-0.020	127.737785	37.884022
1595920906709	1595920906708	-10.091	-0.404	2.283	0.005	0.111	-0.007	127.737785	37.884022
1595920906729	1595920906727	-9.914	-0.718	2.311	-0.268	0.048	-0.032	127.737785	37.884022
1595920906756	1595920906755	-9.710	-1.015	2.295	-0.456	-0.001	-0.076	127.737778	37.884010
1595920906781	1595920906781	-9.662	-1.334	2.194	-0.441	-0.031	-0.105	127.737778	37.884010
1595920906798	1595920906798	-9.849	-1.846	2.144	-0.255	-0.037	-0.138	127.737778	37.884010
1595920906811	1595920906807	-9.998	-2.335	2.184	-0.009	-0.048	-0.196	127.737778	37.884010
1595920906834	1595920906828	-10.055	-2.685	2.237	0.190	-0.055	-0.322	127.737778	37.884010
1595920906848	1595920906846	-10.105	-2.989	2.199	0.249	-0.061	-0.526	127.737778	37.884010
1595920906869	1595920906869	-10.146	-3.140	2.261	0.293	-0.082	-0.739	127.737778	37.884010
1595920906890	1595920906887	-10.426	-3.916	2.577	0.394	-0.122	-0.955	127.737778	37.884010
1595920906911	1595920906908	-10.731	-5.396	2.719	0.453	-0.196	-1.242	127.737778	37.884010
1595920906927	1595920906927	-10.997	-6.783	2.781	0.544	-0.263	-1.601	127.737778	37.884010
1595920906954	1595920906951	-11.368	-7.260	2.989	0.812	-0.298	-2.054	127.737778	37.884010
1595920906972	1595920906968	-11.550	-7.344	2.855	1.408	-0.342	-2.473	127.737778	37.884010
1595920906989	1595920906986	-11.600	-7.193	2.790	2.186	-0.407	-2.792	127.737778	37.884010
1595920907006	1595920907004	-11.555	-7.916	2.620	2.942	-0.651	-3.056	127.737778	37.884010
1595920907028	1595920907026	-11.521	-7.667	2.745	3.893	-0.773	-3.144	127.737778	37.884010
1595920907046	1595920907046	-11.813	-6.815	3.329	4.141	-1.052	-3.234	127.737778	37.884010
1595920907073	1595920907067	-11.126	-7.512	2.980	4.319	-1.326	-3.373	127.737778	37.884010
1595920907087	1595920907086	-11.049	-7.167	3.435	4.818	-1.501	-3.423	127.737778	37.884010
1595920907107	1595920907106	-10.800	-6.697	3.727	5.246	-1.715	-3.444	127.737778	37.884010
1595920907126	1595920907125	-9.478	-5.538	4.292	5.400	-1.928	-3.372	127.737778	37.884010
1595920907147	1595920907145	-8.357	-4.601	5.617	4.974	-2.098	-3.327	127.737778	37.884010
1595920907166	1595920907166	-8.146	-4.817	6.202	4.421	-2.279	-3.306	127.737778	37.884010
1595920907186	1595920907184	-7.552	-4.762	5.622	4.504	-2.367	-3.228	127.737778	37.884010
1595920907206	1595920907204	-6.445	-3.938	5.574	4.835	-2.370	-3.097	127.737778	37.884010
1595920907226	1595920907226	-5.808	-2.857	6.087	4.931	-2.368	-2.916	127.737778	37.884010
1595920907245	1595920907244	-5.391	-1.082	6.582	4.683	-2.312	-2.643	127.737778	37.884010
1595920907266	1595920907264	-4.981	-0.078	6.951	4.103	-2.295	-2.414	127.737778	37.884010
1595920907287	1595920907283	-4.519	-0.356	6.820	3.517	-2.286	-2.321	127.737778	37.884010
1595920907305	1595920907306	-3.808	-0.232	6.688	3.190	-2.172	-2.199	127.737778	37.884010
1595920907326	1595920907323	-3.127	1.153	6.927	2.826	-1.973	-2.050	127.737778	37.884010
1595920907351	1595920907346	-2.708	1.848	7.205	2.260	-1.843	-1.972	127.737778	37.884010
1595920907368	1595920907362	-2.351	1.527	7.174	1.892	-1.728	-1.934	127.737778	37.884010
1595920907385	1595920907382	-1.997	1.512	7.335	1.849	-1.540	-1.807	127.737778	37.884010
1595920907403	1595920907402	-1.795	2.111	7.431	1.787	-1.359	-1.643	127.737778	37.884010
1595920907424	1595920907422	-1.489	2.717	7.280	1.579	-1.247	-1.486	127.737778	37.884010
1595920907445	1595920907445	-1.204	2.909	7.129	1.353	-1.131	-1.360	127.737778	37.884010
1595920907469	1595920907462	-1.158	2.928	7.086	1.187	-0.997	-1.240	127.737778	37.884010
1595920907492	1595920907483	-1.362	3.014	7.184	1.075	-0.874	-1.111	127.737778	37.884010
1595920907504	1595920907504	-1.364	3.321	7.507	0.952	-0.787	-0.985	127.737778	37.884010
1595920907524	1595920907522	-1.211	3.508	7.962	0.792	-0.746	-0.882	127.737778	37.884010
1595920907543	1595920907541	-1.053	3.695	7.778	0.600	-0.708	-0.774	127.737778	37.884010
1595920907567	1595920907561	-0.799	3.836	7.313	0.418	-0.650	-0.671	127.737778	37.884010
1595920907583	1595920907581	-0.624	3.798	7.318	0.303	-0.571	-0.591	127.737778	37.884010
1595920907606	1595920907601	-0.765	3.558	7.375	0.255	-0.491	-0.554	127.737778	37.884010
1595920907622	1595920907622	-0.550	4.456	7.325	0.270	-0.363	-0.480	127.737778	37.884010
1595920907642	1595920907641	-0.423	4.897	7.404	0.252	-0.350	-0.373	127.737778	37.884010
1595920907668	1595920907665	-0.116	3.953	7.534	0.511	-0.527	-0.357	127.737778	37.884010
1595920907683	1595920907683	0.092	4.008	8.719	0.422	-0.230	-0.297	127.737778	37.884010
1595920907707	1595920907707	0.138	4.078	9.330	0.272	-0.093	-0.256	127.737778	37.884010
1595920907724	1595920907720	-0.715	4.753	9.244	0.134	-0.103	-0.193	127.737778	37.884010
1595920907745	1595920907743	-0.696	4.955	8.703	-0.282	-0.327	0.015	127.737778	37.884010
1595920907778	1595920907767	1.022	3.965	8.353	-0.598	-0.420	-0.064	127.737770	37.883999
1595920907781	1595920907779	1.582	3.069	8.413	-0.039	-0.356	-0.193	127.737770	37.883999
1595920907800	1595920907798	1.048	4.497	8.992	0.785	-0.222	-0.013	127.737770	37.883999
1595920907819	1595920907818	0.732	5.220	9.009	0.699	-0.099	-0.000	127.737770	37.883999
1595920907840	1595920907839	0.579	4.773	8.547	0.317	-0.011	0.021	127.737770	37.883999
1595920907863	1595920907863	0.528	4.607	8.264	0.219	-0.049	0.040	127.737770	37.883999
1595920907885	1595920907882	0.758	4.641	8.235	0.197	-0.064	-0.009	127.737770	37.883999
1595920907901	1595920907901	0.797	4.583	8.197	0.237	-0.049	-0.016	127.737770	37.883999
1595920907925	1595920907920	0.614	4.502	8.420	0.390	-0.072	0.032	127.737770	37.883999
1595920907946	1595920907939	0.614	4.677	8.633	0.432	-0.067	0.038	127.737770	37.883999
1595920907962	1595920907961	0.756	4.720	8.355	0.384	-0.023	0.069	127.737770	37.883999
1595920907984	1595920907981	0.789	4.650	8.259	0.442	-0.024	0.092	127.737770	37.883999
1595920908001	1595920908000	0.356	4.617	8.413	0.411	-0.041	0.052	127.737770	37.883999
1595920908020	1595920908019	0.365	4.485	8.137	0.321	-0.019	0.021	127.737770	37.883999
1595920908073	1595920908055	0.717	4.693	7.924	0.449	-0.089	0.075	127.737770	37.883999
1595920908073	1595920908073	0.567	5.010	8.164	0.457	-0.147	0.110	127.737770	37.883999
1595920908080	1595920908079	0.646	5.153	8.374	0.253	-0.081	0.048	127.737770	37.883999
1595920908099	1595920908099	0.808	5.156	8.353	0.155	0.005	0.021	127.737770	37.883999
1595920908122	1595920908118	0.670	5.065	8.415	0.155	0.084	0.015	127.737770	37.883999
1595920908318	1595920908318	0.653	5.244	8.410	0.132	0.158	-0.035	127.737770	37.883999
1595920908318	1595920908318	0.717	5.249	8.348	0.058	0.173	-0.059	127.737770	37.883999
1595920908318	1595920908318	0.928	5.335	8.494	-0.056	0.188	-0.117	127.737770	37.883999
1595920908318	1595920908318	0.885	5.618	8.530	-0.220	0.206	-0.176	127.737770	37.883999
1595920908318	1595920908318	0.617	5.261	8.290	-0.355	0.188	-0.071	127.737770	37.883999
1595920908319	1595920908319	0.590	4.926	8.154	-0.377	0.130	0.026	127.737770	37.883999
1595920908319	1595920908319	0.638	4.883	8.051	-0.317	0.077	0.019	127.737770	37.883999
1595920908319	1595920908319	0.602	4.852	8.223	-0.250	0.075	-0.051	127.737770	37.883999
1595920908319	1595920908319	0.521	4.866	8.343	-0.206	0.081	-0.061	127.737770	37.883999
1595920908385	1595920908385	0.361	4.693	8.245	-0.156	0.079	-0.022	127.737770	37.883999
1595920908385	1595920908385	0.272	4.617	8.207	-0.115	0.098	-0.014	127.737770	37.883999
1595920908385	1595920908385	0.334	4.595	8.290	-0.077	0.104	-0.012	127.737770	37.883999
1595920908413	1595920908413	0.384	4.626	8.386	-0.060	0.109	-0.010	127.737770	37.883999
