1595920858779	1595920858768	-7.001	-3.693	1.260	-1.320	-0.412	1.430	127.738213	37.884560
1595920858794	1595920858793	-7.147	-4.160	1.461	-1.212	-0.364	1.264	127.738213	37.884560
1595920858811	1595920858809	-7.870	-5.013	1.502	-0.982	-0.329	1.210	127.738213	37.884560
1595920858836	1595920858830	-8.908	-5.533	1.523	-0.559	-0.238	1.196	127.738213	37.884560
1595920858849	1595920858847	-8.953	-5.631	2.067	-0.192	-0.197	1.180	127.738213	37.884560
1595920858869	1595920858869	-7.964	-5.672	2.359	0.000	-0.195	1.048	127.738213	37.884560
1595920858889	1595920858887	-8.460	-5.669	2.211	0.105	-0.037	0.727	127.738213	37.884560
1595920858908	1595920858908	-11.615	-5.674	1.849	0.208	0.243	0.248	127.738213	37.884560
1595920858929	1595920858927	-13.773	-5.344	1.928	0.438	0.313	-0.358	127.738213	37.884560
1595920858948	1595920858946	-15.014	-4.390	0.881	0.770	0.272	-1.110	127.738213	37.884560
1595920858968	1595920858966	-17.951	-3.767	0.347	1.207	0.541	-1.900	127.738213	37.884560
1595920858992	1595920858988	-18.181	-3.468	0.742	1.508	0.435	-2.771	127.738213	37.884560
1595920859013	1595920859007	-16.798	-3.013	0.364	1.851	0.324	-3.624	127.738213	37.884560
1595920859028	1595920859026	-18.018	-2.287	-0.391	2.351	0.620	-4.291	127.738213	37.884560
1595920859049	1595920859046	-18.923	-1.748	-0.067	2.713	0.684	-4.638	127.738213	37.884560
1595920859067	1595920859066	-16.921	-1.497	0.699	2.804	0.428	-4.800	127.738213	37.884560
1595920859089	1595920859085	-13.902	-1.494	1.018	2.767	0.241	-4.843	127.738213	37.884560
1595920859108	1595920859106	-11.720	-1.370	1.094	2.610	0.187	-4.795	127.738213	37.884560
1595920859127	1595920859126	-10.359	-0.989	1.061	2.327	0.111	-4.667	127.738213	37.884560
1595920859147	1595920859145	-10.498	-0.466	1.226	2.095	0.128	-4.474	127.738213	37.884560
1595920859167	1595920859165	-10.699	0.465	1.152	2.153	0.108	-4.205	127.738213	37.884560
1595920859187	1595920859187	-9.696	1.975	1.128	2.412	-0.143	-3.826	127.738213	37.884560
1595920859209	1595920859209	-9.334	3.563	1.114	2.509	-0.304	-3.331	127.738213	37.884560
1595920859226	1595920859225	-9.777	4.583	0.836	2.104	-0.443	-2.829	127.738213	37.884560
1595920859246	1595920859245	-9.439	5.661	0.309	1.177	-0.647	-2.300	127.738213	37.884560
1595920859266	1595920859265	-7.930	6.830	0.405	0.292	-0.808	-1.653	127.738213	37.884560
1595920859286	1595920859284	-7.983	6.272	0.910	-0.354	-0.717	-0.968	127.738213	37.884560
1595920859306	1595920859304	-9.272	4.617	1.303	-0.754	-0.563	-0.275	127.738213	37.884560
1595920859328	1595920859324	-8.855	3.076	1.653	-0.764	-0.653	0.384	127.738213	37.884560
1595920859346	1595920859344	-7.803	1.876	2.002	-0.512	-0.674	0.929	127.738213	37.884560
1595920859366	1595920859364	-8.072	1.177	2.101	-0.192	-0.579	1.396	127.738213	37.884560
1595920859392	1595920859388	-10.913	1.148	0.848	-0.157	-0.311	1.839	127.738213	37.884560
1595920859405	1595920859404	-15.404	1.122	-0.695	-0.708	0.111	2.406	127.738213	37.884560
1595920859428	1595920859426	-17.589	0.180	-0.558	-1.653	0.281	3.062	127.738213	37.884560
1595920859446	1595920859445	-17.512	-1.106	0.388	-2.368	0.288	3.731	127.738213	37.884560
1595920859468	1595920859465	-18.906	-2.404	1.897	-2.435	0.701	4.477	127.738213	37.884560
1595920859484	1595920859484	-18.803	-3.140	3.574	-2.324	0.810	5.025	127.738213	37.884560
1595920859507	1595920859506	-16.727	-3.492	3.969	-2.377	0.601	5.143	127.738213	37.884560
1595920859524	1595920859523	-14.319	-4.172	3.274	-2.109	0.389	4.989	127.738213	37.884560
1595920859544	1595920859542	-11.823	-4.857	2.474	-1.277	0.117	4.642	127.738213	37.884560
1595920859564	1595920859562	-9.437	-5.399	2.429	-0.179	-0.069	4.194	127.738213	37.884560
1595920859585	1595920859582	-7.818	-4.929	2.378	0.658	-0.044	3.655	127.738213	37.884560
1595920859603	1595920859602	-7.070	-3.360	1.995	0.696	0.045	2.982	127.738213	37.884560
1595920859624	1595920859622	-6.459	-2.172	1.895	-0.123	-0.017	2.327	127.738213	37.884560
1595920859651	1595920859650	-6.673	-2.419	1.976	-1.125	-0.071	1.793	127.738213	37.884560
1595920859665	1595920859663	-7.681	-3.159	2.283	-1.702	-0.084	1.374	127.738213	37.884560
1595920859689	1595920859688	-8.445	-3.698	2.405	-1.848	-0.134	1.054	127.738213	37.884560
1595920859714	1595920859711	-8.802	-3.973	2.256	-1.886	-0.173	0.840	127.738213	37.884560
1595920859729	1595920859723	-8.692	-4.486	2.180	-1.879	-0.240	0.756	127.738213	37.884560
1595920859744	1595920859742	-8.546	-5.440	2.261	-1.562	-0.238	0.768	127.738213	37.884560
1595920859764	1595920859761	-8.438	-5.947	2.249	-0.911	-0.171	0.772	127.738205	37.884548
1595920859783	1595920859781	-8.045	-5.775	2.220	-0.229	-0.121	0.720	127.738205	37.884548
1595920859804	1595920859802	-7.882	-5.449	2.565	0.314	-0.041	0.535	127.738205	37.884548
1595920859824	1595920859823	-8.999	-5.047	2.601	0.713	0.079	0.175	127.738205	37.884548
1595920859843	1595920859842	-11.315	-4.512	2.366	0.960	0.190	-0.294	127.738205	37.884548
1595920859862	1595920859862	-14.506	-4.223	1.660	1.158	0.211	-0.852	127.738205	37.884548
1595920859888	1595920859883	-19.857	-4.350	0.764	1.391	0.368	-1.502	127.738205	37.884548
1595920859910	1595920859904	-21.771	-3.547	0.850	1.289	0.161	-2.250	127.738205	37.884548
1595920859930	1595920859926	-19.314	-2.891	0.301	1.086	-0.222	-3.045	127.738205	37.884548
1595920859943	1595920859941	-18.574	-1.726	0.184	1.031	0.045	-3.859	127.738205	37.884548
1595920859964	1595920859961	-18.571	-1.137	1.090	0.868	0.255	-4.511	127.738205	37.884548
1595920859983	1595920859980	-16.489	-1.473	1.899	0.811	0.235	-4.964	127.738205	37.884548
1595920860023	1595920860004	-13.878	-1.686	1.983	1.070	0.205	-5.167	127.738205	37.884548
1595920860032	1595920860028	-11.857	-1.465	1.523	1.325	0.241	-5.181	127.738205	37.884548
1595920860043	1595920860040	-10.460	-1.221	1.159	1.374	0.286	-5.065	127.738205	37.884548
1595920860063	1595920860063	-9.588	-0.689	1.209	1.686	0.283	-4.775	127.738205	37.884548
1595920860084	1595920860083	-9.348	0.389	1.336	2.473	0.227	-4.373	127.738205	37.884548
1595920860109	1595920860105	-9.174	2.660	1.408	3.088	0.088	-3.921	127.738205	37.884548
1595920860123	1595920860121	-8.017	4.835	1.542	3.085	-0.218	-3.312	127.738205	37.884548
1595920860142	1595920860139	-7.010	5.891	1.633	2.458	-0.437	-2.680	127.738205	37.884548
1595920860161	1595920860159	-7.097	6.131	1.583	1.485	-0.474	-1.998	127.738205	37.884548
1595920860182	1595920860180	-7.602	5.922	1.456	0.465	-0.470	-1.300	127.738205	37.884548
1595920860202	1595920860200	-7.839	5.259	1.478	-0.441	-0.467	-0.569	127.738205	37.884548
1595920860223	1595920860220	-8.112	4.039	1.679	-0.921	-0.453	0.181	127.738205	37.884548
1595920860242	1595920860241	-8.546	2.638	1.995	-0.904	-0.429	0.838	127.738205	37.884548
1595920860260	1595920860258	-8.857	1.601	2.297	-0.644	-0.426	1.400	127.738205	37.884548
1595920860281	1595920860278	-9.511	0.978	2.323	-0.497	-0.364	1.828	127.738205	37.884548
1595920860304	1595920860303	-12.695	0.626	1.121	-0.662	-0.057	2.234	127.738205	37.884548
1595920860326	1595920860325	-17.747	0.394	-0.415	-1.206	0.416	2.806	127.738205	37.884548
1595920860341	1595920860338	-19.474	-0.857	0.067	-1.683	0.481	3.509	127.738205	37.884548
1595920860359	1595920860358	-17.831	-2.050	1.605	-1.597	0.365	4.127	127.738205	37.884548
1595920860384	1595920860380	-18.530	-2.404	3.222	-1.151	0.767	4.570	127.738205	37.884548
1595920860400	1595920860397	-18.312	-2.627	4.228	-0.994	0.853	4.766	127.738205	37.884548
1595920860424	1595920860421	-16.027	-2.936	3.976	-1.078	0.672	4.721	127.738205	37.884548
1595920860439	1595920860437	-13.804	-3.367	2.843	-1.006	0.531	4.525	127.738205	37.884548
1595920860461	1595920860459	-11.466	-3.696	1.590	-0.703	0.363	4.249	127.738205	37.884548
1595920860481	1595920860477	-9.315	-4.048	1.547	-0.199	0.239	3.935	127.738205	37.884548
1595920860504	1595920860500	-8.024	-3.882	2.012	0.272	0.239	3.550	127.738205	37.884548
1595920860521	1595920860517	-7.408	-3.044	2.103	0.377	0.271	3.053	127.738205	37.884548
1595920860539	1595920860537	-7.252	-2.347	1.930	-0.006	0.273	2.557	127.738205	37.884548
1595920860558	1595920860556	-7.811	-2.512	2.187	-0.621	0.274	2.186	127.738205	37.884548
1595920860577	1595920860575	-8.632	-3.439	2.747	-1.018	0.257	1.917	127.738205	37.884548
1595920860600	1595920860600	-8.299	-3.722	2.793	-1.185	0.163	1.692	127.738205	37.884548
1595920860618	1595920860615	-7.588	-3.655	2.596	-1.408	0.086	1.492	127.738205	37.884548
1595920860638	1595920860636	-8.426	-4.429	2.548	-1.572	0.121	1.344	127.738205	37.884548
1595920860657	1595920860655	-9.499	-5.111	2.642	-1.378	0.137	1.240	127.738205	37.884548
1595920860677	1595920860675	-8.709	-5.097	2.834	-1.047	0.032	1.078	127.738205	37.884548
1595920860702	1595920860694	-7.171	-5.008	2.877	-0.859	-0.015	0.818	127.738205	37.884548
1595920860716	1595920860713	-6.809	-5.157	2.879	-0.823	0.062	0.495	127.738205	37.884548
1595920860742	1595920860733	-9.269	-5.533	2.683	-0.784	0.231	0.040	127.738197	37.884541
1595920860756	1595920860753	-12.982	-5.535	2.661	-0.609	0.381	-0.557	127.738197	37.884541
1595920860776	1595920860773	-14.947	-5.245	2.381	-0.292	0.235	-1.230	127.738197	37.884541
1595920860796	1595920860793	-17.321	-5.404	1.408	0.305	0.267	-1.927	127.738197	37.884541
1595920860817	1595920860812	-19.630	-4.786	1.152	0.972	0.377	-2.692	127.738197	37.884541
1595920860837	1595920860836	-19.963	-3.842	0.797	1.602	0.203	-3.600	127.738197	37.884541
1595920860856	1595920860852	-20.557	-2.301	0.019	2.176	0.180	-4.491	127.738197	37.884541
1595920860878	1595920860878	-21.151	-0.862	-0.427	2.330	0.158	-5.122	127.738197	37.884541
1595920860898	1595920860892	-18.892	-0.632	-0.230	2.084	-0.058	-5.364	127.738197	37.884541
1595920860926	1595920860915	-15.711	-1.166	0.371	1.917	-0.167	-5.363	127.738197	37.884541
1595920860935	1595920860932	-13.574	-1.542	0.783	1.832	-0.147	-5.281	127.738197	37.884541
1595920860958	1595920860955	-11.622	-1.470	0.773	1.628	-0.212	-5.128	127.738197	37.884541
1595920860973	1595920860971	-10.252	-0.917	0.534	1.556	-0.244	-4.870	127.738197	37.884541
1595920860999	1595920860996	-10.129	-0.124	0.261	1.758	-0.184	-4.510	127.738197	37.884541
1595920861013	1595920861011	-10.252	0.389	-0.019	1.865	-0.172	-4.200	127.738197	37.884541
1595920861037	1595920861033	-9.011	1.088	-0.249	1.688	-0.340	-3.921	127.738197	37.884541
1595920861055	1595920861051	-7.322	2.993	-0.455	1.441	-0.426	-3.519	127.738197	37.884541
1595920861072	1595920861070	-6.831	4.183	-0.024	1.221	-0.360	-2.921	127.738197	37.884541
1595920861093	1595920861090	-8.599	4.555	0.321	0.970	-0.186	-2.227	127.738197	37.884541
1595920861115	1595920861110	-10.060	4.370	0.876	0.808	-0.229	-1.370	127.738197	37.884541
1595920861133	1595920861130	-9.212	4.011	0.977	0.495	-0.486	-0.592	127.738197	37.884541
1595920861152	1595920861150	-7.945	3.390	1.123	-0.009	-0.540	0.051	127.738197	37.884541
1595920861172	1595920861170	-7.576	2.516	1.557	-0.178	-0.419	0.544	127.738197	37.884541
1595920861192	1595920861190	-8.601	1.608	2.256	0.109	-0.246	0.858	127.738197	37.884541
1595920861211	1595920861210	-11.828	1.745	1.674	0.382	0.106	1.222	127.738197	37.884541
1595920861235	1595920861235	-14.187	2.341	0.146	0.109	0.264	1.822	127.738197	37.884541
1595920861251	1595920861249	-15.790	1.239	-0.535	-0.710	0.363	2.580	127.738197	37.884541
1595920861270	1595920861269	-17.699	-0.157	-0.053	-1.445	0.714	3.516	127.738197	37.884541
1595920861291	1595920861289	-17.771	-0.881	1.590	-1.889	0.876	4.415	127.738197	37.884541
1595920861311	1595920861309	-17.201	-2.206	2.563	-2.481	0.930	4.946	127.738197	37.884541
1595920861335	1595920861331	-17.268	-3.221	3.020	-2.952	0.966	5.177	127.738197	37.884541
1595920861351	1595920861349	-16.109	-3.655	3.243	-2.731	0.730	5.225	127.738197	37.884541
1595920861376	1595920861372	-13.907	-3.578	2.726	-2.070	0.422	5.028	127.738197	37.884541
1595920861390	1595920861389	-12.029	-3.947	2.295	-1.544	0.235	4.626	127.738197	37.884541
1595920861416	1595920861412	-10.180	-4.484	2.029	-1.308	0.042	4.092	127.738197	37.884541
1595920861433	1595920861430	-8.570	-3.854	1.684	-1.338	-0.068	3.452	127.738197	37.884541
1595920861457	1595920861451	-7.961	-3.090	1.348	-1.736	-0.108	2.828	127.738197	37.884541
1595920861470	1595920861469	-8.330	-3.264	0.989	-2.279	-0.139	2.311	127.738197	37.884541
1595920861495	1595920861493	-8.891	-3.892	1.037	-2.397	-0.170	1.949	127.738197	37.884541
1595920861511	1595920861509	-9.495	-4.436	1.300	-1.924	-0.149	1.759	127.738197	37.884541
1595920861531	1595920861531	-9.504	-4.948	1.600	-1.179	-0.135	1.726	127.738197	37.884541
1595920861551	1595920861549	-8.249	-5.432	2.043	-0.421	-0.237	1.772	127.738197	37.884541
1595920861570	1595920861569	-8.493	-5.468	1.983	0.244	-0.153	1.782	127.738197	37.884541
1595920861589	1595920861587	-10.532	-5.447	1.739	0.721	0.073	1.767	127.738197	37.884541
1595920861609	1595920861606	-10.424	-5.430	1.909	0.897	-0.012	1.621	127.738197	37.884541
1595920861629	1595920861627	-8.891	-5.193	2.239	0.773	-0.129	1.298	127.738197	37.884541
1595920861648	1595920861646	-9.657	-5.162	2.144	0.490	-0.003	0.853	127.738197	37.884541
1595920861679	1595920861675	-12.836	-4.884	2.060	0.166	0.195	0.306	127.738197	37.884541
1595920861689	1595920861687	-14.590	-3.837	1.432	-0.376	0.129	-0.394	127.738197	37.884541
1595920861710	1595920861710	-16.803	-2.713	0.124	-1.095	0.162	-1.297	127.738197	37.884541
1595920861741	1595920861740	-18.643	-2.654	0.124	-1.743	0.293	-2.202	127.738197	37.884541
1595920861750	1595920861746	-16.195	-3.137	0.563	-2.010	0.106	-3.076	127.738197	37.884541
1595920861767	1595920861766	-15.150	-3.286	0.342	-1.539	0.466	-3.930	127.738197	37.884541
1595920861795	1595920861794	-16.609	-3.430	0.038	-0.647	0.988	-4.493	127.738182	37.884529
1595920861813	1595920861813	-15.965	-3.478	-0.185	0.413	1.087	-4.665	127.738182	37.884529
1595920861839	1595920861838	-14.092	-2.991	-0.237	1.660	1.116	-4.634	127.738182	37.884529
1595920861849	1595920861848	-12.546	-1.865	0.107	2.828	1.104	-4.445	127.738182	37.884529
1595920861869	1595920861867	-11.073	-0.696	0.733	3.636	0.912	-4.121	127.738182	37.884529
1595920861886	1595920861885	-9.248	0.132	0.888	3.993	0.599	-3.840	127.738182	37.884529
1595920861909	1595920861905	-8.031	0.918	0.900	3.853	0.355	-3.608	127.738182	37.884529
1595920861926	1595920861925	-8.024	1.742	1.154	3.227	0.286	-3.386	127.738182	37.884529
1595920861948	1595920861945	-7.626	2.875	1.332	2.393	0.188	-3.057	127.738182	37.884529
1595920861969	1595920861966	-7.444	2.873	1.789	1.717	0.140	-2.604	127.738182	37.884529
1595920861988	1595920861984	-9.085	1.869	2.340	1.308	0.226	-2.188	127.738182	37.884529
1595920862005	1595920862004	-10.470	1.970	2.151	1.325	0.076	-1.710	127.738182	37.884529
1595920862027	1595920862024	-10.266	2.770	1.775	1.457	-0.251	-1.183	127.738182	37.884529
1595920862047	1595920862045	-10.115	3.050	1.365	1.236	-0.465	-0.711	127.738182	37.884529
1595920862065	1595920862064	-10.450	3.144	1.044	0.810	-0.555	-0.256	127.738182	37.884529
1595920862089	1595920862084	-10.170	3.352	1.142	0.421	-0.699	0.169	127.738182	37.884529
1595920862106	1595920862103	-10.834	3.196	1.035	-0.042	-0.705	0.546	127.738182	37.884529
1595920862126	1595920862124	-12.118	2.624	0.400	-0.730	-0.542	0.938	127.738182	37.884529
1595920862149	1595920862144	-12.010	1.678	-0.132	-1.586	-0.444	1.332	127.738182	37.884529
1595920862171	1595920862168	-13.160	0.118	0.323	-2.229	-0.085	1.845	127.738182	37.884529
1595920862187	1595920862183	-16.628	-1.324	1.629	-2.403	0.457	2.547	127.738182	37.884529
1595920862205	1595920862203	-17.872	-2.088	2.630	-2.236	0.532	3.262	127.738182	37.884529
1595920862225	1595920862223	-16.475	-2.601	3.013	-1.827	0.460	3.853	127.738182	37.884529
1595920862246	1595920862246	-15.742	-2.982	3.370	-1.203	0.591	4.260	127.738182	37.884529
1595920862264	1595920862263	-14.755	-3.274	3.751	-0.417	0.570	4.382	127.738182	37.884529
1595920862285	1595920862282	-12.197	-3.130	3.341	0.310	0.354	4.199	127.738182	37.884529
1595920862306	1595920862302	-9.811	-2.783	2.304	0.733	0.283	3.867	127.738182	37.884529
1595920862328	1595920862323	-8.153	-2.483	1.633	0.753	0.275	3.513	127.738182	37.884529
1595920862350	1595920862344	-6.982	-2.237	1.442	0.439	0.220	3.165	127.738182	37.884529
1595920862375	1595920862367	-6.333	-1.937	1.504	-0.099	0.164	2.801	127.738182	37.884529
1595920862385	1595920862382	-6.426	-2.002	1.677	-0.712	0.101	2.469	127.738182	37.884529
1595920862404	1595920862402	-7.298	-2.438	1.803	-1.243	0.068	2.176	127.738182	37.884529
1595920862423	1595920862422	-8.096	-2.984	2.017	-1.523	0.019	1.934	127.738182	37.884529
1595920862444	1595920862441	-8.227	-3.497	2.182	-1.554	-0.069	1.776	127.738182	37.884529
1595920862464	1595920862465	-8.464	-3.772	2.474	-1.507	-0.088	1.666	127.738182	37.884529
1595920862488	1595920862486	-9.195	-4.481	2.711	-1.413	-0.077	1.571	127.738182	37.884529
1595920862507	1595920862503	-10.069	-5.135	2.850	-1.148	-0.051	1.441	127.738182	37.884529
1595920862525	1595920862525	-9.674	-5.176	2.992	-0.794	-0.086	1.165	127.738182	37.884529
1595920862546	1595920862544	-8.486	-4.486	2.941	-0.554	-0.094	0.768	127.738182	37.884529
1595920862568	1595920862568	-8.740	-3.569	2.366	-0.499	0.035	0.257	127.738182	37.884529
1595920862583	1595920862581	-11.646	-3.502	2.115	-0.468	0.255	-0.280	127.738182	37.884529
1595920862603	1595920862600	-13.462	-4.043	2.529	-0.345	0.196	-0.862	127.738182	37.884529
1595920862623	1595920862620	-14.070	-4.179	1.787	-0.004	0.041	-1.468	127.738182	37.884529
1595920862643	1595920862640	-16.693	-3.878	1.111	0.474	0.246	-1.950	127.738182	37.884529
1595920862662	1595920862661	-17.958	-3.305	1.123	0.737	0.165	-2.437	127.738182	37.884529
1595920862686	1595920862680	-17.084	-3.087	0.651	0.960	0.006	-2.942	127.738182	37.884529
1595920862703	1595920862703	-17.476	-2.524	0.225	1.411	0.173	-3.379	127.738182	37.884529
1595920862722	1595920862721	-17.359	-1.662	0.582	1.718	0.231	-3.677	127.738182	37.884529
1595920862745	1595920862745	-14.590	-1.473	0.644	1.709	0.065	-3.857	127.738182	37.884529
1595920862761	1595920862760	-11.883	-1.432	0.443	1.665	0.048	-3.950	127.738174	37.884514
1595920862784	1595920862781	-10.738	-1.504	0.584	1.597	0.124	-3.941	127.738174	37.884514
1595920862801	1595920862800	-10.582	-1.729	0.824	1.489	0.218	-3.918	127.738174	37.884514
1595920862822	1595920862821	-9.768	-1.243	0.812	1.592	0.189	-3.824	127.738174	37.884514
1595920862842	1595920862840	-8.960	-0.282	1.032	1.940	0.090	-3.677	127.738174	37.884514
1595920862865	1595920862861	-9.976	-0.004	1.214	2.278	0.143	-3.565	127.738174	37.884514
1595920862886	1595920862881	-10.216	0.235	0.991	2.464	0.013	-3.467	127.738174	37.884514
1595920862906	1595920862901	-8.704	2.054	0.663	2.539	-0.227	-3.249	127.738174	37.884514
1595920862926	1595920862924	-7.542	4.435	0.737	2.403	-0.294	-2.806	127.738174	37.884514
1595920862946	1595920862939	-7.403	5.867	1.262	1.982	-0.318	-2.163	127.738174	37.884514
1595920862962	1595920862960	-7.909	5.383	1.765	1.618	-0.377	-1.371	127.738174	37.884514
1595920862982	1595920862981	-9.336	4.296	2.110	1.341	-0.402	-0.567	127.738174	37.884514
1595920863002	1595920862999	-9.777	3.558	2.187	0.933	-0.582	0.159	127.738174	37.884514
1595920863021	1595920863020	-9.037	3.036	1.923	0.423	-0.825	0.702	127.738174	37.884514
1595920863041	1595920863038	-10.364	2.492	0.963	-0.130	-0.789	1.129	127.738174	37.884514
1595920863060	1595920863058	-12.403	2.049	-1.572	-1.019	-0.596	1.503	127.738174	37.884514
1595920863081	1595920863079	-13.244	1.419	-2.825	-2.367	-0.300	1.831	127.738174	37.884514
1595920863105	1595920863100	-14.726	0.547	-1.945	-3.679	0.277	2.232	127.738174	37.884514
1595920863120	1595920863118	-16.451	-1.341	0.227	-4.156	0.671	2.723	127.738174	37.884514
1595920863146	1595920863138	-16.842	-3.470	2.151	-3.728	0.650	3.160	127.738174	37.884514
1595920863160	1595920863158	-16.588	-4.400	2.766	-2.760	0.619	3.551	127.738174	37.884514
1595920863183	1595920863183	-15.476	-3.902	2.572	-1.677	0.579	3.842	127.738174	37.884514
1595920863200	1595920863198	-13.821	-4.115	2.592	-0.639	0.466	3.960	127.738174	37.884514
1595920863219	1595920863219	-11.876	-4.639	2.263	0.318	0.310	3.846	127.738174	37.884514
1595920863239	1595920863237	-9.703	-4.187	1.471	0.876	0.204	3.596	127.738174	37.884514
1595920863259	1595920863256	-7.959	-3.111	1.154	0.931	0.226	3.325	127.738174	37.884514
1595920863279	1595920863279	-7.137	-2.539	1.552	0.691	0.310	3.033	127.738174	37.884514
1595920863303	1595920863296	-6.857	-2.567	1.959	0.444	0.361	2.733	127.738174	37.884514
1595920863319	1595920863317	-6.620	-2.706	2.144	0.294	0.351	2.482	127.738174	37.884514
1595920863339	1595920863337	-6.927	-2.826	2.057	0.131	0.354	2.278	127.738174	37.884514
1595920863358	1595920863355	-7.636	-2.936	2.105	-0.121	0.349	2.092	127.738174	37.884514
1595920863380	1595920863378	-7.945	-3.193	2.136	-0.421	0.273	1.916	127.738174	37.884514
1595920863398	1595920863395	-8.742	-3.523	2.045	-0.629	0.276	1.775	127.738174	37.884514
1595920863421	1595920863415	-10.333	-3.724	2.342	-0.793	0.324	1.648	127.738174	37.884514
1595920863439	1595920863434	-11.066	-4.122	2.829	-1.073	0.290	1.503	127.738174	37.884514
1595920863462	1595920863458	-9.981	-4.388	2.671	-1.458	0.176	1.262	127.738174	37.884514
1595920863478	1595920863477	-9.027	-4.656	2.455	-1.734	0.213	0.912	127.738174	37.884514
1595920863507	1595920863502	-10.266	-5.356	2.580	-1.636	0.404	0.438	127.738174	37.884514
1595920863517	1595920863514	-13.282	-5.847	2.908	-0.912	0.606	-0.145	127.738174	37.884514
1595920863542	1595920863542	-13.394	-5.181	3.607	0.101	0.433	-0.738	127.738174	37.884514
1595920863556	1595920863553	-12.822	-4.553	2.977	0.734	0.186	-1.361	127.738174	37.884514
1595920863582	1595920863576	-16.070	-4.625	1.791	1.049	0.371	-2.046	127.738174	37.884514
1595920863596	1595920863594	-18.574	-4.294	1.176	1.458	0.274	-2.829	127.738174	37.884514
1595920863614	1595920863614	-18.791	-3.154	0.134	1.992	0.008	-3.644	127.738174	37.884514
1595920863639	1595920863636	-19.520	-1.583	-0.614	2.431	-0.042	-4.329	127.738174	37.884514
1595920863654	1595920863652	-19.460	-0.646	-0.439	2.489	-0.129	-4.725	127.738174	37.884514
1595920863673	1595920863673	-16.621	-0.572	0.100	2.283	-0.395	-4.854	127.738174	37.884514
1595920863701	1595920863695	-13.529	-0.692	0.426	2.070	-0.506	-4.845	127.738174	37.884514
1595920863714	1595920863712	-11.507	-1.010	0.649	1.829	-0.523	-4.702	127.738174	37.884514
1595920863736	1595920863735	-9.844	-1.341	0.687	1.493	-0.549	-4.534	127.738174	37.884514
1595920863775	1595920863775	-8.726	-1.326	0.589	1.152	-0.493	-4.309	127.738174	37.884514
1595920863778	1595920863778	-8.330	-0.984	0.517	0.943	-0.415	-4.072	127.738174	37.884514
1595920863804	1595920863804	-8.311	-0.490	0.445	1.003	-0.375	-3.781	127.738167	37.884506
1595920863820	1595920863819	-7.914	0.104	0.426	1.284	-0.456	-3.440	127.738167	37.884506
1595920863839	1595920863834	-7.688	0.762	0.445	1.629	-0.548	-3.042	127.738167	37.884506
1595920863852	1595920863850	-8.424	1.239	0.074	1.830	-0.575	-2.568	127.738167	37.884506
1595920863878	1595920863873	-9.859	1.495	-0.985	1.653	-0.568	-2.090	127.738167	37.884506
1595920863894	1595920863891	-10.961	2.020	-1.725	1.026	-0.585	-1.546	127.738167	37.884506
1595920863918	1595920863914	-10.098	2.530	-1.203	0.220	-0.682	-0.913	127.738167	37.884506
1595920863933	1595920863932	-8.345	1.713	0.292	-0.223	-0.662	-0.288	127.738167	37.884506
1595920863959	1595920863954	-9.322	0.544	1.777	-0.152	-0.291	0.333	127.738167	37.884506
1595920863972	1595920863971	-11.217	0.820	2.021	0.069	-0.061	0.919	127.738167	37.884506
1595920863995	1595920863991	-11.176	1.440	1.087	-0.165	0.001	1.475	127.738167	37.884506
1595920864013	1595920864013	-10.474	0.516	0.325	-0.819	0.149	1.977	127.738167	37.884506
1595920864040	1595920864034	-13.430	-0.687	0.893	-1.329	0.744	2.572	127.738167	37.884506
1595920864053	1595920864050	-16.396	-1.585	2.259	-1.366	1.034	3.324	127.738167	37.884506
1595920864072	1595920864070	-16.348	-1.621	2.961	-1.037	0.947	3.956	127.738167	37.884506
1595920864100	1595920864093	-16.913	-1.681	3.267	-0.657	1.087	4.488	127.738167	37.884506
1595920864116	1595920864110	-17.383	-2.071	3.289	-0.467	1.181	4.833	127.738167	37.884506
1595920864132	1595920864130	-15.675	-2.182	3.152	-0.582	1.006	4.901	127.738167	37.884506
1595920864151	1595920864149	-13.488	-2.570	3.162	-0.888	0.794	4.764	127.738167	37.884506
1595920864173	1595920864172	-11.119	-3.425	2.853	-1.190	0.579	4.440	127.738167	37.884506
1595920864192	1595920864188	-8.702	-1.501	3.492	-2.237	0.403	3.737	127.738167	37.884506
1595920864212	1595920864212	-8.297	-4.869	1.593	-2.873	-0.060	3.463	127.738167	37.884506
1595920864231	1595920864231	-6.270	-4.709	0.759	-1.817	-0.217	3.055	127.738167	37.884506
1595920864249	1595920864248	-6.706	-1.844	1.835	-1.456	0.041	2.826	127.738167	37.884506
1595920864271	1595920864268	-8.088	-4.002	0.891	-1.393	-0.061	2.451	127.738167	37.884506
1595920864292	1595920864289	-8.532	-4.592	1.509	-0.391	-0.120	2.299	127.738167	37.884506
1595920864310	1595920864308	-8.563	-3.521	2.398	0.098	-0.084	2.075	127.738167	37.884506
1595920864334	1595920864331	-8.896	-3.820	2.635	-0.189	-0.033	1.907	127.738167	37.884506
1595920864351	1595920864348	-9.435	-4.385	2.647	-0.474	-0.015	1.788	127.738167	37.884506
1595920864370	1595920864370	-10.077	-4.776	2.618	-0.667	0.026	1.611	127.738167	37.884506
1595920864398	1595920864391	-9.751	-4.781	2.424	-0.927	0.002	1.310	127.738167	37.884506
1595920864410	1595920864406	-9.401	-4.774	2.247	-1.238	0.060	0.901	127.738167	37.884506
1595920864433	1595920864427	-9.950	-4.831	2.194	-1.410	0.179	0.415	127.738167	37.884506
1595920864449	1595920864447	-11.718	-4.903	2.117	-1.203	0.272	-0.091	127.738167	37.884506
1595920864469	1595920864469	-14.012	-5.169	2.311	-0.712	0.394	-0.599	127.738167	37.884506
1595920864490	1595920864488	-14.202	-5.075	1.990	-0.089	0.226	-1.229	127.738167	37.884506
1595920864510	1595920864507	-15.193	-4.695	0.728	0.743	0.263	-1.873	127.738167	37.884506
1595920864530	1595920864530	-17.055	-3.763	0.230	1.450	0.400	-2.492	127.738167	37.884506
1595920864552	1595920864548	-17.191	-2.838	-0.115	1.822	0.213	-3.157	127.738167	37.884506
1595920864566	1595920864566	-17.395	-2.067	-0.535	2.104	0.188	-3.715	127.738167	37.884506
1595920864590	1595920864590	-17.726	-1.458	-0.331	2.233	0.201	-4.021	127.738167	37.884506
1595920864609	1595920864606	-16.161	-1.307	0.256	2.111	0.049	-4.139	127.738167	37.884506
1595920864628	1595920864625	-13.610	-1.456	0.553	1.924	-0.073	-4.168	127.738167	37.884506
1595920864648	1595920864645	-11.612	-1.631	0.634	1.747	-0.113	-4.158	127.738167	37.884506
1595920864667	1595920864665	-10.125	-1.576	0.500	1.556	-0.124	-4.111	127.738167	37.884506
1595920864689	1595920864686	-8.896	-1.228	0.266	1.391	-0.131	-4.004	127.738167	37.884506
1595920864710	1595920864710	-8.441	-0.610	0.313	1.385	-0.096	-3.846	127.738167	37.884506
1595920864728	1595920864727	-8.627	-0.050	0.560	1.594	-0.081	-3.623	127.738167	37.884506
1595920864752	1595920864751	-8.110	1.098	0.582	1.883	-0.227	-3.335	127.738152	37.884495
1595920864768	1595920864764	-7.509	2.437	0.342	2.070	-0.385	-2.939	127.738152	37.884495
1595920864798	1595920864783	-7.969	2.741	0.194	1.793	-0.388	-2.526	127.738152	37.884495
1595920864806	1595920864804	-9.106	2.145	0.165	1.130	-0.377	-2.038	127.738152	37.884495
1595920864826	1595920864825	-10.081	2.444	0.189	0.718	-0.402	-1.458	127.738152	37.884495
1595920864846	1595920864844	-10.357	3.429	0.589	0.533	-0.479	-0.872	127.738152	37.884495
1595920864865	1595920864864	-10.000	3.271	1.241	0.281	-0.562	-0.333	127.738152	37.884495
1595920864887	1595920864884	-9.471	2.497	1.736	0.159	-0.587	0.119	127.738152	37.884495
1595920864906	1595920864903	-8.848	2.164	1.964	0.244	-0.617	0.504	127.738152	37.884495
1595920864925	1595920864923	-8.805	2.125	1.739	0.263	-0.594	0.826	127.738152	37.884495
1595920864949	1595920864944	-11.095	2.178	0.634	-0.038	-0.399	1.177	127.738152	37.884495
1595920864964	1595920864962	-15.275	1.603	-0.470	-0.825	0.006	1.715	127.738152	37.884495
1595920864985	1595920864982	-17.028	0.300	0.002	-1.698	0.152	2.390	127.738152	37.884495
1595920865003	1595920865003	-16.128	-0.716	0.924	-2.162	0.168	3.078	127.738152	37.884495
1595920865026	1595920865023	-16.933	-1.477	1.827	-2.307	0.519	3.733	127.738152	37.884495
1595920865050	1595920865043	-17.639	-2.043	2.398	-2.389	0.755	4.349	127.738152	37.884495
1595920865064	1595920865062	-16.259	-2.515	2.908	-2.414	0.705	4.734	127.738152	37.884495
1595920865087	1595920865085	-14.635	-3.118	3.255	-2.141	0.658	4.846	127.738152	37.884495
1595920865103	1595920865103	-12.891	-3.569	2.929	-1.439	0.532	4.754	127.738152	37.884495
1595920865124	1595920865121	-10.776	-3.770	2.457	-0.616	0.338	4.549	127.738152	37.884495
1595920865145	1595920865145	-9.269	-4.031	2.108	0.056	0.227	4.241	127.738152	37.884495
1595920865164	1595920865164	-8.630	-3.878	1.820	0.542	0.211	3.801	127.738152	37.884495
1595920865183	1595920865182	-8.239	-3.226	1.480	0.690	0.152	3.279	127.738152	37.884495
1595920865205	1595920865205	-8.249	-2.697	1.161	0.317	0.117	2.785	127.738152	37.884495
1595920865223	1595920865221	-8.970	-3.034	1.492	-0.302	0.136	2.333	127.738152	37.884495
1595920865243	1595920865242	-9.408	-3.691	2.208	-0.692	0.097	1.925	127.738152	37.884495
1595920865262	1595920865261	-8.778	-3.629	2.534	-0.894	0.054	1.596	127.738152	37.884495
1595920865286	1595920865286	-8.606	-3.389	2.625	-1.234	0.091	1.326	127.738152	37.884495
1595920865304	1595920865304	-9.727	-4.105	2.754	-1.699	0.181	1.120	127.738152	37.884495
1595920865326	1595920865321	-9.605	-4.817	2.747	-2.053	0.141	0.967	127.738152	37.884495
1595920865346	1595920865345	-8.211	-4.762	2.398	-2.212	0.052	0.790	127.738152	37.884495
1595920865362	1595920865361	-7.933	-4.999	2.443	-2.300	0.107	0.591	127.738152	37.884495
1595920865381	1595920865381	-8.968	-5.861	2.055	-2.293	0.103	0.311	127.738152	37.884495
1595920865402	1595920865400	-12.848	-6.635	0.845	-1.852	0.286	-0.171	127.738152	37.884495
1595920865423	1595920865420	-16.032	-6.311	-0.113	-0.984	0.395	-0.837	127.738152	37.884495
1595920865445	1595920865445	-17.098	-4.754	-0.408	-0.041	0.358	-1.571	127.738152	37.884495
1595920865464	1595920865465	-17.994	-3.585	0.179	0.727	0.454	-2.417	127.738152	37.884495
1595920865487	1595920865486	-17.668	-3.113	0.258	1.476	0.478	-3.288	127.738152	37.884495
1595920865506	1595920865504	-17.354	-2.347	-0.240	2.322	0.579	-3.981	127.738152	37.884495
1595920865522	1595920865522	-17.754	-1.774	-0.925	2.870	0.663	-4.438	127.738152	37.884495
1595920865546	1595920865546	-17.151	-1.216	-0.901	3.190	0.553	-4.593	127.738152	37.884495
1595920865561	1595920865560	-15.174	-0.304	-0.019	3.381	0.373	-4.436	127.738152	37.884495
1595920865582	1595920865579	-12.784	-0.181	0.687	3.339	0.177	-4.190	127.738152	37.884495
1595920865601	1595920865600	-11.054	-0.847	0.749	3.113	0.081	-3.957	127.738152	37.884495
1595920865620	1595920865620	-10.036	-1.068	0.622	2.891	0.046	-3.774	127.738152	37.884495
1595920865645	1595920865644	-9.741	-0.390	0.694	2.597	0.025	-3.640	127.738152	37.884495
1595920865667	1595920865661	-9.463	0.830	0.424	2.088	-0.041	-3.551	127.738152	37.884495
1595920865687	1595920865680	-8.539	2.360	-0.154	1.522	-0.182	-3.380	127.738152	37.884495
1595920865704	1595920865699	-7.705	3.009	-0.151	1.142	-0.240	-3.119	127.738152	37.884495
1595920865720	1595920865718	-8.436	2.947	0.488	1.032	-0.164	-2.717	127.738152	37.884495
1595920865745	1595920865745	-9.722	3.189	1.070	1.070	-0.185	-2.195	127.738152	37.884495
1595920865760	1595920865758	-9.854	3.893	0.932	0.977	-0.385	-1.673	127.738152	37.884495
1595920865779	1595920865777	-9.792	4.202	0.400	0.483	-0.469	-1.201	127.738144	37.884483
1595920865799	1595920865797	-10.093	3.833	0.714	-0.028	-0.436	-0.649	127.738144	37.884483
1595920865823	1595920865823	-9.554	3.572	1.758	0.008	-0.440	-0.069	127.738144	37.884483
1595920865847	1595920865845	-9.308	3.697	2.910	0.427	-0.330	0.438	127.738144	37.884483
1595920865862	1595920865862	-10.953	3.421	2.321	0.706	-0.044	0.984	127.738144	37.884483
1595920865885	1595920865878	-12.697	2.854	1.001	0.377	0.231	1.503	127.738144	37.884483
1595920865900	1595920865900	-15.869	1.594	0.891	-0.310	0.548	2.018	127.738144	37.884483
1595920865921	1595920865921	-19.112	0.231	1.475	-0.745	0.833	2.591	127.738144	37.884483
1595920865943	1595920865943	-17.728	-0.074	1.911	-0.990	0.611	3.020	127.738144	37.884483
1595920865966	1595920865958	-16.432	-0.546	2.299	-1.271	0.707	3.232	127.738144	37.884483
1595920865980	1595920865978	-16.360	-1.379	2.800	-1.469	0.884	3.394	127.738144	37.884483
1595920866004	1595920866004	-14.662	-2.028	2.853	-1.458	0.755	3.458	127.738144	37.884483
1595920866018	1595920866015	-12.640	-2.282	2.422	-1.226	0.658	3.388	127.738144	37.884483
1595920866041	1595920866035	-10.690	-2.270	1.962	-0.989	0.536	3.261	127.738144	37.884483
1595920866061	1595920866058	-8.508	-2.311	1.564	-0.981	0.353	3.100	127.738144	37.884483
1595920866081	1595920866078	-7.097	-2.301	1.540	-1.221	0.252	2.908	127.738144	37.884483
1595920866101	1595920866095	-6.848	-2.685	1.106	-1.214	0.234	2.739	127.738144	37.884483
1595920866117	1595920866114	-7.315	-2.186	1.092	-1.059	0.285	2.625	127.738144	37.884483
1595920866137	1595920866134	-7.882	-2.242	0.673	-1.168	0.211	2.500	127.738144	37.884483
1595920866157	1595920866154	-8.565	-2.809	1.138	-1.204	0.140	2.470	127.738144	37.884483
1595920866176	1595920866176	-8.970	-3.470	1.736	-1.062	0.099	2.522	127.738144	37.884483
1595920866198	1595920866195	-8.829	-3.868	1.945	-0.865	0.097	2.599	127.738144	37.884483
1595920866215	1595920866213	-9.205	-4.486	2.206	-0.562	0.164	2.640	127.738144	37.884483
1595920866236	1595920866235	-10.587	-5.708	2.822	0.067	0.269	2.604	127.738144	37.884483
1595920866257	1595920866257	-10.692	-6.745	3.222	0.972	0.239	2.358	127.738144	37.884483
1595920866276	1595920866273	-9.380	-6.189	2.853	1.654	0.227	1.812	127.738144	37.884483
1595920866295	1595920866295	-8.723	-4.649	2.752	1.756	0.342	1.055	127.738144	37.884483
1595920866314	1595920866313	-10.374	-3.478	2.735	1.564	0.419	0.267	127.738144	37.884483
1595920866338	1595920866335	-13.660	-3.236	3.305	1.441	0.436	-0.506	127.738144	37.884483
1595920866354	1595920866353	-15.579	-3.430	3.636	1.268	0.111	-1.300	127.738144	37.884483
1595920866380	1595920866377	-17.349	-3.015	2.716	0.861	-0.142	-2.019	127.738144	37.884483
1595920866396	1595920866394	-18.181	-2.191	2.041	0.249	-0.448	-2.688	127.738144	37.884483
1595920866418	1595920866413	-17.541	-1.832	0.996	-0.385	-0.818	-3.409	127.738144	37.884483
1595920866434	1595920866431	-17.433	-1.552	0.124	-0.747	-0.844	-4.046	127.738144	37.884483
1595920866459	1595920866456	-16.899	-1.405	-0.010	-0.850	-0.754	-4.443	127.738144	37.884483
1595920866475	1595920866471	-14.640	-1.573	0.230	-0.707	-0.723	-4.551	127.738144	37.884483
1595920866495	1595920866493	-12.503	-1.818	0.445	-0.310	-0.609	-4.487	127.738144	37.884483
1595920866512	1595920866511	-11.143	-2.043	0.594	0.145	-0.476	-4.342	127.738144	37.884483
1595920866533	1595920866531	-9.995	-1.940	0.527	0.497	-0.398	-4.184	127.738144	37.884483
1595920866551	1595920866551	-9.123	-1.506	0.500	0.755	-0.323	-4.035	127.738144	37.884483
1595920866574	1595920866571	-8.718	-1.003	0.728	1.065	-0.267	-3.870	127.738144	37.884483
1595920866593	1595920866590	-9.260	-0.143	0.857	1.451	-0.204	-3.701	127.738144	37.884483
1595920866612	1595920866610	-9.593	1.486	0.754	1.736	-0.265	-3.464	127.738144	37.884483
1595920866632	1595920866630	-8.977	3.244	0.618	1.816	-0.399	-3.063	127.738144	37.884483
1595920866656	1595920866651	-9.209	3.810	1.126	1.679	-0.388	-2.526	127.738144	37.884483
1595920866672	1595920866671	-10.436	3.158	1.545	1.396	-0.367	-1.923	127.738144	37.884483
1595920866698	1595920866698	-10.776	3.230	1.399	1.164	-0.454	-1.270	127.738144	37.884483
1595920866710	1595920866710	-10.199	3.814	1.360	0.860	-0.530	-0.582	127.738144	37.884483
1595920866733	1595920866731	-9.384	3.275	1.545	0.422	-0.552	0.054	127.738144	37.884483
1595920866759	1595920866759	-9.176	2.490	1.885	0.196	-0.512	0.605	127.738136	37.884472
1595920866773	1595920866769	-9.768	1.936	1.854	0.235	-0.465	1.095	127.738136	37.884472
1595920866794	1595920866793	-10.280	1.975	0.840	0.067	-0.388	1.501	127.738136	37.884472
1595920866811	1595920866808	-11.006	1.486	-0.293	-0.544	-0.244	1.887	127.738136	37.884472
1595920866834	1595920866830	-13.521	0.183	-0.726	-1.402	0.176	2.360	127.738136	37.884472
1595920866850	1595920866849	-15.950	-0.943	-0.293	-2.087	0.488	2.951	127.738136	37.884472
1595920866877	1595920866871	-16.873	-1.269	0.572	-2.484	0.604	3.512	127.738136	37.884472
1595920866890	1595920866888	-17.539	-1.820	1.748	-2.756	0.771	3.939	127.738136	37.884472
1595920866915	1595920866911	-16.873	-2.900	2.354	-2.871	0.682	4.224	127.738136	37.884472
1595920866932	1595920866929	-14.223	-3.212	2.132	-2.712	0.426	4.256	127.738136	37.884472
1595920866953	1595920866951	-11.531	-3.046	1.516	-2.368	0.302	4.032	127.738136	37.884472
1595920866970	1595920866967	-9.727	-3.252	1.272	-1.775	0.226	3.735	127.738136	37.884472
1595920866993	1595920866991	-8.709	-3.617	1.130	-0.996	0.179	3.401	127.738136	37.884472
1595920867011	1595920867009	-7.935	-3.387	0.922	-0.480	0.141	2.939	127.738136	37.884472
1595920867031	1595920867028	-7.360	-3.042	0.680	-0.394	0.075	2.482	127.738136	37.884472
1595920867049	1595920867047	-7.607	-3.020	0.711	-0.459	0.093	2.120	127.738136	37.884472
1595920867069	1595920867066	-8.345	-3.308	1.126	-0.354	0.150	1.891	127.738136	37.884472
1595920867090	1595920867086	-8.654	-3.367	1.514	-0.096	0.171	1.764	127.738136	37.884472
1595920867111	1595920867106	-8.944	-3.243	1.930	0.068	0.244	1.717	127.738136	37.884472
1595920867129	1595920867126	-9.324	-3.561	2.424	0.031	0.305	1.738	127.738136	37.884472
1595920867148	1595920867146	-9.631	-4.278	2.972	-0.030	0.306	1.796	127.738136	37.884472
1595920867168	1595920867165	-9.523	-5.037	3.416	0.045	0.251	1.774	127.738136	37.884472
1595920867188	1595920867188	-8.594	-5.404	3.545	0.094	0.145	1.587	127.738136	37.884472
1595920867207	1595920867205	-8.282	-5.121	3.253	-0.165	0.162	1.167	127.738136	37.884472
1595920867227	1595920867226	-9.229	-5.428	2.925	-0.579	0.192	0.603	127.738136	37.884472
1595920867248	1595920867245	-12.398	-6.132	2.491	-0.575	0.272	0.011	127.738136	37.884472
1595920867267	1595920867266	-15.059	-6.048	2.390	0.038	0.267	-0.676	127.738136	37.884472
1595920867288	1595920867285	-15.833	-5.150	2.033	0.629	0.017	-1.382	127.738136	37.884472
1595920867312	1595920867312	-17.280	-5.097	1.530	0.822	-0.037	-2.043	127.738136	37.884472
1595920867330	1595920867330	-17.074	-4.383	1.241	0.777	-0.162	-2.672	127.738136	37.884472
1595920867350	1595920867346	-15.399	-3.434	0.622	0.826	-0.307	-3.327	127.738136	37.884472
1595920867369	1595920867365	-15.823	-2.668	-0.039	1.032	-0.170	-3.838	127.738136	37.884472
1595920867388	1595920867385	-16.339	-2.177	-0.412	1.101	-0.147	-4.126	127.738136	37.884472
1595920867412	1595920867404	-15.009	-2.287	-0.599	1.088	-0.245	-4.212	127.738136	37.884472
1595920867426	1595920867425	-13.179	-2.541	-0.547	1.295	-0.279	-4.160	127.738136	37.884472
1595920867449	1595920867449	-12.070	-2.517	-0.527	1.537	-0.255	-4.031	127.738136	37.884472
1595920867466	1595920867465	-11.526	-2.273	-0.388	1.603	-0.224	-3.947	127.738136	37.884472
1595920867488	1595920867485	-11.090	-1.801	-0.242	1.603	-0.221	-3.903	127.738136	37.884472
1595920867506	1595920867506	-10.161	-1.128	-0.247	1.651	-0.298	-3.864	127.738136	37.884472
1595920867532	1595920867525	-9.976	-0.189	0.067	1.743	-0.331	-3.779	127.738136	37.884472
1595920867551	1595920867548	-10.836	0.830	0.546	1.821	-0.383	-3.540	127.738136	37.884472
1595920867564	1595920867562	-10.285	2.027	0.529	1.889	-0.664	-3.145	127.738136	37.884472
1595920867583	1595920867582	-8.951	2.835	0.158	1.740	-0.873	-2.733	127.738136	37.884472
1595920867604	1595920867603	-8.790	2.782	-0.175	1.129	-0.841	-2.355	127.738136	37.884472
1595920867625	1595920867624	-9.612	2.458	-0.345	0.352	-0.736	-1.836	127.738136	37.884472
1595920867645	1595920867644	-9.303	2.355	-0.077	-0.063	-0.735	-1.164	127.738136	37.884472
1595920867664	1595920867662	-7.518	2.217	0.323	-0.234	-0.795	-0.595	127.738136	37.884472
1595920867687	1595920867685	-6.174	1.606	1.032	-0.352	-0.697	-0.085	127.738136	37.884472
1595920867706	1595920867703	-6.047	1.167	2.354	-0.267	-0.583	0.406	127.738136	37.884472
1595920867723	1595920867723	-8.503	1.270	1.957	-0.342	-0.343	0.782	127.738136	37.884472
1595920867753	1595920867748	-14.710	1.299	-0.202	-1.075	0.250	1.257	127.738136	37.884472
1595920867779	1595920867768	-18.772	-0.332	0.165	-1.834	0.502	1.929	127.738129	37.884464
1595920867785	1595920867780	-16.259	-1.913	1.269	-1.921	0.180	2.572	127.738129	37.884464
1595920867802	1595920867801	-15.601	-2.285	2.618	-1.353	0.604	3.143	127.738129	37.884464
1595920867824	1595920867823	-16.652	-2.754	4.058	-0.821	0.961	3.690	127.738129	37.884464
1595920867842	1595920867842	-15.423	-2.910	4.798	-0.352	0.863	4.073	127.738129	37.884464
1595920867863	1595920867861	-13.311	-2.603	4.585	0.104	0.759	4.202	127.738129	37.884464
1595920867887	1595920867884	-11.255	-2.469	3.346	0.275	0.623	4.178	127.738129	37.884464
1595920867913	1595920867903	-9.444	-3.128	2.467	0.142	0.460	4.116	127.738129	37.884464
1595920867932	1595920867932	-8.503	-3.679	3.449	-0.219	0.396	3.851	127.738129	37.884464
1595920867951	1595920867945	-8.414	-4.905	2.417	-0.286	-0.005	3.505	127.738129	37.884464
1595920867969	1595920867963	-6.812	-3.650	1.571	0.848	0.074	3.247	127.738129	37.884464
1595920867982	1595920867982	-7.257	-1.441	1.940	0.655	0.243	2.779	127.738129	37.884464
1595920868004	1595920868003	-8.244	-2.838	1.866	-0.351	0.213	2.445	127.738129	37.884464
1595920868021	1595920868021	-7.873	-3.760	2.156	-0.604	0.131	2.163	127.738129	37.884464
1595920868044	1595920868042	-8.441	-3.284	2.541	-0.578	0.215	1.937	127.738129	37.884464
1595920868061	1595920868060	-9.856	-3.720	2.580	-0.730	0.264	1.773	127.738129	37.884464
1595920868082	1595920868081	-10.642	-4.402	2.407	-0.874	0.190	1.688	127.738129	37.884464
1595920868103	1595920868101	-10.534	-4.812	2.405	-0.918	0.098	1.595	127.738129	37.884464
1595920868126	1595920868121	-9.691	-4.975	2.357	-0.907	0.060	1.458	127.738129	37.884464
1595920868143	1595920868140	-8.762	-4.819	2.422	-0.944	0.100	1.244	127.738129	37.884464
1595920868167	1595920868160	-9.135	-5.083	2.608	-1.036	0.171	0.907	127.738129	37.884464
1595920868183	1595920868180	-11.643	-5.569	2.642	-0.939	0.286	0.420	127.738129	37.884464
1595920868204	1595920868204	-15.241	-5.612	2.041	-0.529	0.310	-0.129	127.738129	37.884464
1595920868223	1595920868220	-18.332	-5.662	1.291	-0.083	0.276	-0.730	127.738129	37.884464
1595920868242	1595920868240	-18.241	-5.121	1.126	0.188	0.019	-1.376	127.738129	37.884464
1595920868262	1595920868259	-16.981	-4.706	0.496	0.673	-0.113	-2.071	127.738129	37.884464
1595920868280	1595920868280	-17.143	-3.569	-0.161	1.351	0.024	-2.787	127.738129	37.884464
1595920868302	1595920868302	-17.584	-2.277	-0.240	1.725	0.061	-3.409	127.738129	37.884464
1595920868322	1595920868319	-16.312	-1.755	0.021	1.803	-0.069	-3.866	127.738129	37.884464
1595920868342	1595920868341	-14.046	-1.511	0.421	1.753	-0.195	-4.135	127.738129	37.884464
1595920868361	1595920868359	-12.161	-1.631	0.714	1.507	-0.225	-4.326	127.738129	37.884464
1595920868382	1595920868378	-10.898	-1.961	0.670	1.177	-0.219	-4.502	127.738129	37.884464
1595920868400	1595920868399	-10.242	-1.889	0.508	1.002	-0.147	-4.626	127.738129	37.884464
1595920868420	1595920868418	-10.316	-1.508	0.452	0.998	-0.042	-4.699	127.738129	37.884464
1595920868444	1595920868441	-10.479	-0.483	0.651	1.164	-0.010	-4.687	127.738129	37.884464
1595920868462	1595920868461	-9.856	1.153	0.941	1.617	-0.168	-4.403	127.738129	37.884464
1595920868480	1595920868477	-8.934	2.135	0.908	2.203	-0.384	-3.882	127.738129	37.884464
1595920868507	1595920868503	-9.356	2.008	0.888	2.457	-0.429	-3.342	127.738129	37.884464
1595920868526	1595920868521	-11.368	1.725	1.011	2.199	-0.420	-2.821	127.738129	37.884464
1595920868539	1595920868537	-12.396	1.960	1.027	1.809	-0.609	-2.204	127.738129	37.884464
1595920868559	1595920868557	-11.315	3.041	1.126	1.466	-0.927	-1.606	127.738129	37.884464
1595920868579	1595920868577	-9.485	3.386	1.327	1.089	-1.079	-1.064	127.738129	37.884464
1595920868600	1595920868598	-8.414	2.794	1.863	0.571	-1.000	-0.612	127.738129	37.884464
1595920868619	1595920868616	-7.396	1.860	2.673	0.116	-0.957	-0.177	127.738129	37.884464
1595920868641	1595920868636	-7.516	1.560	2.422	-0.135	-0.803	0.253	127.738129	37.884464
1595920868658	1595920868655	-9.832	1.814	0.977	-0.588	-0.417	0.754	127.738129	37.884464
1595920868677	1595920868674	-11.902	1.249	-0.103	-1.484	-0.081	1.420	127.738129	37.884464
