1595920828999	1595920828999	-12.510	-6.036	-0.273	0.563	0.004	1.294	127.738365	37.884972
1595920829018	1595920829013	-14.377	-6.364	0.206	0.714	0.286	0.873	127.738365	37.884972
1595920829037	1595920829035	-12.065	-5.626	0.881	1.083	0.230	0.291	127.738365	37.884972
1595920829057	1595920829057	-10.846	-4.958	0.555	1.721	0.352	-0.279	127.738365	37.884972
1595920829075	1595920829073	-14.015	-4.999	-0.123	2.354	0.827	-0.840	127.738365	37.884972
1595920829094	1595920829092	-16.111	-5.130	-0.235	2.780	0.883	-1.425	127.738365	37.884972
1595920829113	1595920829112	-15.955	-4.347	0.436	3.201	0.783	-2.077	127.738365	37.884972
1595920829134	1595920829132	-15.974	-2.927	0.795	3.451	0.792	-2.721	127.738365	37.884972
1595920829153	1595920829152	-15.469	-2.021	0.531	3.315	0.725	-3.278	127.738365	37.884972
1595920829173	1595920829172	-13.687	-1.705	0.064	3.015	0.579	-3.699	127.738365	37.884972
1595920829194	1595920829192	-11.845	-1.449	-0.055	2.728	0.496	-3.964	127.738365	37.884972
1595920829213	1595920829212	-10.652	-1.520	-0.065	2.371	0.481	-4.094	127.738365	37.884972
1595920829233	1595920829231	-10.034	-1.952	-0.288	2.007	0.488	-4.139	127.738365	37.884972
1595920829253	1595920829251	-9.722	-1.935	-0.340	1.826	0.505	-4.067	127.738365	37.884972
1595920829273	1595920829272	-9.198	-1.096	-0.178	1.901	0.474	-3.885	127.738365	37.884972
1595920829292	1595920829291	-8.512	-0.351	0.012	2.031	0.390	-3.651	127.738365	37.884972
1595920829312	1595920829311	-8.249	0.161	0.335	2.054	0.319	-3.356	127.738365	37.884972
1595920829337	1595920829334	-8.038	0.499	0.625	2.068	0.172	-2.945	127.738365	37.884972
1595920829353	1595920829350	-7.834	0.561	0.795	1.911	-0.006	-2.567	127.738365	37.884972
1595920829373	1595920829373	-8.817	0.621	0.965	1.505	-0.086	-2.197	127.738365	37.884972
1595920829394	1595920829390	-10.014	1.246	1.391	1.201	-0.229	-1.748	127.738365	37.884972
1595920829412	1595920829411	-9.895	2.353	1.636	0.969	-0.535	-1.314	127.738365	37.884972
1595920829431	1595920829430	-9.578	2.387	1.571	0.338	-0.727	-0.941	127.738365	37.884972
1595920829515	1595920829450	-9.442	1.373	1.811	-0.410	-0.818	-0.527	127.738365	37.884972
1595920829515	1595920829515	-8.869	0.736	3.224	-0.706	-0.981	-0.119	127.738365	37.884972
1595920829515	1595920829515	-9.162	0.441	3.837	-0.650	-1.171	0.178	127.738365	37.884972
1595920829516	1595920829515	-12.003	1.174	1.962	-0.814	-1.056	0.483	127.738365	37.884972
1595920829531	1595920829529	-13.608	1.575	0.225	-1.603	-1.007	0.960	127.738365	37.884972
1595920829555	1595920829549	-14.645	-0.256	-0.041	-2.579	-0.882	1.504	127.738365	37.884972
1595920829572	1595920829569	-16.051	-2.488	0.596	-2.801	-0.529	2.231	127.738365	37.884972
1595920829591	1595920829590	-16.015	-3.025	1.530	-2.262	-0.335	2.999	127.738365	37.884972
1595920829614	1595920829611	-15.040	-3.082	2.580	-1.557	-0.080	3.706	127.738365	37.884972
1595920829632	1595920829628	-14.195	-3.422	3.351	-0.906	0.163	4.245	127.738365	37.884972
1595920829651	1595920829648	-13.133	-3.842	3.444	-0.224	0.323	4.525	127.738365	37.884972
1595920829669	1595920829668	-11.859	-4.053	3.145	0.543	0.386	4.543	127.738365	37.884972
1595920829689	1595920829688	-10.446	-3.976	2.405	1.240	0.300	4.377	127.738365	37.884972
1595920829709	1595920829707	-9.109	-3.569	1.375	1.573	0.209	4.066	127.738365	37.884972
1595920829731	1595920829730	-8.081	-2.594	0.119	1.419	0.208	3.635	127.738365	37.884972
1595920829754	1595920829754	-7.145	-1.956	-0.604	0.919	0.214	3.174	127.738365	37.884960
1595920829773	1595920829772	-6.601	-2.474	0.146	0.586	0.199	2.740	127.738365	37.884960
1595920829794	1595920829793	-6.481	-3.123	0.917	0.678	0.248	2.318	127.738365	37.884960
1595920829813	1595920829813	-7.027	-2.773	1.221	0.955	0.455	1.920	127.738365	37.884960
1595920829834	1595920829833	-8.321	-2.258	1.741	0.925	0.628	1.635	127.738365	37.884960
1595920829849	1595920829847	-9.916	-2.424	2.412	0.455	0.696	1.485	127.738365	37.884960
1595920829873	1595920829870	-11.957	-3.106	2.961	-0.169	0.703	1.464	127.738365	37.884960
1595920829890	1595920829887	-12.820	-3.413	2.850	-0.851	0.588	1.477	127.738365	37.884960
1595920829911	1595920829911	-11.595	-3.343	2.462	-1.479	0.371	1.447	127.738365	37.884960
1595920829930	1595920829928	-10.546	-3.384	2.297	-1.983	0.300	1.372	127.738365	37.884960
1595920829954	1595920829953	-10.738	-3.820	2.481	-2.416	0.311	1.173	127.738365	37.884960
1595920829968	1595920829968	-12.381	-5.037	2.980	-2.622	0.329	0.818	127.738365	37.884960
1595920829991	1595920829989	-12.736	-5.451	3.447	-2.554	0.208	0.361	127.738365	37.884960
1595920830013	1595920830006	-10.697	-5.214	3.167	-2.291	-0.041	-0.206	127.738365	37.884960
1595920830029	1595920830026	-12.000	-5.485	2.419	-1.669	0.135	-0.870	127.738365	37.884960
1595920830050	1595920830047	-15.562	-5.087	2.038	-0.944	0.356	-1.576	127.738365	37.884960
1595920830067	1595920830065	-16.473	-3.868	2.134	-0.566	0.219	-2.347	127.738365	37.884960
1595920830089	1595920830086	-15.728	-2.996	1.892	-0.500	0.082	-3.083	127.738365	37.884960
1595920830108	1595920830108	-15.186	-2.876	1.559	-0.465	0.136	-3.616	127.738365	37.884960
1595920830132	1595920830132	-14.161	-3.056	1.238	-0.277	0.205	-3.893	127.738365	37.884960
1595920830149	1595920830146	-12.513	-3.092	0.678	0.128	0.245	-4.000	127.738365	37.884960
1595920830167	1595920830167	-11.104	-2.706	0.337	0.759	0.316	-3.969	127.738365	37.884960
1595920830196	1595920830190	-10.268	-2.071	0.428	1.222	0.372	-3.836	127.738365	37.884960
1595920830216	1595920830206	-9.559	-1.722	0.385	1.264	0.370	-3.709	127.738365	37.884960
1595920830227	1595920830225	-8.745	-1.573	0.194	1.164	0.353	-3.616	127.738365	37.884960
1595920830248	1595920830245	-8.424	-1.305	0.218	1.112	0.387	-3.518	127.738365	37.884960
1595920830266	1595920830265	-9.147	-1.137	0.388	1.087	0.464	-3.409	127.738365	37.884960
1595920830287	1595920830285	-9.588	-0.761	0.503	1.168	0.410	-3.267	127.738365	37.884960
1595920830307	1595920830307	-8.826	0.108	0.431	1.472	0.211	-2.996	127.738365	37.884960
1595920830327	1595920830327	-8.927	0.691	0.625	1.775	0.136	-2.601	127.738365	37.884960
1595920830348	1595920830347	-11.162	0.544	1.310	1.712	0.207	-2.194	127.738365	37.884960
1595920830371	1595920830367	-12.422	0.695	1.643	1.501	0.059	-1.767	127.738365	37.884960
1595920830389	1595920830386	-10.894	1.572	1.574	1.339	-0.290	-1.361	127.738365	37.884960
1595920830405	1595920830404	-8.958	1.946	1.724	1.034	-0.459	-0.987	127.738365	37.884960
1595920830439	1595920830427	-8.235	1.277	2.120	0.621	-0.440	-0.591	127.738365	37.884960
1595920830446	1595920830444	-8.963	0.885	2.280	0.370	-0.400	-0.201	127.738365	37.884960
1595920830466	1595920830463	-11.409	1.361	2.021	0.090	-0.261	0.203	127.738365	37.884960
1595920830485	1595920830482	-12.958	1.208	1.308	-0.594	-0.289	0.625	127.738365	37.884960
1595920830509	1595920830508	-14.257	0.413	0.908	-1.396	-0.244	1.130	127.738365	37.884960
1595920830525	1595920830525	-15.083	-0.742	1.003	-1.998	-0.164	1.747	127.738365	37.884960
1595920830545	1595920830544	-14.448	-1.767	1.181	-2.243	-0.187	2.381	127.738365	37.884960
1595920830568	1595920830567	-14.235	-2.273	2.153	-2.083	-0.016	3.014	127.738365	37.884960
1595920830585	1595920830583	-13.931	-2.436	3.025	-1.818	0.004	3.517	127.738365	37.884960
1595920830612	1595920830612	-12.458	-2.503	2.812	-1.639	-0.100	3.836	127.738365	37.884960
1595920830626	1595920830624	-10.910	-2.709	2.453	-1.490	-0.173	4.027	127.738365	37.884960
1595920830644	1595920830644	-9.940	-3.130	2.263	-1.345	-0.278	4.155	127.738365	37.884960
1595920830663	1595920830663	-9.387	-3.351	2.019	-1.168	-0.382	4.210	127.738365	37.884960
1595920830682	1595920830682	-9.121	-3.090	1.655	-1.031	-0.449	4.128	127.738365	37.884960
1595920830704	1595920830702	-9.049	-2.891	1.226	-1.087	-0.526	3.958	127.738365	37.884960
1595920830723	1595920830721	-8.936	-2.886	0.733	-1.345	-0.624	3.759	127.738365	37.884960
1595920830754	1595920830753	-9.001	-3.188	0.567	-1.674	-0.679	3.543	127.738365	37.884949
1595920830770	1595920830760	-9.322	-3.696	0.534	-1.925	-0.696	3.312	127.738365	37.884949
1595920830781	1595920830779	-10.053	-4.275	0.560	-2.030	-0.697	3.065	127.738365	37.884949
1595920830802	1595920830799	-11.500	-5.018	0.316	-2.003	-0.642	2.785	127.738365	37.884949
1595920830821	1595920830820	-12.115	-5.624	-0.182	-1.848	-0.648	2.411	127.738365	37.884949
1595920830842	1595920830840	-11.524	-5.667	-0.388	-1.660	-0.648	1.988	127.738365	37.884949
1595920830861	1595920830860	-10.702	-5.859	0.072	-1.509	-0.502	1.541	127.738365	37.884949
1595920830886	1595920830882	-10.117	-5.959	0.484	-1.292	-0.261	1.092	127.738365	37.884949
1595920830903	1595920830900	-10.211	-5.509	0.740	-1.017	0.013	0.663	127.738365	37.884949
1595920830928	1595920830926	-11.842	-5.588	1.169	-0.809	0.313	0.247	127.738365	37.884949
1595920830943	1595920830943	-12.894	-6.630	1.926	-0.475	0.442	-0.190	127.738365	37.884949
1595920830969	1595920830969	-12.091	-6.860	1.269	0.261	0.284	-0.607	127.738365	37.884949
1595920830982	1595920830981	-14.044	-6.635	0.311	1.224	0.521	-0.938	127.738365	37.884949
1595920831012	1595920831012	-16.195	-6.175	0.064	1.961	0.668	-1.342	127.738365	37.884949
1595920831022	1595920831022	-16.485	-5.085	0.311	2.643	0.635	-1.956	127.738365	37.884949
1595920831044	1595920831042	-16.279	-3.284	0.402	3.122	0.639	-2.737	127.738365	37.884949
1595920831064	1595920831061	-15.898	-1.906	0.189	3.094	0.624	-3.463	127.738365	37.884949
1595920831083	1595920831083	-14.645	-1.604	-0.230	2.667	0.599	-4.025	127.738365	37.884949
1595920831102	1595920831100	-12.949	-1.834	-0.446	2.290	0.570	-4.368	127.738365	37.884949
1595920831121	1595920831120	-11.488	-1.928	-0.364	2.119	0.579	-4.513	127.738365	37.884949
1595920831143	1595920831140	-10.817	-1.715	-0.360	2.077	0.628	-4.505	127.738365	37.884949
1595920831168	1595920831161	-10.230	-0.752	-0.295	2.204	0.591	-4.314	127.738365	37.884949
1595920831182	1595920831181	-9.104	0.085	0.045	2.467	0.410	-3.972	127.738365	37.884949
1595920831208	1595920831208	-8.795	0.113	0.452	2.542	0.309	-3.619	127.738365	37.884949
1595920831221	1595920831219	-9.387	0.142	0.409	2.358	0.224	-3.259	127.738365	37.884949
1595920831245	1595920831244	-9.324	1.131	0.076	2.009	-0.005	-2.939	127.738365	37.884949
1595920831266	1595920831260	-9.332	1.994	0.309	1.496	-0.190	-2.643	127.738365	37.884949
1595920831283	1595920831281	-10.973	1.771	0.658	1.001	-0.230	-2.340	127.738365	37.884949
1595920831301	1595920831298	-12.386	1.694	0.572	0.652	-0.337	-2.054	127.738365	37.884949
1595920831319	1595920831318	-11.730	2.090	0.460	0.372	-0.547	-1.771	127.738365	37.884949
1595920831340	1595920831338	-9.875	2.341	0.826	0.109	-0.630	-1.422	127.738365	37.884949
1595920831359	1595920831359	-8.654	2.032	1.851	-0.016	-0.526	-1.005	127.738365	37.884949
1595920831380	1595920831381	-9.221	1.845	2.795	-0.066	-0.382	-0.577	127.738365	37.884949
1595920831403	1595920831403	-11.248	1.972	2.525	-0.163	-0.296	-0.089	127.738365	37.884949
1595920831421	1595920831421	-12.098	2.552	0.711	-0.505	-0.365	0.455	127.738365	37.884949
1595920831447	1595920831441	-12.616	2.145	0.187	-1.250	-0.309	1.066	127.738365	37.884949
1595920831466	1595920831462	-15.275	0.319	1.796	-1.841	0.052	1.761	127.738365	37.884949
1595920831483	1595920831476	-17.024	-0.605	2.937	-1.729	0.220	2.415	127.738365	37.884949
1595920831502	1595920831502	-15.644	-0.567	3.385	-1.483	0.139	2.842	127.738365	37.884949
1595920831519	1595920831515	-13.950	-1.243	3.864	-1.519	0.175	3.120	127.738365	37.884949
1595920831539	1595920831535	-12.676	-1.947	4.256	-1.521	0.155	3.288	127.738365	37.884949
1595920831561	1595920831561	-10.709	-2.244	3.928	-1.328	-0.081	3.333	127.738365	37.884949
1595920831578	1595920831577	-9.396	-2.563	3.133	-1.039	-0.227	3.336	127.738365	37.884949
1595920831603	1595920831595	-8.874	-2.836	2.182	-0.797	-0.317	3.308	127.738365	37.884949
1595920831623	1595920831615	-8.350	-2.651	1.080	-0.686	-0.452	3.202	127.738365	37.884949
1595920831640	1595920831640	-7.892	-2.237	0.270	-0.743	-0.547	3.032	127.738365	37.884949
1595920831667	1595920831664	-7.880	-2.129	-0.137	-1.047	-0.585	2.838	127.738365	37.884949
1595920831681	1595920831676	-8.378	-2.524	-0.329	-1.425	-0.546	2.635	127.738365	37.884949
1595920831698	1595920831694	-9.372	-3.008	-0.087	-1.577	-0.465	2.467	127.738365	37.884949
1595920831717	1595920831714	-10.223	-3.964	0.371	-1.202	-0.414	2.407	127.738365	37.884949
1595920831739	1595920831736	-10.520	-5.159	0.680	-0.106	-0.403	2.496	127.738365	37.884949
1595920831762	1595920831753	-10.860	-5.370	0.563	1.281	-0.301	2.680	127.738358	37.884933
1595920831777	1595920831775	-12.295	-4.984	0.649	2.238	0.023	2.890	127.738358	37.884933
1595920831798	1595920831794	-12.812	-4.891	1.641	2.430	0.237	3.000	127.738358	37.884933
1595920831822	1595920831821	-11.514	-5.030	2.824	1.998	0.299	2.884	127.738358	37.884933
1595920831845	1595920831843	-10.874	-5.061	3.023	1.288	0.418	2.446	127.738358	37.884933
1595920831858	1595920831858	-12.575	-4.711	2.654	0.644	0.581	1.780	127.738358	37.884933
1595920831882	1595920831877	-13.670	-4.508	3.511	0.112	0.463	1.067	127.738358	37.884933
1595920831894	1595920831892	-12.027	-4.798	3.646	-0.466	0.030	0.265	127.738358	37.884933
1595920831917	1595920831913	-12.357	-5.205	3.092	-0.644	-0.005	-0.582	127.738358	37.884933
1595920831934	1595920831932	-14.252	-4.855	2.560	-0.366	0.048	-1.415	127.738358	37.884933
1595920831959	1595920831954	-15.105	-4.251	1.983	0.030	-0.092	-2.240	127.738358	37.884933
1595920831973	1595920831973	-15.668	-3.530	1.308	0.464	-0.183	-3.051	127.738358	37.884933
1595920831998	1595920831998	-16.085	-2.785	0.718	0.883	-0.230	-3.685	127.738358	37.884933
1595920832023	1595920832014	-15.280	-2.309	0.278	1.165	-0.331	-4.080	127.738358	37.884933
1595920832036	1595920832035	-13.627	-2.067	0.163	1.360	-0.405	-4.313	127.738358	37.884933
1595920832056	1595920832051	-12.211	-1.973	0.342	1.504	-0.425	-4.452	127.738358	37.884933
1595920832072	1595920832070	-11.085	-1.710	0.479	1.530	-0.443	-4.490	127.738358	37.884933
1595920832093	1595920832090	-10.237	-1.429	0.438	1.383	-0.430	-4.461	127.738358	37.884933
1595920832113	1595920832111	-9.540	-1.147	0.330	1.169	-0.381	-4.365	127.738358	37.884933
1595920832132	1595920832130	-8.745	-0.747	0.316	0.980	-0.371	-4.193	127.738358	37.884933
1595920832152	1595920832149	-8.548	-0.522	0.381	0.824	-0.318	-3.963	127.738358	37.884933
1595920832172	1595920832172	-9.593	-0.483	0.534	0.818	-0.202	-3.628	127.738358	37.884933
1595920832192	1595920832192	-10.395	-0.057	0.553	1.073	-0.234	-3.173	127.738358	37.884933
1595920832213	1595920832213	-10.067	0.600	0.440	1.324	-0.392	-2.682	127.738358	37.884933
1595920832232	1595920832229	-9.926	0.729	0.524	1.344	-0.483	-2.237	127.738358	37.884933
1595920832259	1595920832250	-10.946	0.897	0.704	1.124	-0.452	-1.811	127.738358	37.884933
1595920832271	1595920832269	-11.227	1.373	0.817	0.734	-0.523	-1.395	127.738358	37.884933
1595920832291	1595920832289	-9.636	1.948	1.018	0.372	-0.727	-1.041	127.738358	37.884933
1595920832311	1595920832309	-9.360	2.161	1.413	0.068	-0.663	-0.709	127.738358	37.884933
1595920832335	1595920832330	-11.552	2.022	1.554	-0.244	-0.391	-0.326	127.738358	37.884933
1595920832351	1595920832348	-12.108	1.917	1.152	-0.573	-0.343	0.106	127.738358	37.884933
1595920832371	1595920832371	-11.950	1.637	0.723	-0.972	-0.229	0.604	127.738358	37.884933
1595920832392	1595920832389	-13.818	0.504	1.207	-1.320	0.214	1.293	127.738358	37.884933
1595920832415	1595920832415	-14.904	-0.404	1.715	-1.451	0.460	2.063	127.738358	37.884933
1595920832436	1595920832436	-14.590	-0.775	2.330	-1.423	0.627	2.767	127.738358	37.884933
1595920832449	1595920832447	-14.089	-1.305	3.380	-1.316	0.793	3.363	127.738358	37.884933
1595920832471	1595920832471	-13.313	-2.071	4.558	-1.036	0.764	3.817	127.738358	37.884933
1595920832490	1595920832487	-11.818	-2.380	4.666	-0.611	0.530	4.071	127.738358	37.884933
1595920832510	1595920832508	-10.405	-2.210	3.737	-0.345	0.345	4.119	127.738358	37.884933
1595920832529	1595920832527	-9.598	-2.028	2.546	-0.482	0.226	4.069	127.738358	37.884933
1595920832549	1595920832547	-9.116	-2.083	1.995	-1.030	0.035	3.922	127.738358	37.884933
1595920832569	1595920832569	-8.381	-2.553	1.303	-1.574	-0.202	3.758	127.738358	37.884933
1595920832589	1595920832589	-8.266	-2.608	1.056	-2.021	-0.274	3.547	127.738358	37.884933
1595920832609	1595920832608	-8.807	-2.960	0.805	-2.426	-0.355	3.334	127.738358	37.884933
1595920832633	1595920832633	-9.662	-3.523	0.970	-2.621	-0.418	3.136	127.738358	37.884933
1595920832649	1595920832646	-10.275	-4.132	1.090	-2.580	-0.501	2.935	127.738358	37.884933
1595920832673	1595920832666	-10.321	-4.481	1.046	-2.403	-0.572	2.714	127.738358	37.884933
1595920832688	1595920832686	-10.699	-5.109	0.747	-2.183	-0.547	2.504	127.738358	37.884933
1595920832708	1595920832706	-11.526	-5.657	0.143	-1.918	-0.465	2.227	127.738358	37.884933
1595920832753	1595920832753	-11.231	-5.382	-0.142	-1.539	-0.398	1.888	127.738358	37.884918
1595920832770	1595920832753	-10.108	-5.435	0.172	-1.132	-0.304	1.522	127.738358	37.884918
1595920832770	1595920832770	-9.274	-5.770	0.824	-1.025	-0.142	0.994	127.738358	37.884918
1595920832788	1595920832784	-9.653	-6.029	1.415	-1.179	0.033	0.439	127.738358	37.884918
1595920832806	1595920832804	-12.542	-6.589	1.839	-1.092	0.340	-0.058	127.738358	37.884918
1595920832834	1595920832825	-14.607	-6.853	1.791	-0.461	0.419	-0.514	127.738358	37.884918
1595920832851	1595920832851	-14.616	-6.762	0.764	0.490	0.339	-0.950	127.738358	37.884918
1595920832870	1595920832868	-15.502	-6.340	0.321	1.499	0.539	-1.353	127.738358	37.884918
1595920832889	1595920832886	-16.269	-5.629	0.393	2.410	0.682	-1.819	127.738358	37.884918
1595920832908	1595920832908	-15.960	-4.352	0.282	3.238	0.688	-2.374	127.738358	37.884918
1595920832931	1595920832928	-15.464	-2.795	0.139	3.709	0.662	-2.975	127.738358	37.884918
1595920832948	1595920832944	-14.786	-1.844	0.019	3.606	0.591	-3.447	127.738358	37.884918
1595920832969	1595920832966	-13.473	-1.726	0.074	3.174	0.490	-3.765	127.738358	37.884918
1595920832986	1595920832984	-12.101	-1.887	0.043	2.820	0.399	-3.964	127.738358	37.884918
1595920833010	1595920833010	-11.574	-1.949	0.151	2.621	0.369	-4.072	127.738358	37.884918
1595920833035	1595920833034	-11.138	-1.873	0.239	2.476	0.277	-4.183	127.738358	37.884918
1595920833047	1595920833047	-10.295	-1.487	0.139	2.390	0.103	-4.266	127.738358	37.884918
1595920833066	1595920833066	-9.938	-1.111	0.275	2.297	-0.021	-4.315	127.738358	37.884918
1595920833087	1595920833086	-10.206	-0.641	0.486	2.222	-0.136	-4.285	127.738358	37.884918
1595920833112	1595920833106	-10.335	0.314	0.555	2.236	-0.315	-4.083	127.738358	37.884918
1595920833128	1595920833128	-10.132	1.366	0.630	2.261	-0.528	-3.731	127.738358	37.884918
1595920833145	1595920833143	-10.161	1.725	0.646	2.121	-0.700	-3.347	127.738358	37.884918
1595920833164	1595920833163	-11.025	1.371	0.405	1.729	-0.725	-2.980	127.738358	37.884918
1595920833185	1595920833183	-11.842	0.911	0.151	1.225	-0.757	-2.574	127.738358	37.884918
1595920833206	1595920833206	-11.119	0.846	0.232	0.752	-0.938	-2.193	127.738358	37.884918
1595920833234	1595920833234	-9.468	1.040	0.987	0.377	-1.037	-1.817	127.738358	37.884918
1595920833250	1595920833250	-9.205	0.959	2.417	0.293	-0.882	-1.347	127.738358	37.884918
1595920833268	1595920833268	-10.743	0.319	3.090	0.544	-0.692	-0.740	127.738358	37.884918
1595920833292	1595920833284	-11.375	0.389	2.069	0.653	-0.547	-0.050	127.738358	37.884918
1595920833308	1595920833308	-9.238	1.107	1.229	0.153	-0.514	0.663	127.738358	37.884918
1595920833324	1595920833324	-9.269	0.983	1.415	-0.903	-0.005	1.424	127.738358	37.884918
1595920833343	1595920833342	-12.338	-0.133	2.740	-1.846	0.714	2.292	127.738358	37.884918
1595920833363	1595920833361	-13.550	-0.768	3.574	-2.285	0.926	3.119	127.738358	37.884918
1595920833387	1595920833384	-13.476	-1.104	3.622	-2.393	1.065	3.784	127.738358	37.884918
1595920833404	1595920833403	-13.699	-1.719	3.717	-2.154	1.163	4.395	127.738358	37.884918
1595920833427	1595920833427	-13.198	-2.182	3.828	-1.649	1.072	4.832	127.738358	37.884918
1595920833443	1595920833441	-12.374	-2.666	3.598	-1.113	0.894	5.063	127.738358	37.884918
1595920833466	1595920833466	-11.742	-3.200	3.238	-0.603	0.752	5.108	127.738358	37.884918
1595920833488	1595920833483	-11.006	-3.267	3.107	-0.247	0.665	4.951	127.738358	37.884918
1595920833508	1595920833504	-10.810	-2.752	3.368	-0.840	0.355	4.507	127.738358	37.884918
1595920833533	1595920833531	-8.608	-4.536	1.195	-0.741	-0.153	4.196	127.738358	37.884918
1595920833543	1595920833540	-7.861	-2.158	1.138	-0.474	0.072	3.894	127.738358	37.884918
1595920833561	1595920833561	-9.006	-3.056	0.852	-0.613	-0.031	3.354	127.738358	37.884918
1595920833582	1595920833580	-9.614	-3.619	1.161	-0.454	-0.081	2.936	127.738358	37.884918
1595920833602	1595920833600	-10.137	-3.161	1.463	-0.543	-0.011	2.464	127.738358	37.884918
1595920833623	1595920833621	-10.570	-3.317	1.974	-1.006	0.013	2.042	127.738358	37.884918
1595920833647	1595920833647	-10.680	-3.885	2.484	-1.469	0.028	1.743	127.738358	37.884918
1595920833663	1595920833663	-10.692	-4.539	2.474	-1.833	0.078	1.506	127.738358	37.884918
1595920833690	1595920833683	-10.165	-4.915	2.127	-2.141	0.089	1.281	127.738358	37.884918
1595920833709	1595920833706	-9.705	-5.140	1.756	-2.313	0.091	1.022	127.738358	37.884918
1595920833730	1595920833724	-9.866	-5.444	1.614	-2.253	0.107	0.739	127.738358	37.884918
1595920833748	1595920833744	-11.849	-6.055	1.281	-1.961	0.199	0.417	127.738358	37.884918
1595920833762	1595920833760	-12.786	-6.391	1.581	-1.491	0.196	0.028	127.738358	37.884918
1595920833780	1595920833779	-11.219	-6.546	1.494	-0.869	-0.075	-0.445	127.738358	37.884903
1595920833801	1595920833800	-14.084	-6.939	1.011	0.041	0.256	-0.965	127.738358	37.884903
1595920833822	1595920833822	-17.026	-6.496	0.905	0.907	0.410	-1.457	127.738358	37.884903
1595920833841	1595920833841	-16.556	-4.896	1.140	1.515	0.262	-2.038	127.738358	37.884903
1595920833862	1595920833859	-15.867	-3.648	1.126	1.824	0.320	-2.710	127.738358	37.884903
1595920833884	1595920833884	-16.293	-2.860	0.965	1.868	0.452	-3.413	127.738358	37.884903
1595920833904	1595920833902	-16.051	-2.407	0.769	1.776	0.490	-4.008	127.738358	37.884903
1595920833930	1595920833930	-14.652	-2.333	0.299	1.681	0.458	-4.434	127.738358	37.884903
1595920833943	1595920833939	-13.454	-2.244	-0.031	1.755	0.466	-4.648	127.738358	37.884903
1595920833964	1595920833961	-12.841	-2.071	0.021	1.917	0.482	-4.717	127.738358	37.884903
1595920833981	1595920833978	-12.197	-1.293	0.036	2.031	0.425	-4.690	127.738358	37.884903
1595920834003	1595920834001	-10.874	0.089	-0.139	2.100	0.278	-4.505	127.738358	37.884903
1595920834020	1595920834019	-9.178	1.210	0.100	2.098	0.125	-4.224	127.738358	37.884903
1595920834040	1595920834038	-8.694	1.488	0.862	2.040	0.092	-3.838	127.738358	37.884903
1595920834058	1595920834058	-9.466	1.043	1.111	1.908	0.088	-3.467	127.738358	37.884903
1595920834089	1595920834088	-8.915	0.897	0.793	1.619	-0.103	-3.198	127.738358	37.884903
1595920834117	1595920834116	-8.282	1.534	0.793	1.263	-0.219	-2.885	127.738358	37.884903
1595920834134	1595920834120	-9.916	2.217	1.315	1.015	-0.094	-2.388	127.738358	37.884903
1595920834138	1595920834137	-10.426	2.708	1.365	0.919	-0.227	-1.880	127.738358	37.884903
1595920834158	1595920834156	-8.953	3.529	1.109	0.764	-0.441	-1.424	127.738358	37.884903
1595920834178	1595920834175	-7.957	3.728	1.231	0.382	-0.424	-0.835	127.738358	37.884903
1595920834198	1595920834195	-7.739	2.650	1.708	-0.025	-0.306	-0.193	127.738358	37.884903
1595920834218	1595920834217	-8.309	1.682	2.194	-0.145	-0.214	0.443	127.738358	37.884903
1595920834238	1595920834235	-10.764	1.984	1.643	-0.256	0.015	1.089	127.738358	37.884903
1595920834262	1595920834256	-13.061	1.685	0.824	-0.893	0.165	1.774	127.738358	37.884903
1595920834281	1595920834281	-14.386	0.190	0.558	-1.895	0.225	2.474	127.738358	37.884903
1595920834312	1595920834295	-16.897	-1.537	1.363	-2.597	0.451	3.314	127.738358	37.884903
1595920834331	1595920834315	-17.958	-2.704	2.302	-2.523	0.366	4.112	127.738358	37.884903
1595920834337	1595920834337	-17.606	-2.721	2.685	-1.922	0.218	4.674	127.738358	37.884903
1595920834356	1595920834354	-17.414	-2.771	2.560	-1.413	0.155	4.959	127.738358	37.884903
1595920834375	1595920834375	-15.761	-3.157	2.086	-1.270	-0.022	4.950	127.738358	37.884903
1595920834396	1595920834393	-13.258	-3.437	1.837	-1.387	-0.204	4.679	127.738358	37.884903
1595920834415	1595920834413	-11.049	-4.012	1.986	-1.586	-0.337	4.237	127.738358	37.884903
1595920834441	1595920834440	-9.128	-4.405	1.808	-1.677	-0.420	3.694	127.738358	37.884903
1595920834455	1595920834453	-7.664	-3.906	1.387	-1.628	-0.432	3.083	127.738358	37.884903
1595920834482	1595920834482	-6.850	-2.927	1.011	-1.709	-0.403	2.459	127.738358	37.884903
1595920834504	1595920834495	-6.764	-2.452	0.615	-1.986	-0.366	1.946	127.738358	37.884903
1595920834522	1595920834520	-7.367	-2.620	0.093	-2.152	-0.291	1.564	127.738358	37.884903
1595920834535	1595920834533	-8.081	-3.085	-0.008	-2.008	-0.216	1.325	127.738358	37.884903
1595920834555	1595920834553	-8.522	-3.921	0.393	-1.502	-0.198	1.284	127.738358	37.884903
1595920834574	1595920834573	-9.226	-4.362	0.596	-0.705	-0.175	1.415	127.738358	37.884903
1595920834594	1595920834592	-10.422	-4.524	0.613	0.066	-0.122	1.649	127.738358	37.884903
1595920834614	1595920834612	-11.147	-4.371	0.611	0.451	-0.116	1.890	127.738358	37.884903
1595920834634	1595920834634	-10.740	-4.503	1.121	0.410	-0.164	2.038	127.738358	37.884903
1595920834653	1595920834652	-10.467	-5.083	1.693	0.082	-0.155	2.013	127.738358	37.884903
1595920834677	1595920834676	-11.291	-5.657	2.021	-0.367	-0.052	1.735	127.738358	37.884903
1595920834693	1595920834692	-13.318	-5.990	1.974	-0.803	0.128	1.177	127.738358	37.884903
1595920834713	1595920834710	-13.680	-5.921	2.374	-1.147	0.156	0.420	127.738358	37.884903
1595920834735	1595920834735	-12.484	-5.425	1.950	-1.319	0.051	-0.496	127.738358	37.884903
1595920834753	1595920834751	-14.357	-4.740	0.896	-1.134	0.396	-1.388	127.738350	37.884888
1595920834772	1595920834770	-16.739	-4.424	0.558	-0.732	0.677	-2.257	127.738350	37.884888
1595920834792	1595920834789	-16.798	-4.263	0.479	-0.217	0.771	-3.185	127.738350	37.884888
1595920834812	1595920834809	-16.676	-3.820	0.134	0.542	0.947	-3.933	127.738350	37.884888
1595920834834	1595920834830	-16.442	-3.130	-0.309	1.279	1.095	-4.357	127.738350	37.884888
1595920834852	1595920834849	-14.396	-2.977	-0.645	1.831	1.046	-4.528	127.738350	37.884888
1595920834871	1595920834870	-12.067	-2.790	-0.669	2.410	1.008	-4.571	127.738350	37.884888
1595920834892	1595920834891	-10.649	-2.251	-0.398	2.829	0.991	-4.485	127.738350	37.884888
1595920834911	1595920834910	-9.681	-1.794	-0.063	2.932	0.929	-4.338	127.738350	37.884888
1595920834931	1595920834929	-8.654	-1.370	0.098	2.901	0.810	-4.167	127.738350	37.884888
1595920834953	1595920834950	-7.657	-0.814	0.129	2.809	0.696	-3.991	127.738350	37.884888
1595920834975	1595920834971	-7.250	-0.414	0.304	2.611	0.623	-3.779	127.738350	37.884888
1595920834991	1595920834989	-7.583	-0.189	0.472	2.393	0.556	-3.484	127.738350	37.884888
1595920835012	1595920835009	-8.275	-0.050	0.807	2.295	0.457	-3.113	127.738350	37.884888
1595920835030	1595920835029	-9.169	0.195	1.116	2.335	0.280	-2.682	127.738350	37.884888
1595920835051	1595920835051	-10.453	0.647	1.123	2.327	0.114	-2.209	127.738350	37.884888
1595920835071	1595920835071	-11.119	1.325	0.984	2.042	-0.134	-1.706	127.738350	37.884888
1595920835091	1595920835088	-10.752	1.843	0.958	1.367	-0.407	-1.200	127.738350	37.884888
1595920835113	1595920835113	-10.398	1.658	1.015	0.529	-0.533	-0.684	127.738350	37.884888
1595920835133	1595920835129	-10.268	1.443	1.303	-0.146	-0.572	-0.180	127.738350	37.884888
1595920835153	1595920835153	-9.945	1.301	1.863	-0.532	-0.697	0.257	127.738350	37.884888
1595920835174	1595920835168	-10.786	0.882	1.859	-0.752	-0.645	0.660	127.738350	37.884888
1595920835192	1595920835188	-11.651	0.798	1.157	-1.006	-0.524	1.083	127.738350	37.884888
1595920835210	1595920835208	-12.702	0.425	0.376	-1.495	-0.311	1.550	127.738350	37.884888
1595920835230	1595920835227	-14.930	-0.682	0.687	-2.030	0.057	2.144	127.738350	37.884888
1595920835250	1595920835248	-15.668	-1.796	1.509	-2.194	0.120	2.777	127.738350	37.884888
1595920835269	1595920835269	-15.172	-2.093	2.225	-1.944	0.169	3.363	127.738350	37.884888
1595920835294	1595920835288	-15.577	-2.093	3.013	-1.635	0.341	3.886	127.738350	37.884888
1595920835318	1595920835308	-14.899	-2.582	3.279	-1.460	0.287	4.240	127.738350	37.884888
1595920835333	1595920835330	-12.750	-2.884	2.733	-1.272	0.100	4.373	127.738350	37.884888
1595920835354	1595920835354	-11.042	-3.298	2.115	-1.102	0.024	4.333	127.738350	37.884888
1595920835373	1595920835368	-9.875	-2.527	2.563	-1.682	-0.081	3.997	127.738350	37.884888
1595920835392	1595920835388	-9.291	-5.341	1.099	-2.111	-0.532	3.750	127.738350	37.884888
1595920835410	1595920835406	-7.681	-4.175	0.972	-1.125	-0.555	3.616	127.738350	37.884888
1595920835427	1595920835426	-7.945	-2.407	1.130	-0.909	-0.432	3.284	127.738350	37.884888
1595920835449	1595920835446	-8.316	-3.159	0.860	-1.351	-0.502	3.004	127.738350	37.884888
1595920835472	1595920835472	-8.551	-3.760	0.416	-1.484	-0.528	2.804	127.738350	37.884888
1595920835492	1595920835493	-9.267	-4.227	0.172	-1.231	-0.509	2.589	127.738350	37.884888
1595920835514	1595920835514	-10.101	-4.515	0.359	-0.821	-0.474	2.427	127.738350	37.884888
1595920835536	1595920835536	-10.891	-4.939	0.632	-0.560	-0.413	2.279	127.738350	37.884888
1595920835552	1595920835552	-11.624	-5.507	0.649	-0.464	-0.316	2.099	127.738350	37.884888
1595920835579	1595920835575	-11.179	-5.765	0.814	-0.490	-0.257	1.832	127.738350	37.884888
1595920835588	1595920835584	-9.830	-5.598	0.953	-0.773	-0.181	1.430	127.738350	37.884888
1595920835607	1595920835605	-9.301	-5.291	1.336	-1.236	0.021	0.880	127.738350	37.884888
1595920835625	1595920835625	-10.716	-5.353	1.557	-1.542	0.288	0.296	127.738350	37.884888
1595920835646	1595920835644	-13.576	-6.089	1.698	-1.294	0.537	-0.274	127.738350	37.884888
1595920835671	1595920835671	-13.883	-6.163	1.748	-0.631	0.514	-0.883	127.738350	37.884888
1595920835690	1595920835690	-13.366	-4.941	1.399	-0.041	0.499	-1.529	127.738350	37.884888
1595920835706	1595920835706	-15.555	-3.547	0.915	-0.098	0.747	-2.232	127.738350	37.884888
1595920835727	1595920835724	-16.777	-3.681	1.303	-0.361	0.779	-2.939	127.738350	37.884888
1595920835757	1595920835757	-15.967	-2.967	1.485	-0.167	0.704	-3.536	127.738350	37.884888
1595920835776	1595920835775	-15.081	-1.195	0.876	0.243	0.792	-3.868	127.738350	37.884888
1595920835793	1595920835793	-13.241	-0.689	-0.180	0.467	0.804	-3.890	127.738335	37.884876
1595920835804	1595920835803	-11.248	-2.134	-0.566	0.671	0.828	-3.801	127.738335	37.884876
1595920835827	1595920835827	-10.644	-3.336	-0.453	1.211	0.956	-3.643	127.738335	37.884876
1595920835849	1595920835844	-10.920	-2.814	-0.245	1.797	1.050	-3.377	127.738335	37.884876
1595920835865	1595920835863	-9.947	-1.777	-0.091	2.065	0.936	-3.207	127.738335	37.884876
1595920835891	1595920835886	-8.486	-1.094	0.074	2.320	0.847	-3.101	127.738335	37.884876
1595920835904	1595920835902	-8.052	-0.632	0.735	2.570	0.857	-2.976	127.738335	37.884876
1595920835930	1595920835924	-8.596	-0.634	1.001	2.513	0.795	-2.869	127.738335	37.884876
1595920835965	1595920835962	-8.867	-0.550	0.670	2.162	0.586	-2.786	127.738335	37.884876
1595920835977	1595920835965	-8.407	-0.071	0.129	1.805	0.358	-2.622	127.738335	37.884876
1595920835984	1595920835981	-9.075	-0.009	0.244	1.542	0.339	-2.352	127.738335	37.884876
1595920836006	1595920836004	-10.462	-0.438	0.658	1.483	0.351	-2.054	127.738335	37.884876
1595920836022	1595920836022	-11.353	-0.042	0.972	1.697	0.277	-1.751	127.738335	37.884876
1595920836044	1595920836041	-11.219	1.100	1.231	1.829	0.172	-1.415	127.738335	37.884876
1595920836062	1595920836061	-10.343	1.479	1.653	1.647	0.071	-1.039	127.738335	37.884876
1595920836083	1595920836083	-10.204	0.971	2.333	1.433	0.143	-0.604	127.738335	37.884876
1595920836103	1595920836103	-10.400	0.810	2.668	1.491	0.160	-0.141	127.738335	37.884876
1595920836124	1595920836124	-10.886	1.687	2.247	1.500	0.180	0.263	127.738335	37.884876
1595920836151	1595920836149	-11.672	2.097	1.827	0.968	0.213	0.606	127.738335	37.884876
1595920836167	1595920836167	-13.850	1.194	2.290	-0.104	0.372	1.018	127.738335	37.884876
1595920836183	1595920836183	-15.857	-0.064	2.788	-1.140	0.434	1.562	127.738335	37.884876
1595920836203	1595920836201	-15.754	-0.857	2.843	-1.678	0.324	2.130	127.738335	37.884876
1595920836221	1595920836219	-14.331	-1.655	3.049	-1.769	0.198	2.617	127.738335	37.884876
1595920836242	1595920836240	-13.581	-2.380	3.140	-1.656	0.212	3.017	127.738335	37.884876
1595920836262	1595920836260	-11.991	-2.519	2.956	-1.473	0.062	3.282	127.738335	37.884876
1595920836281	1595920836280	-9.794	-2.584	2.604	-1.322	-0.127	3.360	127.738335	37.884876
1595920836304	1595920836304	-8.407	-2.907	2.041	-1.227	-0.223	3.339	127.738335	37.884876
1595920836325	1595920836325	-7.583	-3.331	1.700	-1.099	-0.276	3.262	127.738335	37.884876
1595920836346	1595920836346	-7.171	-2.943	2.249	-1.257	-0.310	3.026	127.738335	37.884876
1595920836371	1595920836360	-7.042	-4.179	1.454	-1.220	-0.550	2.896	127.738335	37.884876
1595920836395	1595920836390	-6.742	-2.666	1.030	-0.740	-0.387	2.801	127.738335	37.884876
1595920836403	1595920836400	-7.358	-2.577	0.706	-0.862	-0.335	2.608	127.738335	37.884876
1595920836427	1595920836423	-7.583	-3.039	0.625	-1.178	-0.346	2.526	127.738335	37.884876
1595920836442	1595920836441	-8.009	-3.209	0.704	-1.362	-0.280	2.396	127.738335	37.884876
1595920836464	1595920836462	-9.995	-3.861	0.896	-1.294	-0.156	2.331	127.738335	37.884876
1595920836480	1595920836480	-11.986	-4.572	0.613	-0.956	-0.107	2.300	127.738335	37.884876
1595920836504	1595920836504	-12.388	-4.510	0.484	-0.612	-0.147	2.202	127.738335	37.884876
1595920836524	1595920836521	-11.078	-4.424	0.951	-0.497	-0.171	1.993	127.738335	37.884876
1595920836546	1595920836546	-9.521	-4.548	1.260	-0.609	-0.091	1.709	127.738335	37.884876
1595920836559	1595920836558	-9.940	-4.572	1.624	-0.811	0.137	1.320	127.738335	37.884876
1595920836579	1595920836577	-13.502	-4.996	2.177	-0.950	0.451	0.849	127.738335	37.884876
1595920836600	1595920836597	-15.510	-5.413	2.889	-0.904	0.478	0.325	127.738335	37.884876
1595920836621	1595920836619	-13.979	-5.751	2.788	-0.625	0.190	-0.219	127.738335	37.884876
1595920836641	1595920836639	-14.137	-5.947	1.981	-0.092	0.295	-0.709	127.738335	37.884876
1595920836659	1595920836658	-15.222	-5.657	1.583	0.576	0.387	-1.211	127.738335	37.884876
1595920836680	1595920836678	-15.011	-4.618	1.516	1.222	0.292	-1.775	127.738335	37.884876
1595920836700	1595920836697	-14.937	-3.042	1.229	1.532	0.273	-2.341	127.738335	37.884876
1595920836720	1595920836720	-14.870	-1.990	0.874	1.425	0.258	-2.774	127.738335	37.884876
1595920836745	1595920836745	-13.378	-1.894	0.630	1.111	0.215	-3.062	127.738335	37.884876
1595920836779	1595920836761	-11.265	-2.246	0.357	0.948	0.211	-3.287	127.738327	37.884861
1595920836780	1595920836780	-9.796	-2.208	0.191	1.101	0.294	-3.441	127.738327	37.884861
1595920836798	1595920836797	-8.776	-1.554	0.201	1.381	0.363	-3.531	127.738327	37.884861
1595920836821	1595920836818	-7.988	-0.862	0.321	1.592	0.371	-3.534	127.738327	37.884861
1595920836840	1595920836838	-7.578	-0.603	0.464	1.620	0.352	-3.475	127.738327	37.884861
1595920836858	1595920836855	-7.485	-0.629	0.450	1.460	0.305	-3.387	127.738327	37.884861
1595920836881	1595920836877	-8.031	-0.296	0.290	1.287	0.250	-3.218	127.738327	37.884861
1595920836898	1595920836894	-8.910	-0.040	0.184	1.204	0.165	-2.965	127.738327	37.884861
1595920836920	1595920836917	-9.020	0.425	0.050	1.182	-0.014	-2.667	127.738327	37.884861
1595920836942	1595920836936	-9.114	0.722	0.050	1.115	-0.130	-2.331	127.738327	37.884861
1595920836959	1595920836957	-9.816	0.772	0.378	0.867	-0.156	-1.994	127.738327	37.884861
1595920836982	1595920836980	-10.498	1.112	0.881	0.505	-0.191	-1.664	127.738327	37.884861
1595920837021	1595920836994	-10.184	1.560	1.411	0.224	-0.257	-1.294	127.738327	37.884861
1595920837024	1595920837023	-9.198	1.364	1.799	0.114	-0.267	-0.881	127.738327	37.884861
1595920837037	1595920837035	-9.844	0.875	1.957	0.154	-0.109	-0.436	127.738327	37.884861
1595920837055	1595920837055	-12.776	0.976	1.959	0.172	0.110	0.039	127.738327	37.884861
1595920837076	1595920837074	-14.635	1.563	1.660	-0.158	0.150	0.499	127.738327	37.884861
1595920837096	1595920837093	-14.547	0.940	2.091	-0.797	0.082	0.930	127.738327	37.884861
1595920837119	1595920837119	-15.756	-0.773	2.910	-1.218	0.209	1.403	127.738327	37.884861
1595920837140	1595920837140	-16.178	-1.576	3.087	-1.102	0.197	1.835	127.738327	37.884861
1595920837154	1595920837153	-14.757	-1.576	3.339	-0.715	0.023	2.131	127.738327	37.884861
1595920837183	1595920837174	-13.826	-1.719	3.198	-0.525	-0.026	2.327	127.738327	37.884861
1595920837199	1595920837193	-12.388	-2.028	2.661	-0.556	-0.123	2.452	127.738327	37.884861
1595920837219	1595920837219	-10.479	-2.242	2.501	-0.591	-0.233	2.502	127.738327	37.884861
1595920837241	1595920837234	-9.025	-2.342	2.366	-0.606	-0.247	2.514	127.738327	37.884861
1595920837255	1595920837252	-7.837	-2.280	1.940	-0.644	-0.277	2.487	127.738327	37.884861
1595920837275	1595920837272	-6.903	-2.033	1.356	-0.793	-0.326	2.410	127.738327	37.884861
1595920837294	1595920837292	-6.390	-1.978	1.042	-1.118	-0.354	2.353	127.738327	37.884861
1595920837314	1595920837311	-6.146	-2.258	1.094	-1.514	-0.383	2.347	127.738327	37.884861
1595920837336	1595920837333	-6.385	-2.682	1.051	-1.756	-0.365	2.383	127.738327	37.884861
1595920837356	1595920837355	-7.255	-3.068	1.061	-1.714	-0.333	2.460	127.738327	37.884861
1595920837376	1595920837375	-8.342	-3.418	0.800	-1.463	-0.317	2.574	127.738327	37.884861
1595920837396	1595920837393	-9.104	-3.578	0.862	-1.151	-0.348	2.686	127.738327	37.884861
1595920837421	1595920837421	-10.182	-4.072	1.288	-0.870	-0.330	2.781	127.738327	37.884861
1595920837444	1595920837440	-11.591	-4.690	1.255	-0.573	-0.252	2.755	127.738327	37.884861
1595920837455	1595920837450	-11.732	-4.829	1.090	-0.233	-0.244	2.593	127.738327	37.884861
1595920837472	1595920837470	-10.431	-4.642	1.070	-0.031	-0.254	2.318	127.738327	37.884861
1595920837493	1595920837491	-9.887	-4.587	1.408	-0.070	-0.108	1.911	127.738327	37.884861
1595920837511	1595920837511	-11.950	-4.783	2.038	-0.187	0.175	1.374	127.738327	37.884861
1595920837532	1595920837531	-13.977	-4.548	2.584	-0.161	0.309	0.774	127.738327	37.884861
1595920837552	1595920837551	-13.536	-4.275	2.651	-0.005	0.125	0.191	127.738327	37.884861
1595920837574	1595920837570	-14.151	-5.023	2.079	0.280	0.137	-0.327	127.738327	37.884861
1595920837605	1595920837599	-15.653	-5.526	1.272	0.735	0.220	-0.742	127.738327	37.884861
1595920837612	1595920837612	-15.467	-4.992	1.027	1.293	0.125	-1.170	127.738327	37.884861
1595920837643	1595920837638	-14.259	-3.842	0.888	1.795	0.025	-1.633	127.738327	37.884861
1595920837651	1595920837649	-13.787	-2.785	0.678	2.061	0.030	-2.091	127.738327	37.884861
1595920837670	1595920837669	-13.234	-2.242	0.594	1.961	0.010	-2.494	127.738327	37.884861
1595920837690	1595920837689	-11.730	-2.220	0.378	1.721	-0.043	-2.818	127.738327	37.884861
1595920837711	1595920837709	-10.381	-2.268	0.136	1.616	-0.020	-3.071	127.738327	37.884861
1595920837733	1595920837730	-9.497	-2.081	0.012	1.615	0.002	-3.247	127.738327	37.884861
1595920837752	1595920837749	-8.975	-1.719	-0.084	1.617	0.015	-3.371	127.738327	37.884861
1595920837780	1595920837780	-8.730	-1.293	-0.063	1.583	0.017	-3.439	127.738312	37.884846
1595920837792	1595920837792	-8.443	-0.804	0.129	1.503	-0.043	-3.444	127.738312	37.884846
1595920837816	1595920837816	-8.443	-0.172	0.414	1.379	-0.100	-3.342	127.738312	37.884846
1595920837845	1595920837839	-8.872	0.192	0.658	1.232	-0.127	-3.139	127.738312	37.884846
1595920837849	1595920837848	-9.289	0.492	0.840	1.160	-0.217	-2.876	127.738312	37.884846
1595920837871	1595920837870	-9.586	1.103	1.013	1.071	-0.353	-2.566	127.738312	37.884846
1595920837889	1595920837886	-9.727	1.769	1.056	0.842	-0.503	-2.217	127.738312	37.884846
1595920837910	1595920837908	-10.074	2.399	0.915	0.514	-0.541	-1.878	127.738312	37.884846
1595920837929	1595920837929	-10.580	2.741	1.262	0.180	-0.533	-1.512	127.738312	37.884846
1595920837952	1595920837948	-11.102	2.324	2.323	0.044	-0.538	-1.095	127.738312	37.884846
1595920837969	1595920837969	-12.206	1.931	2.345	0.144	-0.497	-0.708	127.738312	37.884846
1595920837992	1595920837992	-14.774	2.480	1.102	0.072	-0.239	-0.268	127.738312	37.884846
1595920838042	1595920838042	-13.423	3.048	1.303	-0.447	-0.323	0.181	127.738312	37.884846
1595920838042	1595920838042	-11.607	2.178	2.925	-0.997	-0.412	0.659	127.738312	37.884846
1595920838049	1595920838049	-16.159	0.535	3.428	-1.289	0.221	1.265	127.738312	37.884846
1595920838066	1595920838064	-17.244	-0.184	2.620	-1.540	0.031	1.741	127.738312	37.884846
1595920838087	1595920838084	-14.048	-0.596	2.666	-1.817	-0.347	2.104	127.738312	37.884846
1595920838106	1595920838105	-12.410	-1.492	2.994	-2.045	-0.289	2.341	127.738312	37.884846
1595920838127	1595920838126	-11.289	-2.100	2.671	-2.152	-0.285	2.390	127.738312	37.884846
1595920838148	1595920838148	-9.540	-2.246	1.983	-2.008	-0.375	2.297	127.738312	37.884846
1595920838168	1595920838168	-8.330	-2.352	1.456	-1.547	-0.346	2.216	127.738312	37.884846
1595920838189	1595920838188	-7.518	-2.426	1.116	-0.920	-0.289	2.194	127.738312	37.884846
1595920838219	1595920838212	-6.709	-2.345	0.697	-0.413	-0.256	2.186	127.738312	37.884846
1595920838225	1595920838224	-6.400	-2.337	0.366	-0.218	-0.166	2.220	127.738312	37.884846
1595920838249	1595920838244	-6.507	-2.658	0.254	-0.178	-0.058	2.291	127.738312	37.884846
1595920838265	1595920838263	-6.630	-2.996	0.443	0.009	0.026	2.328	127.738312	37.884846
1595920838286	1595920838283	-7.022	-3.058	0.704	0.403	0.122	2.371	127.738312	37.884846
1595920838304	1595920838303	-7.753	-3.022	0.896	0.815	0.210	2.416	127.738312	37.884846
1595920838327	1595920838322	-8.445	-3.042	1.367	1.061	0.237	2.429	127.738312	37.884846
1595920838347	1595920838343	-9.289	-3.221	2.208	1.078	0.268	2.379	127.738312	37.884846
1595920838365	1595920838363	-9.954	-3.279	2.584	0.913	0.285	2.280	127.738312	37.884846
1595920838393	1595920838386	-10.151	-3.034	2.553	0.521	0.285	2.125	127.738312	37.884846
1595920838404	1595920838402	-9.816	-3.042	2.613	-0.131	0.248	1.890	127.738312	37.884846
1595920838439	1595920838426	-10.450	-3.315	2.757	-0.692	0.312	1.577	127.738312	37.884846
1595920838451	1595920838443	-13.162	-3.437	2.450	-0.868	0.432	1.216	127.738312	37.884846
1595920838467	1595920838463	-16.897	-3.880	3.114	-0.794	0.525	0.866	127.738312	37.884846
1595920838484	1595920838481	-15.776	-4.730	3.706	-0.715	0.076	0.486	127.738312	37.884846
1595920838507	1595920838506	-13.680	-5.253	2.956	-0.322	-0.152	0.141	127.738312	37.884846
1595920838523	1595920838521	-14.060	-5.087	2.790	0.306	-0.022	-0.251	127.738312	37.884846
1595920838544	1595920838541	-13.442	-4.472	2.211	0.845	-0.163	-0.792	127.738312	37.884846
1595920838563	1595920838562	-13.241	-3.200	1.377	1.264	-0.154	-1.413	127.738312	37.884846
1595920838584	1595920838584	-13.325	-1.992	1.288	1.231	-0.173	-1.960	127.738312	37.884846
1595920838603	1595920838602	-11.974	-2.036	1.138	0.814	-0.290	-2.357	127.738312	37.884846
1595920838625	1595920838625	-10.652	-2.474	0.845	0.599	-0.246	-2.639	127.738312	37.884846
1595920838643	1595920838641	-10.038	-2.462	0.658	0.630	-0.170	-2.840	127.738312	37.884846
1595920838664	1595920838662	-9.490	-2.196	0.668	0.639	-0.155	-3.020	127.738312	37.884846
1595920838685	1595920838681	-8.788	-1.887	0.685	0.541	-0.164	-3.209	127.738312	37.884846
1595920838706	1595920838703	-8.223	-1.652	0.714	0.398	-0.158	-3.384	127.738312	37.884846
1595920838722	1595920838720	-8.187	-1.449	0.572	0.302	-0.103	-3.526	127.738312	37.884846
1595920838752	1595920838743	-8.496	-0.967	0.508	0.368	-0.064	-3.569	127.738304	37.884834
1595920838761	1595920838760	-8.896	0.099	0.809	0.587	-0.074	-3.438	127.738304	37.884834
1595920838783	1595920838781	-9.061	0.997	1.092	0.881	-0.189	-3.131	127.738304	37.884834
1595920838804	1595920838803	-10.132	1.012	1.209	1.041	-0.244	-2.784	127.738304	37.884834
1595920838822	1595920838820	-11.679	1.273	1.284	0.929	-0.272	-2.410	127.738304	37.884834
1595920838846	1595920838842	-11.253	2.564	1.154	0.769	-0.517	-1.942	127.738304	37.884834
1595920838866	1595920838866	-9.895	3.201	1.267	0.498	-0.662	-1.470	127.738304	37.884834
1595920838885	1595920838882	-9.940	2.549	1.727	0.047	-0.553	-1.044	127.738304	37.884834
1595920838907	1595920838901	-10.601	1.898	2.247	-0.174	-0.499	-0.650	127.738304	37.884834
