1595920868699	1595920868698	-12.424	-0.258	0.555	-2.186	0.109	2.252	127.738129	37.884464
1595920868716	1595920868713	-12.772	-1.324	1.581	-2.292	0.373	3.218	127.738129	37.884464
1595920868738	1595920868736	-14.453	-1.691	2.424	-2.236	0.799	4.143	127.738121	37.884453
1595920868756	1595920868752	-15.483	-2.146	2.939	-2.335	0.940	4.879	127.738121	37.884453
1595920868777	1595920868772	-15.078	-2.644	3.032	-2.352	0.822	5.331	127.738121	37.884453
1595920868795	1595920868793	-14.290	-3.068	2.965	-2.149	0.657	5.501	127.738121	37.884453
1595920868819	1595920868812	-13.232	-4.381	2.239	-1.449	0.311	5.438	127.738121	37.884453
1595920868837	1595920868835	-11.449	-5.509	2.002	-0.007	0.087	5.270	127.738121	37.884453
1595920868855	1595920868852	-9.878	-4.946	2.204	1.458	0.171	4.920	127.738121	37.884453
1595920868877	1595920868874	-8.980	-3.892	1.885	2.148	0.308	4.345	127.738121	37.884453
1595920868895	1595920868892	-8.230	-3.078	1.387	2.025	0.352	3.691	127.738121	37.884453
1595920868920	1595920868915	-8.201	-2.606	1.624	1.437	0.408	3.041	127.738121	37.884453
1595920868934	1595920868931	-8.845	-2.658	2.256	0.860	0.474	2.406	127.738121	37.884453
1595920868959	1595920868956	-8.929	-2.426	2.577	0.429	0.473	1.878	127.738121	37.884453
1595920868973	1595920868972	-8.891	-2.462	3.159	-0.020	0.497	1.462	127.738121	37.884453
1595920868997	1595920868995	-9.782	-3.509	4.156	-0.496	0.507	1.196	127.738121	37.884453
1595920869014	1595920869014	-10.814	-4.833	4.767	-0.661	0.443	1.094	127.738121	37.884453
1595920869035	1595920869035	-10.113	-5.178	4.805	-0.581	0.304	1.061	127.738121	37.884453
1595920869054	1595920869052	-8.364	-4.891	4.417	-0.589	0.156	0.978	127.738121	37.884453
1595920869072	1595920869070	-8.785	-5.432	3.787	-0.600	0.146	0.782	127.738121	37.884453
1595920869093	1595920869090	-12.451	-6.290	2.984	-0.300	0.244	0.430	127.738121	37.884453
1595920869111	1595920869110	-14.362	-5.703	3.035	0.023	0.115	-0.084	127.738121	37.884453
1595920869132	1595920869130	-13.155	-4.160	2.307	-0.037	-0.326	-0.785	127.738121	37.884453
1595920869156	1595920869150	-14.700	-3.904	1.169	-0.025	-0.337	-1.556	127.738121	37.884453
1595920869176	1595920869169	-17.694	-3.552	0.646	0.209	-0.268	-2.339	127.738121	37.884453
1595920869193	1595920869192	-18.902	-2.548	0.440	0.259	-0.441	-3.134	127.738121	37.884453
1595920869211	1595920869211	-19.120	-2.218	-0.146	0.144	-0.602	-3.899	127.738121	37.884453
1595920869236	1595920869232	-20.176	-1.985	-0.415	0.146	-0.463	-4.498	127.738121	37.884453
1595920869251	1595920869249	-19.628	-1.786	0.151	0.088	-0.451	-4.864	127.738121	37.884453
1595920869270	1595920869269	-16.889	-2.052	0.596	0.051	-0.504	-5.064	127.738121	37.884453
1595920869291	1595920869289	-14.477	-2.098	0.747	0.247	-0.377	-5.110	127.738121	37.884453
1595920869311	1595920869310	-12.946	-1.791	0.785	0.473	-0.220	-5.067	127.738121	37.884453
1595920869335	1595920869332	-11.672	-0.874	0.678	0.634	-0.131	-4.997	127.738121	37.884453
1595920869350	1595920869349	-10.383	0.326	0.740	1.005	-0.149	-4.754	127.738121	37.884453
1595920869375	1595920869371	-9.686	1.347	0.706	1.629	-0.171	-4.410	127.738121	37.884453
1595920869392	1595920869391	-9.099	2.566	0.393	2.084	-0.156	-4.005	127.738121	37.884453
1595920869415	1595920869412	-7.923	5.783	0.084	2.008	-0.234	-3.454	127.738121	37.884453
1595920869432	1595920869432	-6.462	8.668	0.917	1.614	-0.260	-2.593	127.738121	37.884453
1595920869454	1595920869450	-6.153	7.245	2.810	1.267	-0.265	-1.672	127.738121	37.884453
1595920869469	1595920869468	-8.179	4.535	3.567	1.071	-0.218	-0.857	127.738121	37.884453
1595920869491	1595920869488	-9.820	4.643	2.905	1.070	-0.355	0.030	127.738121	37.884453
1595920869509	1595920869507	-8.721	5.470	1.820	0.721	-0.723	0.784	127.738121	37.884453
1595920869529	1595920869528	-7.327	4.674	0.927	-0.076	-0.915	1.255	127.738121	37.884453
1595920869549	1595920869547	-7.185	3.021	0.967	-0.705	-0.879	1.617	127.738121	37.884453
1595920869568	1595920869567	-7.959	1.893	1.300	-0.939	-0.909	1.891	127.738121	37.884453
1595920869592	1595920869592	-11.993	1.397	0.050	-1.185	-0.604	2.144	127.738121	37.884453
1595920869614	1595920869614	-18.595	0.753	-1.910	-1.961	-0.043	2.544	127.738121	37.884453
1595920869630	1595920869628	-18.856	-0.421	-1.878	-3.007	-0.218	3.053	127.738121	37.884453
1595920869649	1595920869648	-16.116	-1.853	-1.385	-3.635	-0.421	3.612	127.738121	37.884453
1595920869670	1595920869667	-18.981	-2.785	0.084	-3.737	0.401	4.260	127.738121	37.884453
1595920869690	1595920869688	-20.049	-3.516	1.890	-3.763	0.491	4.896	127.738121	37.884453
1595920869708	1595920869707	-18.300	-4.187	2.685	-3.368	0.222	5.348	127.738121	37.884453
1595920869728	1595920869728	-16.834	-4.443	2.287	-2.349	0.160	5.602	127.738121	37.884453
1595920869756	1595920869756	-15.023	-5.789	1.451	-0.878	-0.127	5.613	127.738121	37.884453
1595920869771	1595920869767	-12.295	-7.701	0.994	0.909	-0.401	5.300	127.738121	37.884453
1595920869788	1595920869786	-9.926	-7.914	1.353	2.179	-0.314	4.615	127.738113	37.884441
1595920869816	1595920869805	-8.072	-5.782	1.803	2.082	-0.041	3.593	127.738113	37.884441
1595920869828	1595920869826	-6.534	-3.214	2.632	0.865	0.108	2.635	127.738113	37.884441
1595920869849	1595920869846	-7.111	-2.862	3.938	-0.298	0.230	1.989	127.738113	37.884441
1595920869869	1595920869867	-8.635	-4.103	4.561	-0.810	0.290	1.535	127.738113	37.884441
1595920869888	1595920869886	-8.165	-4.709	4.015	-0.968	0.119	1.197	127.738113	37.884441
1595920869909	1595920869906	-8.414	-5.260	3.224	-1.125	0.049	0.944	127.738113	37.884441
1595920869928	1595920869925	-9.988	-5.914	2.242	-1.217	0.070	0.736	127.738113	37.884441
1595920869949	1595920869949	-10.319	-5.761	1.672	-1.136	0.012	0.528	127.738113	37.884441
1595920869970	1595920869965	-8.544	-5.382	1.430	-0.988	-0.169	0.325	127.738113	37.884441
1595920869988	1595920869985	-7.523	-5.382	1.322	-0.659	-0.166	0.057	127.738113	37.884441
1595920870006	1595920870005	-9.859	-5.696	1.248	-0.023	0.061	-0.232	127.738113	37.884441
1595920870028	1595920870025	-13.766	-5.818	1.645	0.671	0.252	-0.599	127.738113	37.884441
1595920870048	1595920870045	-15.435	-5.382	1.276	1.232	0.128	-1.081	127.738113	37.884441
1595920870066	1595920870064	-17.148	-4.824	0.596	1.828	0.164	-1.618	127.738113	37.884441
1595920870086	1595920870085	-19.062	-4.036	0.682	2.294	0.247	-2.270	127.738113	37.884441
1595920870105	1595920870104	-18.490	-3.214	0.735	2.587	0.030	-3.069	127.738113	37.884441
1595920870130	1595920870124	-17.634	-1.928	0.124	2.887	-0.055	-3.868	127.738113	37.884441
1595920870146	1595920870145	-18.013	-0.878	-0.168	2.991	-0.007	-4.468	127.738113	37.884441
1595920870165	1595920870165	-16.504	-0.603	0.117	2.735	-0.229	-4.787	127.738113	37.884441
1595920870186	1595920870184	-14.207	-0.905	0.376	2.304	-0.401	-4.920	127.738113	37.884441
1595920870205	1595920870204	-12.599	-1.614	0.519	1.910	-0.436	-4.918	127.738113	37.884441
1595920870225	1595920870223	-11.777	-1.983	0.508	1.611	-0.449	-4.855	127.738113	37.884441
1595920870250	1595920870243	-11.476	-1.497	0.474	1.440	-0.438	-4.791	127.738113	37.884441
1595920870276	1595920870266	-10.752	0.161	0.601	1.611	-0.539	-4.575	127.738113	37.884441
1595920870285	1595920870285	-9.487	2.130	0.531	2.059	-0.730	-4.142	127.738113	37.884441
1595920870305	1595920870302	-9.025	2.782	0.227	2.187	-0.781	-3.687	127.738113	37.884441
1595920870324	1595920870322	-8.965	2.854	0.170	1.771	-0.787	-3.200	127.738113	37.884441
1595920870346	1595920870346	-8.577	3.723	0.225	1.275	-0.831	-2.572	127.738113	37.884441
1595920870364	1595920870362	-8.527	4.313	0.694	0.809	-0.792	-1.918	127.738113	37.884441
1595920870387	1595920870383	-9.154	4.030	0.970	0.388	-0.741	-1.296	127.738113	37.884441
1595920870403	1595920870402	-10.273	3.881	0.817	0.118	-0.681	-0.669	127.738113	37.884441
1595920870427	1595920870423	-10.443	3.532	0.730	-0.161	-0.690	-0.061	127.738113	37.884441
1595920870443	1595920870441	-9.248	2.657	1.003	-0.457	-0.732	0.461	127.738113	37.884441
1595920870467	1595920870464	-8.043	1.735	1.497	-0.505	-0.675	0.865	127.738113	37.884441
1595920870483	1595920870481	-6.795	1.299	1.942	-0.280	-0.640	1.115	127.738113	37.884441
1595920870506	1595920870505	-8.409	1.153	0.771	-0.056	-0.347	1.378	127.738113	37.884441
1595920870522	1595920870521	-14.755	0.822	-1.028	-0.252	0.422	1.925	127.738113	37.884441
1595920870547	1595920870545	-17.975	0.391	-1.009	-0.907	0.650	2.680	127.738113	37.884441
1595920870564	1595920870561	-15.505	-0.292	0.076	-1.483	0.390	3.393	127.738113	37.884441
1595920870582	1595920870579	-16.556	-1.271	1.336	-1.844	1.004	4.073	127.738113	37.884441
1595920870601	1595920870601	-18.516	-2.395	3.052	-2.229	1.414	4.726	127.738113	37.884441
1595920870622	1595920870620	-17.644	-2.975	3.605	-2.468	1.230	5.145	127.738113	37.884441
1595920870644	1595920870643	-16.121	-3.164	3.514	-2.312	1.136	5.328	127.738113	37.884441
1595920870664	1595920870664	-13.955	-3.456	3.123	-1.803	0.927	5.315	127.738113	37.884441
1595920870686	1595920870684	-12.053	-4.266	3.023	-0.984	0.723	5.216	127.738113	37.884441
1595920870702	1595920870701	-10.726	-5.150	3.183	-0.037	0.571	4.972	127.738113	37.884441
1595920870721	1595920870719	-9.748	-5.116	3.320	0.668	0.480	4.461	127.738113	37.884441
1595920870754	1595920870741	-8.752	-4.330	3.001	0.685	0.362	3.741	127.738106	37.884426
1595920870760	1595920870759	-8.103	-3.710	3.025	0.007	0.273	3.014	127.738106	37.884426
1595920870782	1595920870780	-8.211	-3.664	3.169	-0.835	0.225	2.345	127.738106	37.884426
1595920870800	1595920870799	-8.263	-3.542	3.167	-1.344	0.157	1.752	127.738106	37.884426
1595920870822	1595920870822	-8.493	-3.502	2.886	-1.529	0.124	1.295	127.738106	37.884426
1595920870843	1595920870840	-9.677	-3.854	1.918	-1.781	0.148	0.903	127.738106	37.884426
1595920870862	1595920870861	-11.284	-4.256	1.332	-2.119	0.180	0.576	127.738106	37.884426
1595920870885	1595920870880	-10.949	-4.512	1.564	-2.343	0.065	0.307	127.738106	37.884426
1595920870906	1595920870900	-8.589	-4.553	1.998	-2.330	-0.077	0.084	127.738106	37.884426
1595920870920	1595920870919	-7.576	-4.560	2.335	-2.146	0.083	-0.117	127.738106	37.884426
1595920870941	1595920870939	-9.336	-5.200	2.290	-1.788	0.285	-0.326	127.738106	37.884426
1595920870961	1595920870961	-12.745	-6.149	2.057	-0.901	0.455	-0.543	127.738106	37.884426
1595920870981	1595920870981	-14.693	-6.244	1.712	0.388	0.361	-0.810	127.738106	37.884426
1595920871007	1595920871000	-16.700	-5.499	1.130	1.546	0.370	-1.199	127.738106	37.884426
1595920871020	1595920871018	-18.418	-4.740	1.042	2.356	0.354	-1.838	127.738106	37.884426
1595920871042	1595920871042	-17.929	-3.633	0.939	2.949	0.124	-2.724	127.738106	37.884426
1595920871060	1595920871059	-17.608	-1.813	0.879	3.331	0.023	-3.652	127.738106	37.884426
1595920871079	1595920871078	-17.893	-0.562	0.965	3.246	-0.042	-4.424	127.738106	37.884426
1595920871104	1595920871100	-16.319	-0.145	1.015	2.826	-0.333	-4.867	127.738106	37.884426
1595920871121	1595920871117	-14.310	-0.471	1.415	2.263	-0.519	-5.069	127.738106	37.884426
1595920871139	1595920871137	-12.935	-1.288	1.739	1.781	-0.569	-5.187	127.738106	37.884426
1595920871158	1595920871156	-12.036	-1.429	1.636	1.581	-0.579	-5.188	127.738106	37.884426
1595920871178	1595920871176	-11.231	-0.517	1.329	1.571	-0.629	-5.081	127.738106	37.884426
1595920871199	1595920871197	-10.491	0.777	1.094	1.689	-0.686	-4.820	127.738106	37.884426
1595920871219	1595920871219	-9.883	1.620	1.061	1.826	-0.753	-4.437	127.738106	37.884426
1595920871240	1595920871236	-9.734	2.511	1.111	1.801	-0.782	-3.972	127.738106	37.884426
1595920871265	1595920871259	-9.784	3.795	1.130	1.473	-0.834	-3.434	127.738106	37.884426
1595920871287	1595920871286	-9.545	4.602	0.967	0.881	-0.907	-2.836	127.738106	37.884426
1595920871309	1595920871301	-9.233	4.531	0.922	0.316	-0.948	-2.197	127.738106	37.884426
1595920871318	1595920871315	-9.164	4.660	0.924	-0.106	-0.946	-1.498	127.738106	37.884426
1595920871339	1595920871337	-8.855	4.485	1.135	-0.478	-0.979	-0.734	127.738106	37.884426
1595920871358	1595920871355	-8.292	3.182	1.511	-0.830	-0.975	-0.082	127.738106	37.884426
1595920871379	1595920871379	-7.463	1.802	1.962	-0.958	-0.983	0.461	127.738106	37.884426
1595920871402	1595920871395	-7.394	1.244	2.110	-0.780	-0.960	0.947	127.738106	37.884426
1595920871421	1595920871418	-10.357	1.340	1.087	-0.659	-0.617	1.464	127.738106	37.884426
1595920871439	1595920871439	-14.918	0.976	-0.065	-0.989	-0.203	2.205	127.738106	37.884426
1595920871463	1595920871463	-16.518	-0.351	-0.029	-1.474	-0.113	3.090	127.738106	37.884426
1595920871477	1595920871474	-15.294	-1.149	0.376	-1.652	-0.113	3.993	127.738106	37.884426
1595920871502	1595920871502	-17.177	-1.456	1.305	-1.729	0.625	4.906	127.738106	37.884426
1595920871516	1595920871514	-18.506	-1.861	2.728	-2.081	1.011	5.561	127.738106	37.884426
1595920871537	1595920871533	-17.457	-2.316	3.799	-2.413	0.940	5.910	127.738106	37.884426
1595920871555	1595920871554	-16.396	-3.063	4.079	-2.261	0.832	6.050	127.738106	37.884426
1595920871574	1595920871573	-14.911	-3.839	2.788	-1.589	0.587	5.939	127.738106	37.884426
1595920871593	1595920871592	-12.939	-4.467	1.535	-0.762	0.326	5.657	127.738106	37.884426
1595920871613	1595920871612	-11.188	-5.068	1.578	-0.053	0.159	5.254	127.738106	37.884426
1595920871634	1595920871631	-9.806	-4.790	1.535	0.252	0.137	4.643	127.738106	37.884426
1595920871654	1595920871654	-8.273	-3.700	1.058	-0.076	0.081	3.871	127.738106	37.884426
1595920871672	1595920871671	-7.616	-2.790	0.965	-0.812	0.071	3.123	127.738106	37.884426
1595920871696	1595920871691	-8.445	-2.689	1.485	-1.550	0.153	2.447	127.738106	37.884426
1595920871713	1595920871711	-9.104	-2.888	2.194	-2.115	0.141	1.901	127.738106	37.884426
1595920871736	1595920871735	-9.085	-3.523	2.623	-2.583	0.043	1.452	127.738106	37.884426
1595920871752	1595920871752	-10.350	-4.872	2.369	-2.958	0.055	1.085	127.738106	37.884426
1595920871773	1595920871771	-11.686	-6.029	1.904	-3.128	0.052	0.895	127.738098	37.884418
1595920871798	1595920871797	-10.824	-6.534	1.964	-3.082	-0.116	0.808	127.738098	37.884418
1595920871822	1595920871816	-8.915	-6.920	2.199	-2.927	-0.202	0.736	127.738098	37.884418
1595920871839	1595920871833	-7.770	-7.270	2.390	-2.803	-0.146	0.605	127.738098	37.884418
1595920871862	1595920871851	-8.680	-7.964	1.863	-2.757	-0.002	0.266	127.738098	37.884418
1595920871881	1595920871873	-12.058	-8.994	0.761	-2.357	0.276	-0.340	127.738098	37.884418
1595920871893	1595920871891	-14.537	-8.947	-0.479	-1.156	0.453	-1.081	127.738098	37.884418
1595920871923	1595920871914	-16.535	-7.011	-1.143	0.495	0.746	-1.907	127.738098	37.884418
1595920871933	1595920871931	-18.574	-4.498	-0.645	1.797	1.095	-2.925	127.738098	37.884418
1595920871954	1595920871951	-19.211	-3.638	-0.558	2.861	1.177	-4.041	127.738098	37.884418
1595920871972	1595920871970	-20.277	-2.294	-1.169	3.839	1.258	-4.896	127.738098	37.884418
1595920871993	1595920871990	-21.494	-0.981	-1.006	4.015	1.241	-5.488	127.738098	37.884418
1595920872015	1595920872015	-19.321	-1.588	-0.269	3.506	0.882	-5.774	127.738098	37.884418
1595920872034	1595920872029	-16.063	-2.253	0.225	3.307	0.682	-5.768	127.738098	37.884418
1595920872054	1595920872053	-14.355	-1.583	0.311	3.194	0.799	-5.544	127.738098	37.884418
1595920872071	1595920872069	-12.599	-0.526	0.187	2.903	0.775	-5.191	127.738098	37.884418
1595920872091	1595920872090	-10.913	-0.100	0.084	2.774	0.719	-4.823	127.738098	37.884418
1595920872111	1595920872110	-10.376	0.453	0.203	2.929	0.746	-4.474	127.738098	37.884418
1595920872131	1595920872131	-10.558	1.610	0.251	3.115	0.680	-4.103	127.738098	37.884418
1595920872151	1595920872151	-10.795	2.969	0.311	3.037	0.494	-3.701	127.738098	37.884418
1595920872169	1595920872169	-10.017	4.277	0.388	2.765	0.241	-3.112	127.738098	37.884418
1595920872191	1595920872188	-8.359	4.801	0.646	2.291	-0.044	-2.527	127.738098	37.884418
1595920872212	1595920872212	-8.213	4.341	1.118	1.625	-0.118	-1.936	127.738098	37.884418
1595920872232	1595920872228	-9.931	3.735	1.614	1.143	-0.047	-1.260	127.738098	37.884418
1595920872251	1595920872250	-10.350	4.121	1.700	0.847	-0.203	-0.600	127.738098	37.884418
1595920872270	1595920872268	-8.963	4.183	1.585	0.503	-0.405	-0.078	127.738098	37.884418
1595920872289	1595920872288	-8.541	3.232	1.753	0.145	-0.350	0.363	127.738098	37.884418
1595920872315	1595920872313	-9.943	2.154	1.643	-0.091	-0.109	0.846	127.738098	37.884418
1595920872334	1595920872331	-10.762	1.728	0.965	-0.301	0.095	1.321	127.738098	37.884418
1595920872350	1595920872350	-11.464	1.098	0.924	-0.607	0.377	1.797	127.738098	37.884418
1595920872370	1595920872369	-14.932	-0.162	1.315	-0.944	0.951	2.388	127.738098	37.884418
1595920872389	1595920872387	-16.707	-0.917	1.971	-1.242	1.124	3.052	127.738098	37.884418
1595920872413	1595920872409	-15.335	-1.267	2.486	-1.393	0.990	3.685	127.738098	37.884418
1595920872434	1595920872428	-15.742	-1.758	2.644	-1.384	1.237	4.250	127.738098	37.884418
1595920872450	1595920872448	-16.319	-2.318	2.613	-1.324	1.293	4.672	127.738098	37.884418
1595920872471	1595920872471	-14.975	-2.697	2.407	-1.206	1.074	4.850	127.738098	37.884418
1595920872489	1595920872487	-13.347	-2.979	1.892	-0.906	0.895	4.820	127.738098	37.884418
1595920872508	1595920872507	-11.672	-2.989	1.336	-0.517	0.737	4.655	127.738098	37.884418
1595920872530	1595920872530	-9.911	-2.910	1.078	-0.248	0.601	4.412	127.738098	37.884418
1595920872551	1595920872548	-8.785	-2.773	1.090	-0.172	0.558	4.094	127.738098	37.884418
1595920872567	1595920872565	-8.503	-2.737	1.274	-0.257	0.564	3.720	127.738098	37.884418
1595920872587	1595920872585	-9.221	-3.118	1.566	-0.375	0.585	3.360	127.738098	37.884418
1595920872607	1595920872605	-10.941	-3.360	1.813	-0.493	0.672	3.001	127.738098	37.884418
1595920872626	1595920872626	-11.830	-3.468	2.539	-0.663	0.618	2.613	127.738098	37.884418
1595920872647	1595920872645	-10.980	-3.808	3.040	-0.774	0.453	2.258	127.738098	37.884418
1595920872673	1595920872666	-9.739	-4.076	3.758	-0.741	0.419	1.974	127.738098	37.884418
1595920872687	1595920872684	-9.581	-4.448	4.618	-0.644	0.465	1.705	127.738098	37.884418
1595920872708	1595920872704	-9.789	-4.541	4.956	-0.633	0.434	1.433	127.738098	37.884418
1595920872729	1595920872728	-8.805	-4.074	4.671	-0.899	0.238	1.137	127.738098	37.884418
1595920872757	1595920872755	-7.657	-3.650	4.038	-1.558	0.076	0.801	127.738091	37.884403
1595920872780	1595920872780	-7.044	-3.475	3.811	-2.461	-0.011	0.386	127.738091	37.884403
1595920872797	1595920872784	-7.231	-3.954	3.358	-3.123	-0.147	-0.105	127.738091	37.884403
1595920872806	1595920872803	-11.375	-5.047	2.314	-3.044	-0.018	-0.706	127.738091	37.884403
1595920872827	1595920872824	-16.243	-6.429	1.073	-2.225	0.098	-1.365	127.738091	37.884403
1595920872846	1595920872843	-18.106	-6.565	0.242	-0.958	0.011	-1.977	127.738091	37.884403
1595920872866	1595920872863	-18.813	-5.483	-0.008	0.502	0.057	-2.800	127.738091	37.884403
1595920872885	1595920872883	-19.649	-3.413	-0.312	1.816	0.263	-3.853	127.738091	37.884403
1595920872908	1595920872904	-20.631	-0.613	-0.043	2.595	0.368	-4.724	127.738091	37.884403
1595920872933	1595920872932	-19.091	0.830	0.666	2.449	0.211	-5.272	127.738091	37.884403
1595920872946	1595920872946	-15.641	0.322	1.037	1.869	0.062	-5.520	127.738091	37.884403
1595920872966	1595920872965	-12.872	-0.787	1.044	1.509	0.082	-5.495	127.738091	37.884403
1595920872985	1595920872982	-11.291	-1.724	0.924	1.382	0.161	-5.156	127.738091	37.884403
1595920873004	1595920873002	-10.807	-1.899	0.776	1.318	0.265	-4.715	127.738091	37.884403
1595920873026	1595920873026	-10.127	-1.013	0.757	1.361	0.230	-4.383	127.738091	37.884403
1595920873044	1595920873044	-9.277	0.633	0.946	1.521	0.107	-4.078	127.738091	37.884403
1595920873063	1595920873063	-8.752	1.984	1.298	1.740	-0.038	-3.663	127.738091	37.884403
1595920873084	1595920873081	-9.569	2.399	1.439	1.701	-0.130	-3.270	127.738091	37.884403
1595920873109	1595920873101	-10.482	3.503	1.200	1.270	-0.264	-2.830	127.738091	37.884403
1595920873128	1595920873123	-9.037	5.216	0.872	0.579	-0.583	-2.264	127.738091	37.884403
1595920873146	1595920873145	-7.736	5.036	1.078	-0.472	-0.681	-1.741	127.738091	37.884403
1595920873164	1595920873161	-9.015	4.777	2.105	-1.895	-0.526	-1.231	127.738091	37.884403
1595920873182	1595920873180	-9.451	4.236	3.315	-3.230	-0.679	-0.670	127.738091	37.884403
1595920873201	1595920873200	-8.105	2.291	3.229	-3.926	-1.024	-0.192	127.738091	37.884403
1595920873223	1595920873221	-7.777	0.580	2.608	-3.829	-1.157	0.187	127.738091	37.884403
1595920873247	1595920873247	-9.332	-0.629	1.729	-3.320	-1.199	0.606	127.738091	37.884403
1595920873268	1595920873268	-11.782	-1.123	0.177	-2.659	-1.162	1.153	127.738091	37.884403
1595920873289	1595920873288	-14.645	-1.597	-0.712	-2.012	-1.084	1.907	127.738091	37.884403
1595920873302	1595920873302	-17.345	-3.085	-0.410	-1.331	-0.983	2.816	127.738091	37.884403
1595920873326	1595920873320	-17.184	-3.985	0.548	-0.294	-1.037	3.721	127.738091	37.884403
1595920873344	1595920873344	-16.566	-3.485	1.724	0.817	-0.824	4.516	127.738091	37.884403
1595920873362	1595920873361	-17.208	-2.876	2.587	1.353	-0.385	5.042	127.738091	37.884403
1595920873382	1595920873380	-16.671	-3.068	2.927	1.474	-0.166	5.243	127.738091	37.884403
1595920873401	1595920873400	-14.791	-3.003	3.107	1.523	-0.104	5.187	127.738091	37.884403
1595920873422	1595920873420	-12.779	-2.692	2.539	1.312	-0.059	4.874	127.738091	37.884403
1595920873441	1595920873441	-10.587	-3.113	1.878	0.825	-0.091	4.417	127.738091	37.884403
1595920873466	1595920873466	-8.503	-3.585	2.050	0.319	-0.147	3.890	127.738091	37.884403
1595920873485	1595920873482	-6.912	-3.262	2.479	-0.129	-0.142	3.289	127.738091	37.884403
1595920873501	1595920873501	-6.016	-2.685	2.242	-0.633	-0.147	2.749	127.738091	37.884403
1595920873524	1595920873524	-7.054	-2.797	1.878	-1.154	-0.055	2.331	127.738091	37.884403
1595920873544	1595920873540	-8.718	-3.844	2.057	-1.430	-0.011	2.025	127.738091	37.884403
1595920873561	1595920873561	-8.965	-4.558	2.230	-1.330	-0.137	1.839	127.738091	37.884403
1595920873581	1595920873580	-8.788	-4.695	2.237	-1.054	-0.225	1.703	127.738091	37.884403
1595920873600	1595920873600	-9.974	-5.008	1.789	-0.862	-0.148	1.594	127.738091	37.884403
1595920873620	1595920873619	-10.985	-5.837	1.585	-0.648	-0.119	1.464	127.738091	37.884403
1595920873641	1595920873641	-9.916	-6.510	1.895	-0.290	-0.232	1.291	127.738091	37.884403
1595920873664	1595920873664	-8.421	-6.764	1.906	0.094	-0.233	1.021	127.738091	37.884403
1595920873683	1595920873681	-8.218	-6.347	2.041	0.336	-0.054	0.585	127.738091	37.884403
1595920873701	1595920873699	-9.576	-5.533	1.938	0.360	0.119	0.004	127.738091	37.884403
1595920873725	1595920873725	-13.244	-5.073	1.540	0.451	0.357	-0.678	127.738091	37.884403
1595920873744	1595920873737	-15.991	-4.843	1.142	0.855	0.389	-1.378	127.738091	37.884403
1595920873759	1595920873757	-17.021	-4.445	0.690	1.268	0.306	-2.081	127.738083	37.884396
1595920873780	1595920873778	-17.613	-3.906	0.766	1.412	0.318	-2.852	127.738083	37.884396
1595920873800	1595920873800	-17.812	-3.209	0.627	1.507	0.290	-3.726	127.738083	37.884396
1595920873820	1595920873819	-18.329	-2.112	-0.082	1.709	0.324	-4.541	127.738083	37.884396
1595920873839	1595920873837	-18.696	-1.180	-0.702	1.813	0.363	-5.097	127.738083	37.884396
1595920873863	1595920873862	-17.182	-1.044	-0.743	1.836	0.278	-5.271	127.738083	37.884396
1595920873883	1595920873879	-15.100	-1.372	-0.101	1.966	0.191	-5.196	127.738083	37.884396
1595920873903	1595920873897	-14.156	-1.710	0.778	2.110	0.173	-4.960	127.738083	37.884396
1595920873923	1595920873917	-12.829	-1.326	0.984	2.275	0.029	-4.663	127.738083	37.884396
1595920873939	1595920873936	-10.410	0.240	0.622	2.488	-0.251	-4.339	127.738083	37.884396
1595920873961	1595920873958	-8.117	1.268	0.258	2.522	-0.428	-3.977	127.738083	37.884396
1595920873978	1595920873975	-7.583	1.378	0.234	2.226	-0.361	-3.671	127.738083	37.884396
1595920874000	1595920873998	-8.074	2.087	0.373	1.844	-0.231	-3.324	127.738083	37.884396
1595920874019	1595920874015	-7.741	3.311	0.893	1.680	-0.288	-2.838	127.738083	37.884396
1595920874038	1595920874035	-8.726	3.043	1.744	1.681	-0.233	-2.297	127.738083	37.884396
1595920874057	1595920874055	-11.152	2.703	2.129	1.850	-0.212	-1.653	127.738083	37.884396
1595920874079	1595920874079	-11.009	3.855	1.554	1.896	-0.553	-1.006	127.738083	37.884396
1595920874097	1595920874094	-9.083	4.804	0.955	1.296	-0.838	-0.419	127.738083	37.884396
1595920874122	1595920874116	-8.920	3.989	0.896	0.235	-0.743	0.158	127.738083	37.884396
1595920874137	1595920874134	-9.990	2.518	1.171	-0.620	-0.655	0.691	127.738083	37.884396
1595920874156	1595920874154	-11.133	1.836	1.020	-1.123	-0.606	1.163	127.738083	37.884396
1595920874179	1595920874173	-12.089	1.637	0.189	-1.680	-0.480	1.592	127.738083	37.884396
1595920874198	1595920874197	-11.174	0.475	-0.113	-2.423	-0.451	2.061	127.738083	37.884396
1595920874217	1595920874216	-11.811	-0.977	-0.158	-2.931	-0.176	2.567	127.738083	37.884396
1595920874235	1595920874233	-15.598	-2.127	0.692	-2.957	0.379	3.272	127.738083	37.884396
1595920874257	1595920874257	-17.012	-2.589	1.169	-2.664	0.406	4.007	127.738083	37.884396
1595920874279	1595920874273	-16.913	-2.642	1.413	-2.270	0.456	4.562	127.738083	37.884396
1595920874298	1595920874292	-17.395	-3.382	1.933	-1.881	0.613	4.895	127.738083	37.884396
1595920874317	1595920874317	-15.589	-3.566	1.789	-1.486	0.490	4.954	127.738083	37.884396
1595920874338	1595920874335	-12.587	-3.212	1.334	-1.088	0.358	4.785	127.738083	37.884396
1595920874354	1595920874353	-10.352	-3.442	1.540	-0.433	0.332	4.469	127.738083	37.884396
1595920874384	1595920874374	-8.436	-4.050	2.024	0.503	0.303	4.066	127.738083	37.884396
1595920874394	1595920874391	-7.001	-3.770	1.993	1.214	0.343	3.571	127.738083	37.884396
1595920874422	1595920874422	-6.797	-2.804	1.890	1.239	0.424	3.036	127.738083	37.884396
1595920874437	1595920874433	-7.310	-2.249	2.024	0.672	0.385	2.560	127.738083	37.884396
1595920874462	1595920874454	-8.249	-2.335	1.966	-0.001	0.319	2.148	127.738083	37.884396
1595920874473	1595920874471	-9.394	-2.618	1.748	-0.502	0.306	1.823	127.738083	37.884396
1595920874494	1595920874493	-9.837	-2.814	1.902	-0.977	0.256	1.586	127.738083	37.884396
1595920874513	1595920874511	-10.096	-3.487	2.594	-1.407	0.231	1.432	127.738083	37.884396
1595920874533	1595920874530	-10.771	-4.450	3.071	-1.501	0.256	1.289	127.738083	37.884396
1595920874554	1595920874551	-11.639	-4.659	2.939	-1.253	0.357	1.158	127.738083	37.884396
1595920874574	1595920874571	-11.011	-4.474	3.073	-1.046	0.304	1.012	127.738083	37.884396
1595920874593	1595920874590	-9.478	-4.644	3.277	-0.891	0.190	0.799	127.738083	37.884396
1595920874619	1595920874613	-9.495	-4.668	3.337	-0.596	0.243	0.527	127.738083	37.884396
1595920874631	1595920874631	-11.730	-4.421	3.085	-0.273	0.343	0.166	127.738083	37.884396
1595920874650	1595920874649	-12.671	-4.467	3.305	-0.016	0.152	-0.239	127.738083	37.884396
1595920874673	1595920874670	-13.363	-4.663	2.220	0.265	-0.072	-0.754	127.738083	37.884396
1595920874692	1595920874690	-16.420	-4.455	1.279	0.806	0.027	-1.346	127.738083	37.884396
1595920874712	1595920874710	-18.118	-3.655	1.241	1.317	-0.163	-2.040	127.738083	37.884396
1595920874737	1595920874736	-17.261	-2.666	0.809	1.634	-0.540	-2.852	127.738083	37.884396
1595920874753	1595920874753	-16.954	-1.444	0.112	1.813	-0.605	-3.593	127.738068	37.884384
1595920874770	1595920874770	-16.389	-0.598	-0.005	1.700	-0.610	-4.103	127.738068	37.884384
1595920874803	1595920874801	-14.266	-0.744	0.639	1.407	-0.729	-4.400	127.738068	37.884384
1595920874823	1595920874818	-12.247	-1.267	1.288	1.165	-0.727	-4.554	127.738068	37.884384
1595920874838	1595920874832	-10.925	-1.695	1.353	1.024	-0.631	-4.513	127.738068	37.884384
1595920874850	1595920874848	-10.206	-1.952	1.054	0.964	-0.493	-4.371	127.738068	37.884384
1595920874878	1595920874878	-9.514	-1.765	0.812	0.944	-0.436	-4.264	127.738068	37.884384
1595920874891	1595920874887	-9.147	-1.240	0.646	0.969	-0.391	-4.166	127.738068	37.884384
1595920874912	1595920874910	-9.315	-0.569	0.577	1.131	-0.351	-4.024	127.738068	37.884384
1595920874932	1595920874932	-9.451	0.504	0.687	1.487	-0.414	-3.773	127.738068	37.884384
1595920874953	1595920874949	-9.590	1.558	0.697	1.864	-0.535	-3.387	127.738068	37.884384
1595920874971	1595920874967	-9.653	2.583	0.484	1.925	-0.634	-2.914	127.738068	37.884384
1595920874991	1595920874988	-9.590	3.479	0.345	1.487	-0.727	-2.419	127.738068	37.884384
1595920875012	1595920875012	-9.657	4.413	0.182	0.802	-0.730	-1.772	127.738068	37.884384
1595920875030	1595920875028	-8.989	4.655	0.553	0.189	-0.736	-1.006	127.738068	37.884384
1595920875049	1595920875047	-8.297	3.493	1.291	-0.265	-0.688	-0.281	127.738068	37.884384
1595920875068	1595920875066	-8.254	1.915	1.885	-0.399	-0.531	0.335	127.738068	37.884384
1595920875088	1595920875086	-8.812	1.067	2.129	-0.221	-0.409	0.875	127.738068	37.884384
1595920875110	1595920875106	-10.731	1.179	1.437	-0.147	-0.162	1.371	127.738068	37.884384
1595920875128	1595920875125	-12.374	1.160	0.448	-0.405	0.050	1.829	127.738068	37.884384
1595920875148	1595920875147	-14.753	0.046	0.675	-0.763	0.396	2.331	127.738068	37.884384
1595920875168	1595920875164	-16.578	-1.276	1.736	-0.839	0.631	2.916	127.738068	37.884384
1595920875188	1595920875186	-16.006	-1.152	1.981	-0.588	0.715	3.496	127.738068	37.884384
1595920875211	1595920875211	-15.783	-0.761	2.834	-0.264	1.057	3.964	127.738068	37.884384
1595920875227	1595920875225	-16.058	-1.185	3.825	-0.240	1.312	4.270	127.738068	37.884384
1595920875247	1595920875247	-14.827	-1.746	4.146	-0.476	1.297	4.436	127.738068	37.884384
1595920875273	1595920875272	-13.009	-1.760	3.873	-0.793	1.225	4.469	127.738068	37.884384
1595920875286	1595920875285	-11.488	-2.158	2.865	-1.163	1.097	4.355	127.738068	37.884384
1595920875310	1595920875305	-10.134	-2.642	2.177	-1.433	0.881	4.126	127.738068	37.884384
1595920875330	1595920875326	-9.118	-3.094	2.254	-1.470	0.645	3.808	127.738068	37.884384
1595920875346	1595920875345	-8.369	-3.444	2.187	-1.362	0.406	3.382	127.738068	37.884384
1595920875369	1595920875369	-7.770	-3.516	1.554	-1.233	0.217	2.931	127.738068	37.884384
1595920875392	1595920875387	-7.561	-3.446	1.094	-1.147	0.115	2.500	127.738068	37.884384
1595920875406	1595920875404	-8.036	-3.585	1.303	-0.966	0.091	2.095	127.738068	37.884384
1595920875433	1595920875427	-8.843	-3.679	1.892	-0.697	0.124	1.757	127.738068	37.884384
1595920875446	1595920875444	-9.138	-3.770	2.263	-0.572	0.119	1.481	127.738068	37.884384
1595920875468	1595920875467	-10.505	-4.342	2.208	-0.590	0.239	1.242	127.738068	37.884384
1595920875488	1595920875488	-11.476	-4.757	2.776	-0.639	0.321	1.055	127.738068	37.884384
1595920875510	1595920875510	-9.916	-4.860	3.253	-0.675	0.183	0.845	127.738068	37.884384
1595920875528	1595920875524	-8.661	-4.929	3.260	-0.648	0.238	0.543	127.738068	37.884384
1595920875549	1595920875545	-10.659	-5.174	2.807	-0.465	0.450	0.166	127.738068	37.884384
1595920875569	1595920875567	-13.517	-5.051	3.270	-0.170	0.523	-0.291	127.738068	37.884384
1595920875584	1595920875583	-12.963	-4.536	2.762	0.061	0.140	-0.850	127.738068	37.884384
1595920875605	1595920875603	-13.847	-4.184	0.960	0.396	0.106	-1.449	127.738068	37.884384
1595920875624	1595920875622	-16.652	-3.700	0.141	0.777	0.234	-2.019	127.738068	37.884384
1595920875652	1595920875651	-17.711	-3.200	0.198	1.029	0.005	-2.661	127.738068	37.884384
1595920875662	1595920875662	-17.522	-2.644	-0.204	1.308	-0.137	-3.311	127.738068	37.884384
1595920875683	1595920875682	-17.620	-1.820	-0.424	1.631	-0.078	-3.812	127.738068	37.884384
1595920875708	1595920875702	-16.418	-1.178	-0.111	1.668	-0.137	-4.119	127.738068	37.884384
1595920875727	1595920875726	-14.147	-1.372	0.484	1.473	-0.218	-4.307	127.738068	37.884384
1595920875743	1595920875742	-12.163	-1.801	0.840	1.342	-0.238	-4.397	127.738068	37.884384
1595920875765	1595920875765	-10.484	-1.899	0.644	1.304	-0.236	-4.381	127.738068	37.884384
1595920875781	1595920875780	-9.449	-1.583	0.299	1.255	-0.149	-4.316	127.738052	37.884373
1595920875801	1595920875800	-9.444	-0.974	0.292	1.290	-0.048	-4.198	127.738052	37.884373
1595920875821	1595920875820	-9.789	-0.131	0.690	1.623	-0.040	-3.991	127.738052	37.884373
1595920875842	1595920875840	-9.128	0.825	0.613	2.128	-0.254	-3.682	127.738052	37.884373
1595920875863	1595920875862	-9.092	1.210	0.438	2.348	-0.374	-3.336	127.738052	37.884373
1595920875883	1595920875880	-10.755	0.959	0.606	2.121	-0.386	-2.994	127.738052	37.884373
1595920875902	1595920875901	-11.801	0.837	0.634	1.844	-0.539	-2.651	127.738052	37.884373
1595920875926	1595920875926	-11.377	1.083	0.718	1.667	-0.755	-2.380	127.738052	37.884373
1595920875946	1595920875940	-11.018	0.956	1.085	1.463	-0.845	-2.094	127.738052	37.884373
1595920875967	1595920875960	-10.970	0.542	1.509	1.280	-0.837	-1.730	127.738052	37.884373
1595920875983	1595920875980	-10.091	0.415	2.134	1.171	-0.854	-1.295	127.738052	37.884373
1595920876003	1595920876002	-8.563	0.444	2.812	1.161	-0.890	-0.846	127.738052	37.884373
1595920876021	1595920876020	-8.024	0.456	2.822	1.191	-0.798	-0.348	127.738052	37.884373
1595920876042	1595920876041	-8.263	0.755	1.895	0.977	-0.644	0.207	127.738052	37.884373
1595920876063	1595920876060	-8.783	0.976	0.747	0.310	-0.441	0.870	127.738052	37.884373
1595920876082	1595920876082	-9.883	0.705	0.440	-0.611	-0.047	1.714	127.738052	37.884373
1595920876104	1595920876104	-10.714	0.235	0.920	-1.427	0.377	2.657	127.738052	37.884373
1595920876124	1595920876123	-11.821	-0.342	1.293	-1.985	0.865	3.558	127.738052	37.884373
1595920876144	1595920876140	-13.744	-1.089	1.777	-2.380	1.418	4.330	127.738052	37.884373
1595920876165	1595920876163	-15.102	-1.918	2.556	-2.697	1.733	4.915	127.738052	37.884373
1595920876182	1595920876180	-14.901	-2.627	3.387	-2.735	1.731	5.304	127.738052	37.884373
1595920876202	1595920876199	-13.912	-2.821	3.751	-2.340	1.589	5.479	127.738052	37.884373
1595920876220	1595920876219	-12.707	-3.214	3.301	-1.587	1.340	5.425	127.738052	37.884373
1595920876242	1595920876239	-11.157	-4.117	2.433	-0.296	0.980	5.213	127.738052	37.884373
1595920876268	1595920876268	-9.744	-4.321	1.890	1.267	0.751	4.872	127.738052	37.884373
1595920876284	1595920876283	-8.932	-3.418	1.413	2.080	0.756	4.362	127.738052	37.884373
1595920876302	1595920876299	-8.163	-2.850	1.442	1.768	0.723	3.747	127.738052	37.884373
1595920876323	1595920876323	-7.866	-3.257	2.132	0.982	0.679	3.123	127.738052	37.884373
1595920876340	1595920876338	-8.620	-3.521	2.711	0.431	0.786	2.521	127.738052	37.884373
1595920876359	1595920876359	-10.120	-3.022	3.250	0.289	0.897	2.055	127.738052	37.884373
1595920876381	1595920876378	-12.067	-2.766	4.254	0.307	0.951	1.730	127.738052	37.884373
1595920876400	1595920876398	-13.244	-3.185	5.073	0.125	0.890	1.425	127.738052	37.884373
1595920876421	1595920876419	-12.000	-3.662	5.406	-0.499	0.641	1.124	127.738052	37.884373
1595920876442	1595920876442	-9.509	-4.093	4.783	-1.267	0.385	0.857	127.738052	37.884373
1595920876465	1595920876464	-9.166	-4.632	4.007	-1.633	0.379	0.523	127.738052	37.884373
1595920876482	1595920876478	-12.130	-5.212	3.761	-1.437	0.466	0.092	127.738052	37.884373
1595920876500	1595920876498	-13.763	-4.740	4.149	-0.992	0.320	-0.463	127.738052	37.884373
1595920876529	1595920876523	-11.885	-4.124	3.190	-0.620	-0.197	-1.045	127.738052	37.884373
1595920876539	1595920876536	-13.759	-4.084	1.564	-0.100	-0.185	-1.672	127.738052	37.884373
1595920876562	1595920876556	-17.424	-3.638	0.824	0.475	-0.179	-2.304	127.738052	37.884373
1595920876578	1595920876576	-18.413	-2.594	0.726	0.726	-0.530	-3.033	127.738052	37.884373
1595920876598	1595920876598	-17.546	-1.889	0.292	0.787	-0.878	-3.749	127.738052	37.884373
1595920876619	1595920876617	-16.954	-0.936	0.038	0.864	-0.903	-4.308	127.738052	37.884373
1595920876638	1595920876635	-15.874	-0.524	0.414	0.706	-0.907	-4.651	127.738052	37.884373
1595920876658	1595920876656	-14.015	-1.202	0.977	0.410	-0.929	-4.836	127.738052	37.884373
1595920876679	1595920876675	-12.321	-1.913	1.298	0.302	-0.863	-4.844	127.738052	37.884373
1595920876697	1595920876694	-10.929	-2.059	1.159	0.308	-0.762	-4.725	127.738052	37.884373
1595920876720	1595920876714	-9.806	-1.966	0.749	0.309	-0.640	-4.571	127.738052	37.884373
1595920876745	1595920876745	-9.217	-1.818	0.448	0.370	-0.493	-4.396	127.738052	37.884373
1595920876759	1595920876759	-9.281	-1.348	0.321	0.637	-0.364	-4.224	127.738037	37.884361
1595920876783	1595920876775	-8.956	-0.215	0.220	1.094	-0.375	-3.987	127.738037	37.884361
1595920876800	1595920876795	-8.671	0.818	0.287	1.568	-0.449	-3.637	127.738037	37.884361
1595920876817	1595920876816	-9.389	1.014	0.486	1.911	-0.467	-3.202	127.738037	37.884361
1595920876838	1595920876836	-10.355	1.107	0.555	2.016	-0.543	-2.754	127.738037	37.884361
1595920876856	1595920876852	-10.668	1.476	0.428	1.820	-0.655	-2.232	127.738037	37.884361
1595920876882	1595920876879	-9.962	1.778	0.246	1.328	-0.752	-1.645	127.738037	37.884361
1595920876897	1595920876892	-9.272	1.603	0.177	0.672	-0.699	-1.023	127.738037	37.884361
1595920876928	1595920876925	-8.996	1.091	0.692	0.109	-0.519	-0.333	127.738037	37.884361
1595920876935	1595920876933	-8.532	0.655	1.542	-0.213	-0.383	0.292	127.738037	37.884361
1595920876959	1595920876954	-8.302	0.451	2.489	-0.353	-0.264	0.804	127.738037	37.884361
1595920876975	1595920876974	-8.865	0.470	2.216	-0.622	-0.110	1.180	127.738037	37.884361
1595920877000	1595920876997	-9.636	0.640	1.001	-1.134	0.060	1.597	127.738037	37.884361
1595920877015	1595920877015	-11.253	0.142	0.431	-1.704	0.352	2.151	127.738037	37.884361
1595920877039	1595920877032	-13.313	-0.950	1.015	-1.987	0.656	2.835	127.738037	37.884361
1595920877052	1595920877052	-14.235	-1.135	1.600	-1.885	0.902	3.554	127.738037	37.884361
1595920877079	1595920877071	-15.443	-0.900	2.417	-1.692	1.231	4.233	127.738037	37.884361
1595920877092	1595920877091	-16.866	-1.925	3.876	-1.550	1.307	4.825	127.738037	37.884361
1595920877113	1595920877111	-16.101	-2.701	4.750	-1.522	1.025	5.155	127.738037	37.884361
1595920877134	1595920877133	-14.496	-2.907	3.665	-1.677	0.739	5.202	127.738037	37.884361
1595920877154	1595920877153	-13.315	-3.835	2.235	-1.759	0.415	5.090	127.738037	37.884361
1595920877172	1595920877171	-11.986	-4.201	2.649	-2.008	0.030	4.640	127.738037	37.884361
1595920877192	1595920877190	-10.479	-6.683	1.006	-2.116	-0.651	4.131	127.738037	37.884361
1595920877215	1595920877212	-7.815	-5.004	0.766	-1.113	-0.622	3.648	127.738037	37.884361
1595920877234	1595920877231	-8.091	-3.554	0.697	-1.032	-0.369	3.037	127.738037	37.884361
1595920877252	1595920877250	-8.874	-4.072	0.189	-1.366	-0.253	2.487	127.738037	37.884361
1595920877272	1595920877270	-8.397	-3.355	0.455	-1.247	-0.129	2.035	127.738037	37.884361
1595920877292	1595920877290	-7.777	-3.451	1.173	-0.999	-0.020	1.703	127.738037	37.884361
1595920877311	1595920877310	-8.809	-4.263	1.657	-0.654	0.168	1.487	127.738037	37.884361
1595920877338	1595920877335	-10.977	-4.826	1.674	-0.321	0.294	1.328	127.738037	37.884361
1595920877353	1595920877349	-11.962	-4.807	1.379	-0.265	0.280	1.197	127.738037	37.884361
1595920877377	1595920877374	-10.690	-4.798	1.308	-0.448	0.140	1.013	127.738037	37.884361
1595920877395	1595920877389	-9.188	-4.726	1.358	-0.615	0.075	0.830	127.738037	37.884361
1595920877413	1595920877413	-10.822	-5.061	1.518	-0.682	0.242	0.609	127.738037	37.884361
1595920877430	1595920877430	-13.622	-5.864	2.386	-0.578	0.306	0.286	127.738037	37.884361
1595920877452	1595920877450	-13.397	-6.158	2.381	-0.210	0.021	-0.176	127.738037	37.884361
1595920877469	1595920877469	-14.458	-5.883	1.403	0.421	0.047	-0.716	127.738037	37.884361
1595920877492	1595920877490	-17.304	-5.339	0.575	1.093	0.223	-1.336	127.738037	37.884361
1595920877510	1595920877510	-17.915	-4.179	0.376	1.636	0.090	-2.079	127.738037	37.884361
1595920877531	1595920877529	-16.779	-2.783	0.227	2.034	-0.089	-2.864	127.738037	37.884361
1595920877553	1595920877553	-16.485	-1.537	-0.063	2.227	-0.036	-3.594	127.738037	37.884361
1595920877572	1595920877568	-15.661	-1.070	-0.058	2.146	-0.063	-4.085	127.738037	37.884361
1595920877590	1595920877588	-13.505	-1.192	0.160	1.892	-0.190	-4.391	127.738037	37.884361
1595920877612	1595920877612	-11.854	-1.501	0.414	1.578	-0.200	-4.522	127.738037	37.884361
1595920877630	1595920877628	-10.661	-1.980	0.467	1.269	-0.195	-4.574	127.738037	37.884361
1595920877648	1595920877647	-9.804	-2.047	0.347	1.146	-0.143	-4.536	127.738037	37.884361
1595920877674	1595920877667	-9.406	-1.844	0.273	1.127	-0.063	-4.430	127.738037	37.884361
1595920877689	1595920877687	-9.650	-1.671	0.294	1.174	0.016	-4.319	127.738037	37.884361
1595920877710	1595920877709	-10.149	-0.970	0.488	1.438	0.028	-4.130	127.738037	37.884361
1595920877730	1595920877729	-10.223	0.580	0.843	1.973	-0.113	-3.742	127.738037	37.884361
1595920877751	1595920877750	-9.866	2.094	0.864	2.600	-0.336	-3.201	127.738037	37.884361
1595920877771	1595920877771	-9.574	2.593	0.627	2.817	-0.512	-2.688	127.738029	37.884354
1595920877797	1595920877797	-9.286	2.236	0.431	2.433	-0.677	-2.230	127.738029	37.884354
1595920877821	1595920877806	-9.174	3.218	0.620	1.630	-0.748	-1.722	127.738029	37.884354
1595920877830	1595920877827	-8.613	4.389	1.011	0.609	-0.741	-1.085	127.738029	37.884354
1595920877847	1595920877846	-8.002	3.594	1.574	-0.118	-0.700	-0.522	127.738029	37.884354
1595920877869	1595920877866	-8.330	2.281	2.335	-0.150	-0.604	0.087	127.738029	37.884354
1595920877888	1595920877886	-9.559	1.809	2.395	0.047	-0.495	0.742	127.738029	37.884354
1595920877911	1595920877911	-11.128	1.864	0.872	-0.163	-0.353	1.371	127.738029	37.884354
1595920877929	1595920877927	-12.736	1.285	0.007	-0.894	-0.164	2.017	127.738029	37.884354
1595920877950	1595920877950	-14.961	-0.129	0.244	-1.784	0.157	2.689	127.738029	37.884354
1595920877975	1595920877969	-16.422	-1.037	0.850	-2.361	0.378	3.385	127.738029	37.884354
1595920877988	1595920877985	-16.456	-1.204	1.075	-2.663	0.477	4.002	127.738029	37.884354
1595920878006	1595920878005	-16.791	-1.540	1.478	-2.897	0.689	4.524	127.738029	37.884354
1595920878027	1595920878025	-17.143	-2.697	2.438	-2.922	0.772	4.905	127.738029	37.884354
1595920878047	1595920878045	-16.051	-3.887	3.272	-2.401	0.601	5.089	127.738029	37.884354
1595920878066	1595920878065	-13.886	-4.460	3.133	-1.303	0.370	5.031	127.738029	37.884354
1595920878086	1595920878085	-11.377	-4.560	2.153	-0.072	0.193	4.769	127.738029	37.884354
1595920878108	1595920878108	-9.042	-4.405	1.485	0.860	0.108	4.369	127.738029	37.884354
1595920878128	1595920878123	-7.391	-4.048	1.353	1.308	0.122	3.860	127.738029	37.884354
1595920878146	1595920878143	-6.431	-3.248	1.375	1.304	0.174	3.299	127.738029	37.884354
1595920878174	1595920878168	-6.570	-2.337	1.420	0.874	0.273	2.763	127.738029	37.884354
1595920878192	1595920878184	-7.921	-1.985	1.988	0.149	0.388	2.282	127.738029	37.884354
1595920878204	1595920878203	-9.121	-2.428	2.721	-0.513	0.374	1.913	127.738029	37.884354
1595920878224	1595920878223	-9.653	-3.351	3.298	-0.827	0.299	1.671	127.738029	37.884354
1595920878243	1595920878243	-10.628	-4.012	3.171	-0.874	0.264	1.545	127.738029	37.884354
1595920878265	1595920878264	-11.833	-4.347	2.752	-0.920	0.280	1.497	127.738029	37.884354
1595920878284	1595920878282	-11.217	-4.999	3.052	-1.035	0.111	1.440	127.738029	37.884354
1595920878304	1595920878304	-9.622	-5.679	3.327	-1.065	-0.035	1.259	127.738029	37.884354
1595920878329	1595920878322	-8.647	-6.012	3.274	-0.934	0.004	0.936	127.738029	37.884354
1595920878344	1595920878342	-9.291	-6.249	3.056	-0.622	0.047	0.479	127.738029	37.884354
1595920878368	1595920878362	-11.629	-6.120	3.116	-0.043	0.142	-0.105	127.738029	37.884354
1595920878388	1595920878383	-12.752	-5.490	2.568	0.637	-0.028	-0.723	127.738029	37.884354
1595920878403	1595920878401	-15.677	-4.956	1.334	1.246	0.008	-1.410	127.738029	37.884354
1595920878427	1595920878423	-19.330	-4.127	0.862	1.520	0.087	-2.102	127.738029	37.884354
1595920878443	1595920878442	-18.974	-3.296	0.903	1.530	-0.348	-2.824	127.738029	37.884354
1595920878467	1595920878465	-17.627	-2.469	0.455	1.583	-0.540	-3.560	127.738029	37.884354
1595920878483	1595920878481	-17.991	-1.470	0.194	1.576	-0.430	-4.199	127.738029	37.884354
1595920878506	1595920878502	-17.079	-0.979	0.352	1.330	-0.478	-4.609	127.738029	37.884354
1595920878525	1595920878525	-14.798	-1.228	0.567	1.050	-0.560	-4.818	127.738029	37.884354
1595920878543	1595920878540	-13.143	-1.679	0.783	0.881	-0.528	-4.875	127.738029	37.884354
1595920878565	1595920878565	-12.012	-2.043	0.680	0.788	-0.490	-4.861	127.738029	37.884354
1595920878582	1595920878580	-11.013	-2.038	0.251	0.773	-0.441	-4.834	127.738029	37.884354
1595920878602	1595920878601	-10.654	-1.688	0.151	0.908	-0.389	-4.799	127.738029	37.884354
