1595920789298	1595920789293	-6.057	-2.855	0.934	-0.218	-0.151	2.101	127.738380	37.885536
1595920789314	1595920789313	-6.069	-2.407	0.943	-0.386	-0.112	1.847	127.738380	37.885536
1595920789340	1595920789339	-5.834	-2.565	0.896	-0.707	-0.067	1.608	127.738380	37.885536
1595920789358	1595920789354	-6.646	-2.893	0.634	-0.893	0.015	1.449	127.738380	37.885536
1595920789374	1595920789374	-8.297	-3.276	1.159	-0.876	0.103	1.387	127.738380	37.885536
1595920789397	1595920789393	-8.898	-3.964	1.830	-0.695	0.072	1.411	127.738380	37.885536
1595920789416	1595920789416	-8.769	-4.146	1.897	-0.481	-0.019	1.438	127.738380	37.885536
1595920789436	1595920789436	-10.010	-4.093	2.024	-0.375	0.019	1.426	127.738380	37.885536
1595920789455	1595920789455	-11.507	-4.393	2.285	-0.442	0.096	1.370	127.738380	37.885536
1595920789476	1595920789476	-10.934	-4.711	2.649	-0.558	-0.002	1.153	127.738380	37.885536
1595920789501	1595920789501	-9.638	-4.762	2.604	-0.630	-0.066	0.813	127.738380	37.885536
1595920789513	1595920789513	-10.117	-4.812	2.441	-0.661	0.073	0.430	127.738380	37.885536
1595920789551	1595920789548	-12.788	-5.169	2.759	-0.517	0.311	0.006	127.738380	37.885536
1595920789554	1595920789552	-13.689	-5.289	3.231	-0.186	0.280	-0.500	127.738380	37.885536
1595920789576	1595920789572	-12.707	-4.838	2.568	0.333	0.077	-1.047	127.738380	37.885536
1595920789596	1595920789594	-14.551	-4.254	1.552	0.937	0.275	-1.524	127.738380	37.885536
1595920789613	1595920789611	-17.405	-3.811	0.910	1.291	0.432	-1.985	127.738380	37.885536
1595920789632	1595920789632	-17.802	-3.317	0.285	1.469	0.242	-2.499	127.738380	37.885536
1595920789655	1595920789651	-16.614	-2.500	-0.319	1.662	0.095	-2.914	127.738380	37.885536
1595920789672	1595920789672	-15.790	-1.784	-0.046	1.769	0.147	-3.169	127.738380	37.885536
1595920789697	1595920789697	-14.142	-1.693	0.268	1.699	0.135	-3.272	127.738380	37.885536
1595920789713	1595920789713	-11.380	-1.453	0.309	1.673	0.025	-3.274	127.738380	37.885536
1595920789737	1595920789737	-8.996	-1.118	0.263	1.697	-0.016	-3.198	127.738380	37.885536
1595920789777	1595920789763	-7.482	-0.958	0.239	1.636	0.017	-3.051	127.738380	37.885536
1595920789778	1595920789777	-6.733	-0.768	0.232	1.545	0.084	-2.867	127.738380	37.885536
1595920789793	1595920789793	-6.673	-0.457	0.280	1.471	0.117	-2.686	127.738388	37.885517
1595920789818	1595920789816	-6.213	-0.203	0.143	1.439	0.082	-2.520	127.738388	37.885517
1595920789838	1595920789836	-5.870	0.061	0.055	1.429	0.038	-2.326	127.738388	37.885517
1595920789853	1595920789850	-6.165	0.185	0.117	1.350	0.031	-2.090	127.738388	37.885517
1595920789870	1595920789869	-7.101	0.245	0.170	1.183	0.029	-1.827	127.738388	37.885517
1595920789892	1595920789890	-8.378	0.228	0.412	1.002	-0.010	-1.522	127.738388	37.885517
1595920789910	1595920789909	-9.777	0.314	0.594	0.871	-0.083	-1.212	127.738388	37.885517
1595920789936	1595920789933	-10.422	0.772	0.519	0.699	-0.214	-0.940	127.738388	37.885517
1595920789956	1595920789948	-9.722	1.038	0.464	0.302	-0.380	-0.705	127.738388	37.885517
1595920789974	1595920789974	-8.814	0.710	0.740	-0.197	-0.358	-0.416	127.738388	37.885517
1595920789994	1595920789991	-9.691	0.156	1.219	-0.509	-0.196	-0.093	127.738388	37.885517
1595920790009	1595920790008	-12.743	-0.157	0.989	-0.682	0.024	0.267	127.738388	37.885517
1595920790030	1595920790029	-14.307	0.111	0.175	-1.060	0.128	0.645	127.738388	37.885517
1595920790050	1595920790047	-12.158	-0.514	0.189	-1.564	-0.063	1.020	127.738388	37.885517
1595920790070	1595920790070	-13.172	-1.712	1.712	-1.666	0.281	1.583	127.738388	37.885517
1595920790090	1595920790090	-15.857	-2.115	2.570	-1.302	0.598	2.228	127.738388	37.885517
1595920790109	1595920790109	-15.026	-2.117	2.666	-0.937	0.423	2.684	127.738388	37.885517
1595920790130	1595920790129	-13.409	-2.404	3.497	-0.676	0.366	2.957	127.738388	37.885517
1595920790152	1595920790147	-12.319	-2.682	4.046	-0.591	0.355	3.080	127.738388	37.885517
1595920790169	1595920790167	-10.891	-2.666	3.456	-0.662	0.243	3.050	127.738388	37.885517
1595920790191	1595920790191	-9.808	-3.027	2.860	-0.817	0.177	2.910	127.738388	37.885517
1595920790209	1595920790206	-9.413	-3.363	2.984	-1.390	-0.033	2.576	127.738388	37.885517
1595920790228	1595920790226	-8.105	-4.570	1.260	-1.141	-0.369	2.471	127.738388	37.885517
1595920790249	1595920790246	-7.020	-2.186	1.739	-0.650	-0.181	2.300	127.738388	37.885517
1595920790267	1595920790266	-6.960	-1.573	1.360	-1.518	-0.220	1.934	127.738388	37.885517
1595920790289	1595920790289	-6.790	-3.372	0.817	-2.155	-0.316	1.746	127.738388	37.885517
1595920790314	1595920790314	-6.917	-3.878	0.591	-1.855	-0.337	1.609	127.738388	37.885517
1595920790330	1595920790326	-7.834	-4.019	0.575	-1.189	-0.282	1.508	127.738388	37.885517
1595920790350	1595920790350	-8.402	-4.055	0.773	-0.607	-0.296	1.440	127.738388	37.885517
1595920790368	1595920790368	-8.697	-4.235	0.924	-0.224	-0.312	1.426	127.738388	37.885517
1595920790393	1595920790393	-9.784	-4.431	0.759	0.156	-0.211	1.427	127.738388	37.885517
1595920790408	1595920790405	-10.791	-4.282	0.903	0.525	-0.121	1.426	127.738388	37.885517
1595920790427	1595920790425	-10.541	-4.079	1.435	0.418	-0.173	1.300	127.738388	37.885517
1595920790449	1595920790446	-10.448	-4.587	1.835	0.060	-0.140	0.999	127.738388	37.885517
1595920790467	1595920790464	-12.534	-4.572	1.791	-0.052	0.089	0.618	127.738388	37.885517
1595920790487	1595920790486	-14.928	-4.096	2.290	-0.057	0.196	0.213	127.738388	37.885517
1595920790507	1595920790507	-14.228	-4.357	2.525	-0.113	-0.056	-0.301	127.738388	37.885517
1595920790528	1595920790524	-14.324	-4.881	1.506	0.044	-0.100	-0.869	127.738388	37.885517
1595920790547	1595920790547	-16.274	-4.721	0.637	0.427	0.066	-1.392	127.738388	37.885517
1595920790574	1595920790574	-16.264	-3.873	0.275	0.801	-0.011	-1.947	127.738388	37.885517
1595920790597	1595920790587	-15.138	-2.982	0.421	1.112	-0.007	-2.506	127.738388	37.885517
1595920790606	1595920790603	-14.319	-2.210	0.503	1.263	0.093	-2.926	127.738388	37.885517
1595920790626	1595920790626	-12.736	-1.487	0.369	1.340	0.104	-3.113	127.738388	37.885517
1595920790646	1595920790644	-10.527	-1.300	0.278	1.454	0.089	-3.125	127.738388	37.885517
1595920790664	1595920790663	-8.637	-1.281	0.187	1.640	0.113	-3.022	127.738388	37.885517
1595920790685	1595920790684	-7.660	-1.087	0.290	1.804	0.173	-2.852	127.738388	37.885517
1595920790706	1595920790706	-7.513	-0.728	0.594	1.811	0.217	-2.712	127.738388	37.885517
1595920790728	1595920790728	-7.087	-0.402	0.670	1.749	0.147	-2.595	127.738388	37.885517
1595920790757	1595920790757	-6.136	-0.227	0.452	1.716	0.038	-2.485	127.738396	37.885502
1595920790778	1595920790778	-5.971	-0.086	0.359	1.660	0.013	-2.283	127.738396	37.885502
1595920790805	1595920790784	-7.209	0.118	0.627	1.576	0.057	-2.026	127.738396	37.885502
1595920790813	1595920790810	-8.623	0.731	0.999	1.450	-0.004	-1.789	127.738396	37.885502
1595920790823	1595920790821	-9.032	1.527	1.219	1.280	-0.208	-1.574	127.738396	37.885502
1595920790847	1595920790847	-9.138	2.020	1.327	0.960	-0.376	-1.339	127.738396	37.885502
1595920790868	1595920790866	-9.952	2.073	1.492	0.494	-0.416	-1.008	127.738396	37.885502
1595920790883	1595920790882	-10.661	1.941	1.633	0.092	-0.458	-0.609	127.738396	37.885502
1595920790907	1595920790903	-10.165	1.884	1.813	-0.261	-0.588	-0.234	127.738396	37.885502
1595920790923	1595920790921	-9.998	1.589	1.842	-0.580	-0.662	0.103	127.738396	37.885502
1595920790952	1595920790948	-12.427	1.115	0.979	-0.917	-0.471	0.473	127.738396	37.885502
1595920790966	1595920790962	-14.005	0.703	0.486	-1.443	-0.319	0.895	127.738396	37.885502
1595920790992	1595920790982	-14.266	-0.184	0.452	-2.043	-0.222	1.297	127.738396	37.885502
1595920791003	1595920791001	-15.392	-1.298	1.126	-2.430	0.093	1.742	127.738396	37.885502
1595920791025	1595920791024	-14.595	-2.218	1.791	-2.522	0.125	2.163	127.738396	37.885502
1595920791048	1595920791047	-13.586	-2.701	2.060	-2.383	0.203	2.510	127.738396	37.885502
1595920791066	1595920791063	-13.859	-3.006	1.918	-2.067	0.379	2.828	127.738396	37.885502
1595920791084	1595920791082	-12.645	-3.288	1.691	-1.610	0.320	2.994	127.738396	37.885502
1595920791102	1595920791101	-10.371	-3.847	2.089	-1.030	0.171	2.961	127.738396	37.885502
1595920791124	1595920791122	-8.625	-4.060	3.277	-0.710	0.058	2.723	127.738396	37.885502
1595920791150	1595920791145	-6.871	-3.700	2.400	-0.778	-0.267	2.388	127.738396	37.885502
1595920791164	1595920791162	-5.710	-2.761	2.160	-0.506	-0.240	2.328	127.738396	37.885502
1595920791191	1595920791187	-5.968	-1.650	2.292	-0.922	-0.108	2.011	127.738396	37.885502
1595920791203	1595920791201	-6.222	-2.474	1.988	-1.955	-0.263	1.750	127.738396	37.885502
1595920791224	1595920791221	-6.352	-3.715	1.818	-2.514	-0.401	1.602	127.738396	37.885502
1595920791244	1595920791242	-7.010	-4.421	1.947	-2.285	-0.445	1.514	127.738396	37.885502
1595920791266	1595920791265	-7.746	-4.587	1.681	-1.794	-0.469	1.466	127.738396	37.885502
1595920791282	1595920791280	-8.980	-4.711	1.423	-1.494	-0.452	1.458	127.738396	37.885502
1595920791302	1595920791300	-10.431	-4.874	1.173	-1.259	-0.378	1.419	127.738396	37.885502
1595920791322	1595920791321	-10.894	-4.754	0.996	-0.828	-0.336	1.306	127.738396	37.885502
1595920791344	1595920791344	-10.539	-5.114	1.253	-0.394	-0.304	1.130	127.738396	37.885502
1595920791368	1595920791368	-9.533	-5.521	1.399	-0.032	-0.247	0.878	127.738396	37.885502
1595920791382	1595920791380	-10.434	-5.334	1.154	0.428	-0.058	0.542	127.738396	37.885502
1595920791412	1595920791403	-14.278	-5.109	1.403	0.839	0.272	0.173	127.738396	37.885502
1595920791424	1595920791424	-15.117	-5.145	1.883	1.242	0.238	-0.236	127.738396	37.885502
1595920791449	1595920791446	-12.561	-4.481	1.370	1.676	-0.056	-0.776	127.738396	37.885502
1595920791460	1595920791459	-14.065	-3.928	0.558	2.030	0.222	-1.275	127.738396	37.885502
1595920791482	1595920791480	-16.942	-3.640	0.340	2.135	0.394	-1.716	127.738396	37.885502
1595920791502	1595920791499	-16.832	-2.941	0.519	2.138	0.220	-2.228	127.738396	37.885502
1595920791523	1595920791520	-15.792	-2.328	0.606	2.142	0.138	-2.661	127.738396	37.885502
1595920791541	1595920791538	-14.801	-1.956	0.474	2.058	0.109	-2.929	127.738396	37.885502
1595920791561	1595920791560	-13.040	-1.758	0.414	1.859	0.045	-3.086	127.738396	37.885502
1595920791580	1595920791580	-10.982	-1.532	0.371	1.652	-0.009	-3.179	127.738396	37.885502
1595920791604	1595920791602	-9.198	-1.073	0.218	1.476	-0.022	-3.226	127.738396	37.885502
1595920791620	1595920791619	-7.878	-0.775	0.112	1.357	-0.023	-3.190	127.738396	37.885502
1595920791648	1595920791642	-7.121	-0.811	0.412	1.310	-0.018	-3.071	127.738396	37.885502
1595920791659	1595920791656	-7.006	-0.644	0.726	1.408	0.004	-2.863	127.738396	37.885502
1595920791679	1595920791676	-6.898	0.130	0.814	1.564	-0.026	-2.648	127.738396	37.885502
1595920791699	1595920791696	-6.517	0.827	0.663	1.598	-0.116	-2.369	127.738396	37.885502
1595920791719	1595920791716	-6.584	1.124	0.766	1.448	-0.146	-2.060	127.738396	37.885502
1595920791745	1595920791735	-7.724	1.206	1.126	1.251	-0.109	-1.722	127.738396	37.885502
1595920791759	1595920791757	-8.750	1.639	1.408	1.073	-0.147	-1.348	127.738396	37.885502
1595920791779	1595920791779	-8.690	2.087	1.399	0.857	-0.304	-0.935	127.738396	37.885483
1595920791798	1595920791795	-8.721	2.097	1.413	0.492	-0.347	-0.533	127.738396	37.885483
1595920791828	1595920791826	-9.411	1.766	1.677	0.066	-0.294	-0.102	127.738396	37.885483
1595920791856	1595920791856	-9.530	1.292	2.062	-0.292	-0.326	0.317	127.738396	37.885483
1595920791876	1595920791872	-8.764	0.875	2.235	-0.603	-0.433	0.619	127.738396	37.885483
1595920791878	1595920791877	-9.200	0.583	1.916	-0.947	-0.384	0.895	127.738396	37.885483
1595920791899	1595920791893	-11.655	0.185	1.099	-1.432	-0.238	1.229	127.738396	37.885483
1595920791915	1595920791913	-14.657	-0.684	0.462	-2.032	-0.102	1.655	127.738396	37.885483
1595920791936	1595920791933	-16.997	-1.705	0.862	-2.391	-0.026	2.151	127.738396	37.885483
1595920791962	1595920791956	-17.048	-2.033	1.382	-2.413	-0.097	2.636	127.738396	37.885483
1595920791975	1595920791975	-16.001	-2.452	1.756	-2.332	-0.098	2.970	127.738396	37.885483
1595920791999	1595920791997	-15.198	-2.943	1.859	-2.223	-0.001	3.184	127.738396	37.885483
1595920792014	1595920792013	-13.991	-3.190	1.895	-2.039	0.039	3.271	127.738396	37.885483
1595920792038	1595920792033	-11.895	-3.449	2.098	-1.719	-0.031	3.197	127.738396	37.885483
1595920792056	1595920792053	-9.540	-3.698	2.129	-1.224	-0.110	3.005	127.738396	37.885483
1595920792077	1595920792072	-7.523	-3.760	1.911	-0.672	-0.169	2.763	127.738396	37.885483
1595920792094	1595920792092	-6.438	-3.470	1.820	-0.198	-0.142	2.497	127.738396	37.885483
1595920792113	1595920792112	-6.285	-2.895	1.715	-0.004	-0.084	2.202	127.738396	37.885483
1595920792133	1595920792131	-6.483	-2.560	1.550	-0.198	-0.086	1.900	127.738396	37.885483
1595920792154	1595920792151	-6.752	-2.764	1.468	-0.581	-0.110	1.639	127.738396	37.885483
1595920792174	1595920792172	-7.233	-3.228	1.542	-0.812	-0.118	1.451	127.738396	37.885483
1595920792196	1595920792196	-7.945	-3.518	1.780	-0.773	-0.086	1.362	127.738396	37.885483
1595920792213	1595920792212	-8.230	-3.442	1.820	-0.715	-0.091	1.322	127.738396	37.885483
1595920792234	1595920792231	-8.467	-3.564	1.930	-0.736	-0.112	1.290	127.738396	37.885483
1595920792255	1595920792251	-9.705	-4.153	1.887	-0.660	-0.054	1.292	127.738396	37.885483
1595920792272	1595920792271	-10.767	-4.429	2.268	-0.462	-0.033	1.290	127.738396	37.885483
1595920792293	1595920792290	-10.139	-4.364	2.395	-0.407	-0.139	1.212	127.738396	37.885483
1595920792312	1595920792310	-10.268	-4.436	2.266	-0.498	-0.114	1.035	127.738396	37.885483
1595920792333	1595920792330	-13.284	-5.030	2.158	-0.549	0.097	0.759	127.738396	37.885483
1595920792353	1595920792350	-15.222	-5.396	2.378	-0.474	0.145	0.295	127.738396	37.885483
1595920792373	1595920792373	-12.776	-4.738	2.374	-0.247	-0.200	-0.337	127.738396	37.885483
1595920792401	1595920792391	-12.781	-4.206	1.296	0.156	-0.081	-0.995	127.738396	37.885483
1595920792412	1595920792412	-16.501	-4.079	0.536	0.513	0.267	-1.626	127.738396	37.885483
1595920792434	1595920792434	-17.313	-3.542	0.582	0.679	0.137	-2.234	127.738396	37.885483
1595920792459	1595920792449	-15.826	-2.941	0.524	0.780	0.048	-2.817	127.738396	37.885483
1595920792472	1595920792470	-15.244	-2.598	0.012	0.955	0.207	-3.303	127.738396	37.885483
1595920792496	1595920792492	-14.381	-2.457	-0.185	1.155	0.308	-3.632	127.738396	37.885483
1595920792511	1595920792509	-12.321	-2.242	-0.199	1.391	0.317	-3.811	127.738396	37.885483
1595920792537	1595920792534	-10.417	-1.695	-0.156	1.666	0.352	-3.872	127.738396	37.885483
1595920792551	1595920792549	-9.063	-0.876	0.007	1.833	0.383	-3.796	127.738396	37.885483
1595920792572	1595920792571	-7.954	-0.282	0.330	1.874	0.372	-3.574	127.738396	37.885483
1595920792599	1595920792589	-7.020	-0.062	0.522	1.931	0.317	-3.256	127.738396	37.885483
1595920792612	1595920792608	-6.577	0.147	0.675	2.034	0.292	-2.932	127.738396	37.885483
1595920792631	1595920792629	-6.946	0.767	0.829	2.043	0.271	-2.586	127.738396	37.885483
1595920792656	1595920792649	-7.588	1.359	0.896	1.893	0.168	-2.208	127.738396	37.885483
1595920792676	1595920792669	-8.110	1.828	1.039	1.556	0.015	-1.858	127.738396	37.885483
1595920792692	1595920792691	-8.364	2.154	1.075	1.180	-0.166	-1.516	127.738396	37.885483
1595920792713	1595920792709	-8.776	2.310	1.094	0.847	-0.304	-1.125	127.738396	37.885483
1595920792741	1595920792727	-9.485	2.205	1.169	0.505	-0.377	-0.710	127.738396	37.885468
1595920792751	1595920792748	-10.247	1.951	1.336	0.097	-0.422	-0.317	127.738396	37.885468
1595920792774	1595920792774	-10.010	1.378	1.564	-0.263	-0.515	0.057	127.738396	37.885468
1595920792801	1595920792801	-8.972	0.928	1.803	-0.448	-0.594	0.406	127.738396	37.885468
1595920792825	1595920792820	-9.911	0.940	1.729	-0.539	-0.492	0.744	127.738396	37.885468
1595920792831	1595920792831	-13.543	1.028	0.630	-0.871	-0.206	1.153	127.738396	37.885468
1595920792850	1595920792847	-15.172	0.691	0.038	-1.622	-0.159	1.634	127.738396	37.885468
1595920792870	1595920792868	-14.784	-0.507	0.357	-2.353	-0.206	2.156	127.738396	37.885468
1595920792891	1595920792890	-15.433	-1.722	1.226	-2.734	0.002	2.683	127.738396	37.885468
1595920792908	1595920792906	-15.594	-2.673	1.897	-2.770	0.130	3.158	127.738396	37.885468
1595920792930	1595920792929	-15.510	-3.061	2.273	-2.492	0.202	3.513	127.738396	37.885468
1595920792951	1595920792947	-14.952	-3.336	2.716	-1.989	0.241	3.718	127.738396	37.885468
1595920792969	1595920792966	-12.791	-3.767	2.822	-1.288	0.105	3.699	127.738396	37.885468
1595920792992	1595920792992	-10.668	-4.115	2.656	-0.465	0.005	3.497	127.738396	37.885468
1595920793015	1595920793013	-8.889	-3.964	2.438	0.195	-0.086	3.227	127.738396	37.885468
1595920793028	1595920793027	-7.561	-3.324	1.990	0.447	-0.138	2.895	127.738396	37.885468
1595920793063	1595920793063	-7.022	-2.788	1.698	0.259	-0.142	2.528	127.738396	37.885468
1595920793067	1595920793066	-6.888	-2.778	1.732	-0.214	-0.180	2.186	127.738396	37.885468
1595920793092	1595920793092	-6.931	-3.317	1.667	-0.659	-0.205	1.871	127.738396	37.885468
1595920793109	1595920793108	-7.279	-3.866	1.775	-0.729	-0.169	1.635	127.738396	37.885468
1595920793128	1595920793127	-7.482	-3.940	1.827	-0.508	-0.142	1.488	127.738396	37.885468
1595920793147	1595920793145	-7.525	-3.847	1.847	-0.386	-0.136	1.350	127.738396	37.885468
1595920793166	1595920793165	-8.189	-4.206	1.890	-0.447	-0.108	1.222	127.738396	37.885468
1595920793185	1595920793185	-9.277	-4.321	1.988	-0.503	-0.083	1.070	127.738396	37.885468
1595920793208	1595920793208	-10.120	-4.488	2.101	-0.549	-0.083	0.889	127.738396	37.885468
1595920793236	1595920793235	-10.010	-4.817	1.995	-0.614	-0.131	0.678	127.738396	37.885468
1595920793249	1595920793249	-9.483	-5.008	1.739	-0.552	-0.146	0.417	127.738396	37.885468
1595920793266	1595920793266	-11.104	-5.317	1.351	-0.244	0.067	0.087	127.738396	37.885468
1595920793286	1595920793285	-14.583	-5.188	1.281	0.279	0.337	-0.327	127.738396	37.885468
1595920793314	1595920793314	-15.522	-4.134	1.830	0.706	0.275	-0.823	127.738396	37.885468
1595920793327	1595920793327	-13.584	-3.679	1.528	0.981	-0.001	-1.415	127.738396	37.885468
1595920793345	1595920793344	-15.170	-3.729	0.460	1.287	0.212	-2.003	127.738396	37.885468
1595920793367	1595920793366	-18.104	-3.197	0.139	1.491	0.378	-2.487	127.738396	37.885468
1595920793385	1595920793383	-17.297	-2.450	0.239	1.510	0.123	-2.977	127.738396	37.885468
1595920793414	1595920793414	-15.045	-2.019	-0.134	1.536	-0.018	-3.398	127.738396	37.885468
1595920793434	1595920793434	-14.295	-1.676	-0.357	1.600	0.140	-3.611	127.738396	37.885468
1595920793448	1595920793446	-13.169	-1.590	-0.137	1.598	0.161	-3.635	127.738396	37.885468
1595920793466	1595920793466	-11.677	-1.429	0.198	1.685	0.153	-3.586	127.738396	37.885468
1595920793484	1595920793484	-10.175	-1.001	0.304	1.855	0.144	-3.462	127.738396	37.885468
1595920793510	1595920793510	-8.407	-0.586	0.201	1.996	0.051	-3.271	127.738396	37.885468
1595920793532	1595920793524	-7.475	-0.136	0.311	2.050	0.015	-3.021	127.738396	37.885468
1595920793550	1595920793544	-8.129	0.355	0.467	2.017	0.077	-2.762	127.738396	37.885468
1595920793563	1595920793562	-8.187	1.119	0.361	1.890	-0.054	-2.540	127.738396	37.885468
1595920793582	1595920793582	-7.219	1.884	0.153	1.622	-0.266	-2.338	127.738396	37.885468
1595920793603	1595920793601	-7.159	2.269	0.256	1.170	-0.269	-2.126	127.738396	37.885468
1595920793624	1595920793621	-7.885	2.207	0.587	0.782	-0.238	-1.805	127.738396	37.885468
1595920793644	1595920793642	-8.805	2.097	1.008	0.582	-0.228	-1.422	127.738396	37.885468
1595920793671	1595920793663	-9.322	1.994	1.173	0.481	-0.273	-0.993	127.738396	37.885468
1595920793684	1595920793684	-9.593	2.080	1.003	0.384	-0.316	-0.561	127.738396	37.885468
1595920793706	1595920793702	-9.492	2.001	1.001	0.214	-0.337	-0.125	127.738396	37.885468
1595920793723	1595920793723	-9.030	1.424	1.384	0.014	-0.325	0.292	127.738396	37.885468
1595920793752	1595920793751	-9.059	0.827	1.933	-0.123	-0.254	0.704	127.738396	37.885468
1595920793762	1595920793760	-10.228	0.518	1.796	-0.343	-0.167	1.113	127.738396	37.885468
1595920793781	1595920793780	-11.813	0.537	0.824	-0.834	-0.071	1.530	127.738403	37.885448
1595920793803	1595920793800	-12.800	0.152	-0.084	-1.588	-0.002	1.971	127.738403	37.885448
1595920793837	1595920793824	-15.074	-1.020	0.012	-2.380	0.220	2.460	127.738403	37.885448
1595920793845	1595920793841	-17.582	-2.534	1.078	-2.709	0.346	3.044	127.738403	37.885448
1595920793864	1595920793863	-17.771	-2.929	1.770	-2.471	0.268	3.545	127.738403	37.885448
1595920793881	1595920793880	-16.882	-2.622	1.842	-2.179	0.275	3.803	127.738403	37.885448
1595920793906	1595920793901	-15.706	-2.795	1.569	-2.198	0.322	3.833	127.738403	37.885448
1595920793930	1595920793925	-13.608	-3.358	1.966	-2.282	0.254	3.669	127.738403	37.885448
1595920793948	1595920793943	-11.200	-3.808	2.719	-2.248	0.137	3.326	127.738403	37.885448
1595920793960	1595920793958	-9.095	-4.560	2.764	-1.896	0.017	2.948	127.738403	37.885448
1595920793982	1595920793979	-7.346	-4.606	2.124	-1.164	-0.080	2.570	127.738403	37.885448
1595920794001	1595920793999	-6.148	-3.799	1.408	-0.478	-0.114	2.205	127.738403	37.885448
1595920794023	1595920794021	-5.602	-3.413	1.238	-0.181	-0.126	1.877	127.738403	37.885448
1595920794041	1595920794039	-5.691	-3.708	1.660	-0.040	-0.135	1.626	127.738403	37.885448
1595920794063	1595920794060	-6.392	-3.418	1.672	0.054	-0.133	1.443	127.738403	37.885448
1595920794084	1595920794084	-7.157	-2.996	1.597	-0.135	-0.179	1.310	127.738403	37.885448
1595920794108	1595920794108	-7.906	-3.542	1.612	-0.571	-0.251	1.262	127.738403	37.885448
1595920794130	1595920794128	-8.927	-4.057	1.923	-0.969	-0.282	1.223	127.738403	37.885448
1595920794145	1595920794139	-10.062	-4.651	1.914	-1.161	-0.319	1.238	127.738403	37.885448
1595920794159	1595920794159	-10.992	-5.298	1.878	-1.123	-0.333	1.239	127.738403	37.885448
1595920794180	1595920794180	-11.255	-6.053	2.132	-0.837	-0.346	1.187	127.738403	37.885448
1595920794201	1595920794198	-10.882	-6.470	1.887	-0.400	-0.339	0.948	127.738403	37.885448
1595920794220	1595920794218	-12.975	-6.208	1.305	0.235	-0.110	0.526	127.738403	37.885448
1595920794240	1595920794239	-15.450	-5.840	2.172	0.885	0.129	-0.030	127.738403	37.885448
1595920794268	1595920794267	-13.327	-4.958	2.319	1.235	-0.184	-0.828	127.738403	37.885448
1595920794290	1595920794278	-12.901	-3.966	1.123	1.532	-0.118	-1.732	127.738403	37.885448
1595920794302	1595920794302	-15.833	-3.367	0.194	1.778	0.150	-2.595	127.738403	37.885448
1595920794319	1595920794315	-17.328	-2.618	-0.623	1.826	0.054	-3.417	127.738403	37.885448
1595920794338	1595920794336	-17.460	-2.079	-1.038	1.906	-0.008	-4.072	127.738403	37.885448
1595920794369	1595920794360	-17.512	-1.698	-0.753	2.102	0.030	-4.377	127.738403	37.885448
1595920794380	1595920794377	-16.499	-0.943	0.021	2.239	-0.028	-4.431	127.738403	37.885448
1595920794400	1595920794398	-13.529	-0.193	0.500	2.239	-0.237	-4.300	127.738403	37.885448
1595920794419	1595920794415	-10.240	0.350	0.690	2.164	-0.366	-4.023	127.738403	37.885448
1595920794440	1595920794440	-7.842	0.209	0.630	1.898	-0.323	-3.665	127.738403	37.885448
1595920794459	1595920794459	-6.955	-0.213	0.622	1.418	-0.156	-3.378	127.738403	37.885448
1595920794480	1595920794476	-7.106	0.051	0.496	0.973	0.037	-3.080	127.738403	37.885448
1595920794501	1595920794502	-6.337	0.631	0.237	0.835	-0.006	-2.734	127.738403	37.885448
1595920794522	1595920794515	-5.657	0.580	0.321	0.928	-0.027	-2.420	127.738403	37.885448
1595920794538	1595920794536	-7.305	0.003	0.733	1.124	0.137	-2.131	127.738403	37.885448
1595920794558	1595920794556	-9.411	0.312	0.948	1.465	0.144	-1.821	127.738403	37.885448
1595920794576	1595920794576	-9.574	1.555	0.821	1.825	-0.147	-1.528	127.738403	37.885448
1595920794595	1595920794594	-9.265	2.322	0.733	1.875	-0.363	-1.264	127.738403	37.885448
1595920794616	1595920794614	-10.034	2.442	0.771	1.597	-0.358	-0.959	127.738403	37.885448
1595920794634	1595920794633	-10.467	2.755	1.183	1.172	-0.380	-0.561	127.738403	37.885448
1595920794658	1595920794658	-9.679	2.892	2.000	0.671	-0.453	-0.094	127.738403	37.885448
1595920794677	1595920794673	-8.714	2.569	2.560	0.048	-0.486	0.346	127.738403	37.885448
1595920794704	1595920794694	-9.035	1.869	1.950	-0.545	-0.412	0.804	127.738403	37.885448
1595920794715	1595920794713	-11.892	1.601	0.105	-1.270	-0.096	1.274	127.738403	37.885448
1595920794764	1595920794733	-14.144	0.868	-0.563	-2.268	0.207	1.816	127.738403	37.885433
1595920794765	1595920794765	-15.459	-0.960	-0.070	-3.007	0.440	2.447	127.738403	37.885433
1595920794779	1595920794777	-17.939	-2.507	1.554	-3.047	0.858	3.172	127.738403	37.885433
1595920794794	1595920794791	-17.845	-3.183	3.121	-2.411	0.809	3.862	127.738403	37.885433
1595920794818	1595920794814	-15.950	-2.733	3.528	-1.548	0.738	4.360	127.738403	37.885433
1595920794835	1595920794833	-14.918	-2.850	3.298	-0.926	0.785	4.566	127.738403	37.885433
1595920794857	1595920794856	-13.160	-3.454	2.922	-0.556	0.601	4.468	127.738403	37.885433
1595920794875	1595920794873	-10.690	-3.463	2.671	-0.423	0.368	4.139	127.738403	37.885433
1595920794895	1595920794894	-9.063	-3.815	2.278	-0.402	0.203	3.747	127.738403	37.885433
1595920794914	1595920794912	-8.165	-3.772	2.024	-0.331	0.196	3.290	127.738403	37.885433
1595920794934	1595920794932	-7.377	-3.267	1.873	-0.315	0.094	2.787	127.738403	37.885433
1595920794955	1595920794954	-6.824	-2.816	1.930	-0.514	0.046	2.313	127.738403	37.885433
1595920794973	1595920794973	-7.288	-3.034	2.151	-0.862	0.058	1.923	127.738403	37.885433
1595920794998	1595920794994	-8.227	-3.530	2.287	-1.068	0.068	1.628	127.738403	37.885433
1595920795011	1595920795011	-8.563	-3.832	2.239	-1.003	0.022	1.406	127.738403	37.885433
1595920795035	1595920795034	-8.484	-3.693	1.763	-0.866	-0.028	1.265	127.738403	37.885433
1595920795056	1595920795056	-9.190	-3.978	1.729	-0.731	-0.027	1.180	127.738403	37.885433
1595920795087	1595920795080	-10.108	-4.659	1.990	-0.534	-0.043	1.136	127.738403	37.885433
1595920795092	1595920795092	-9.681	-4.836	2.043	-0.265	-0.094	1.077	127.738403	37.885433
1595920795122	1595920795116	-8.361	-4.572	1.923	-0.039	-0.147	0.958	127.738403	37.885433
1595920795132	1595920795130	-9.123	-4.680	1.629	0.100	0.011	0.742	127.738403	37.885433
1595920795159	1595920795158	-13.057	-5.334	1.636	0.309	0.294	0.387	127.738403	37.885433
1595920795173	1595920795173	-15.495	-5.212	2.553	0.617	0.332	-0.133	127.738403	37.885433
1595920795195	1595920795191	-13.418	-4.220	2.223	0.853	-0.068	-0.845	127.738403	37.885433
1595920795211	1595920795209	-14.259	-3.652	0.730	1.157	0.016	-1.577	127.738403	37.885433
1595920795231	1595920795230	-17.714	-3.176	-0.070	1.291	0.235	-2.296	127.738403	37.885433
1595920795252	1595920795249	-18.183	-2.479	-0.362	1.096	-0.025	-3.086	127.738403	37.885433
1595920795280	1595920795280	-17.400	-2.038	-0.590	0.902	-0.154	-3.773	127.738403	37.885433
1595920795291	1595920795291	-16.825	-1.796	-0.772	0.866	-0.094	-4.201	127.738403	37.885433
1595920795313	1595920795311	-15.062	-1.724	-0.959	0.978	-0.061	-4.374	127.738403	37.885433
1595920795329	1595920795329	-12.551	-2.201	-0.968	1.560	-0.051	-4.318	127.738403	37.885433
1595920795351	1595920795351	-10.817	-2.246	-0.652	2.464	-0.010	-4.134	127.738403	37.885433
1595920795376	1595920795376	-9.550	-1.396	-0.436	3.168	-0.047	-3.913	127.738403	37.885433
1595920795394	1595920795393	-8.350	-0.203	-0.388	3.457	-0.180	-3.652	127.738403	37.885433
1595920795410	1595920795408	-7.842	0.281	-0.300	3.295	-0.299	-3.405	127.738403	37.885433
1595920795430	1595920795428	-8.144	0.415	-0.374	2.767	-0.363	-3.193	127.738403	37.885433
1595920795451	1595920795450	-7.655	0.880	-0.659	2.122	-0.497	-2.929	127.738403	37.885433
1595920795468	1595920795466	-6.780	1.337	-0.391	1.496	-0.575	-2.625	127.738403	37.885433
1595920795491	1595920795487	-8.014	1.210	0.397	0.958	-0.442	-2.291	127.738403	37.885433
1595920795509	1595920795506	-10.175	1.376	0.699	0.660	-0.387	-1.885	127.738403	37.885433
1595920795532	1595920795527	-10.417	2.130	0.428	0.490	-0.579	-1.452	127.738403	37.885433
1595920795553	1595920795547	-9.207	2.669	0.280	0.176	-0.731	-1.018	127.738403	37.885433
1595920795573	1595920795573	-8.735	2.427	0.903	-0.098	-0.659	-0.550	127.738403	37.885433
1595920795593	1595920795593	-9.291	2.008	1.775	-0.119	-0.498	-0.086	127.738403	37.885433
1595920795610	1595920795606	-10.208	1.893	1.698	-0.047	-0.402	0.323	127.738403	37.885433
1595920795628	1595920795626	-12.115	1.900	0.201	-0.348	-0.132	0.760	127.738403	37.885433
1595920795648	1595920795646	-12.134	1.031	0.373	-0.942	0.034	1.299	127.738403	37.885433
1595920795671	1595920795671	-13.119	-0.179	1.720	-1.182	0.345	1.873	127.738403	37.885433
1595920795688	1595920795688	-16.957	-0.553	2.929	-0.965	0.964	2.540	127.738403	37.885433
1595920795711	1595920795707	-17.079	-0.493	3.238	-1.005	0.924	3.087	127.738403	37.885433
1595920795732	1595920795725	-14.956	-0.941	3.080	-1.498	0.792	3.425	127.738403	37.885433
1595920795755	1595920795746	-14.585	-1.746	2.896	-1.871	0.854	3.629	127.738403	37.885433
1595920795771	1595920795770	-13.495	-1.952	2.572	-1.957	0.681	3.653	127.738396	37.885426
1595920795786	1595920795786	-11.991	-2.194	2.230	-1.968	0.499	3.484	127.738396	37.885426
1595920795818	1595920795805	-11.373	-2.836	2.053	-1.784	0.406	3.274	127.738396	37.885426
1595920795829	1595920795827	-10.343	-3.094	2.093	-1.554	0.294	3.013	127.738396	37.885426
1595920795846	1595920795843	-9.147	-2.675	1.813	-2.027	-0.080	2.553	127.738396	37.885426
1595920795865	1595920795864	-7.413	-3.674	0.508	-1.743	-0.243	2.441	127.738396	37.885426
1595920795886	1595920795884	-7.188	-2.141	0.965	-1.699	-0.026	2.082	127.738396	37.885426
1595920795913	1595920795906	-7.609	-2.658	0.826	-2.238	-0.041	1.792	127.738396	37.885426
1595920795928	1595920795928	-7.214	-3.705	0.764	-2.138	-0.134	1.615	127.738396	37.885426
1595920795952	1595920795946	-6.939	-3.897	0.898	-1.524	-0.138	1.508	127.738396	37.885426
1595920795970	1595920795965	-7.130	-3.897	0.831	-0.921	-0.084	1.491	127.738396	37.885426
1595920795986	1595920795984	-7.696	-3.971	1.339	-0.466	-0.040	1.544	127.738396	37.885426
1595920796013	1595920796013	-8.690	-4.517	1.868	-0.074	0.017	1.655	127.738396	37.885426
1595920796025	1595920796024	-9.011	-4.465	1.768	0.294	0.064	1.693	127.738396	37.885426
1595920796049	1595920796049	-8.388	-3.940	1.964	0.401	0.075	1.657	127.738396	37.885426
1595920796063	1595920796063	-8.383	-3.985	2.628	0.094	0.109	1.491	127.738396	37.885426
1595920796085	1595920796082	-10.755	-4.481	2.949	-0.370	0.223	1.096	127.738396	37.885426
1595920796112	1595920796102	-14.168	-4.493	3.011	-0.743	0.280	0.543	127.738396	37.885426
1595920796126	1595920796126	-16.214	-4.345	2.568	-1.016	0.040	-0.186	127.738396	37.885426
1595920796146	1595920796146	-18.423	-4.539	0.912	-1.096	-0.065	-0.993	127.738396	37.885426
1595920796168	1595920796168	-19.199	-4.340	-0.202	-0.966	-0.103	-1.771	127.738396	37.885426
1595920796186	1595920796182	-17.560	-3.767	-0.736	-0.608	-0.223	-2.582	127.738396	37.885426
1595920796214	1595920796214	-17.313	-2.958	-0.805	-0.023	0.058	-3.327	127.738396	37.885426
1595920796224	1595920796223	-17.498	-2.249	-0.384	0.507	0.349	-3.844	127.738396	37.885426
1595920796244	1595920796243	-15.490	-2.139	0.084	0.880	0.386	-4.098	127.738396	37.885426
1595920796263	1595920796261	-12.882	-2.112	0.251	1.224	0.449	-4.161	127.738396	37.885426
1595920796286	1595920796286	-10.929	-1.233	0.699	1.521	0.508	-4.074	127.738396	37.885426
1595920796311	1595920796301	-9.063	0.547	1.408	1.764	0.437	-3.808	127.738396	37.885426
1595920796326	1595920796323	-6.699	2.106	1.672	2.160	0.188	-3.376	127.738396	37.885426
1595920796350	1595920796350	-4.601	2.173	1.327	2.535	-0.026	-2.935	127.738396	37.885426
1595920796369	1595920796369	-4.165	1.553	1.099	2.259	-0.061	-2.577	127.738396	37.885426
1595920796383	1595920796381	-5.664	0.727	0.958	1.427	0.007	-2.198	127.738396	37.885426
1595920796411	1595920796403	-6.759	0.384	0.824	0.718	-0.027	-1.864	127.738396	37.885426
1595920796424	1595920796421	-7.046	0.971	0.965	0.435	-0.194	-1.552	127.738396	37.885426
1595920796447	1595920796443	-8.225	1.740	1.185	0.465	-0.248	-1.185	127.738396	37.885426
1595920796463	1595920796463	-10.067	1.867	1.111	0.535	-0.250	-0.873	127.738396	37.885426
1595920796483	1595920796482	-10.819	2.118	0.996	0.428	-0.380	-0.608	127.738396	37.885426
1595920796506	1595920796501	-10.383	2.427	1.181	0.132	-0.528	-0.320	127.738396	37.885426
1595920796528	1595920796526	-10.144	2.296	1.818	-0.192	-0.473	0.037	127.738396	37.885426
1595920796547	1595920796547	-10.764	1.955	2.596	-0.285	-0.413	0.394	127.738396	37.885426
1595920796566	1595920796561	-12.779	1.953	2.091	-0.231	-0.290	0.786	127.738396	37.885426
1595920796581	1595920796580	-15.788	2.228	0.184	-0.617	0.006	1.227	127.738396	37.885426
1595920796604	1595920796601	-16.662	1.196	-0.077	-1.417	0.144	1.761	127.738396	37.885426
1595920796622	1595920796620	-15.629	-0.804	1.195	-1.835	0.189	2.301	127.738396	37.885426
1595920796643	1595920796641	-15.632	-1.837	2.917	-1.492	0.477	2.811	127.738396	37.885426
1595920796663	1595920796661	-15.093	-2.110	3.720	-0.824	0.545	3.250	127.738396	37.885426
1595920796682	1595920796679	-14.556	-2.191	3.291	-0.331	0.588	3.550	127.738396	37.885426
1595920796702	1595920796700	-14.269	-2.345	2.946	-0.100	0.644	3.735	127.738396	37.885426
1595920796736	1595920796723	-12.764	-2.426	2.640	-0.082	0.492	3.811	127.738396	37.885426
1595920796741	1595920796741	-10.961	-2.711	1.983	-0.245	0.337	3.737	127.738396	37.885426
1595920796769	1595920796761	-9.332	-3.142	1.320	-0.445	0.190	3.546	127.738380	37.885414
1595920796780	1595920796778	-7.966	-3.099	0.943	-0.547	0.078	3.277	127.738380	37.885414
1595920796802	1595920796802	-7.233	-2.797	1.164	-0.601	0.025	2.955	127.738380	37.885414
1595920796827	1595920796824	-6.905	-2.948	1.432	-0.795	-0.037	2.574	127.738380	37.885414
1595920796841	1595920796841	-7.183	-3.367	1.480	-1.104	-0.055	2.244	127.738380	37.885414
1595920796865	1595920796863	-7.789	-3.784	1.485	-1.385	-0.069	1.939	127.738380	37.885414
1595920796881	1595920796878	-7.861	-4.053	1.624	-1.591	-0.119	1.617	127.738380	37.885414
1595920796905	1595920796903	-7.367	-4.141	1.648	-1.748	-0.142	1.305	127.738380	37.885414
1595920796923	1595920796918	-7.638	-4.424	1.744	-1.821	-0.088	1.023	127.738380	37.885414
1595920796940	1595920796938	-9.013	-5.049	1.715	-1.793	0.034	0.802	127.738380	37.885414
1595920796966	1595920796959	-9.794	-5.188	1.485	-1.752	0.073	0.552	127.738380	37.885414
1595920796979	1595920796977	-9.442	-4.599	1.933	-1.862	0.049	0.218	127.738380	37.885414
1595920797002	1595920796999	-9.025	-4.577	2.263	-2.153	0.070	-0.197	127.738380	37.885414
1595920797021	1595920797016	-10.779	-4.932	1.791	-2.043	0.250	-0.627	127.738380	37.885414
1595920797042	1595920797042	-14.789	-5.176	1.207	-1.321	0.523	-0.932	127.738380	37.885414
1595920797061	1595920797056	-16.348	-5.468	1.135	-0.419	0.480	-1.210	127.738380	37.885414
1595920797078	1595920797075	-14.865	-5.514	0.558	0.529	0.287	-1.534	127.738380	37.885414
1595920797099	1595920797095	-15.871	-4.917	0.038	1.647	0.567	-1.951	127.738380	37.885414
1595920797123	1595920797115	-17.536	-3.384	0.048	2.635	0.749	-2.496	127.738380	37.885414
1595920797138	1595920797135	-17.019	-1.501	0.079	3.230	0.621	-3.084	127.738380	37.885414
1595920797159	1595920797156	-16.767	-0.658	0.321	3.420	0.621	-3.537	127.738380	37.885414
1595920797179	1595920797179	-16.070	-0.831	0.457	3.163	0.590	-3.784	127.738380	37.885414
1595920797199	1595920797196	-13.311	-1.142	0.335	2.715	0.374	-3.847	127.738380	37.885414
1595920797217	1595920797214	-10.752	-1.211	0.220	2.333	0.269	-3.804	127.738380	37.885414
1595920797239	1595920797236	-9.667	-1.073	0.148	2.048	0.290	-3.655	127.738380	37.885414
1595920797258	1595920797257	-9.166	-0.833	0.148	1.948	0.268	-3.468	127.738380	37.885414
1595920797280	1595920797276	-8.963	-0.730	0.359	1.951	0.214	-3.269	127.738380	37.885414
1595920797295	1595920797293	-9.102	-0.689	0.534	1.858	0.160	-3.108	127.738380	37.885414
1595920797316	1595920797315	-8.354	-0.145	0.472	1.785	-0.003	-2.925	127.738380	37.885414
1595920797335	1595920797333	-7.535	0.698	0.395	1.857	-0.166	-2.661	127.738380	37.885414
1595920797357	1595920797356	-8.052	1.086	0.366	1.843	-0.196	-2.375	127.738380	37.885414
1595920797376	1595920797373	-9.109	1.366	0.366	1.588	-0.251	-2.090	127.738380	37.885414
1595920797396	1595920797393	-9.564	1.907	0.452	1.241	-0.412	-1.750	127.738380	37.885414
1595920797420	1595920797415	-9.794	2.626	0.632	0.913	-0.542	-1.341	127.738380	37.885414
1595920797434	1595920797433	-9.741	3.378	0.747	0.462	-0.607	-0.871	127.738380	37.885414
1595920797456	1595920797456	-8.673	3.225	1.097	-0.119	-0.689	-0.383	127.738380	37.885414
1595920797474	1595920797473	-8.512	2.022	1.506	-0.565	-0.599	0.069	127.738380	37.885414
1595920797494	1595920797492	-10.285	1.783	1.322	-0.779	-0.400	0.518	127.738380	37.885414
1595920797519	1595920797512	-11.677	2.542	0.622	-1.070	-0.343	1.001	127.738380	37.885414
1595920797535	1595920797532	-12.659	2.118	0.127	-1.791	-0.297	1.447	127.738380	37.885414
1595920797555	1595920797553	-15.941	0.176	0.503	-2.718	0.038	1.987	127.738380	37.885414
1595920797574	1595920797571	-17.790	-1.528	1.379	-3.185	-0.010	2.592	127.738380	37.885414
1595920797593	1595920797592	-16.497	-2.206	2.321	-3.118	-0.320	3.054	127.738380	37.885414
1595920797619	1595920797612	-15.718	-2.428	3.164	-2.879	-0.360	3.438	127.738380	37.885414
1595920797638	1595920797638	-14.995	-2.586	2.788	-2.737	-0.426	3.686	127.738380	37.885414
1595920797658	1595920797656	-13.311	-3.034	2.692	-2.612	-0.588	3.822	127.738380	37.885414
1595920797672	1595920797671	-11.789	-3.808	2.786	-2.330	-0.686	3.902	127.738380	37.885414
1595920797692	1595920797691	-10.525	-4.129	2.443	-1.952	-0.758	3.919	127.738380	37.885414
1595920797711	1595920797711	-9.142	-3.820	2.065	-1.797	-0.885	3.813	127.738380	37.885414
1595920797732	1595920797730	-8.177	-3.552	1.844	-2.055	-0.972	3.573	127.738380	37.885414
1595920797754	1595920797754	-7.643	-3.626	1.164	-2.559	-1.042	3.196	127.738380	37.885414
1595920797772	1595920797772	-7.537	-3.868	0.179	-2.976	-1.112	2.753	127.738380	37.885403
1595920797795	1595920797790	-7.854	-4.290	-0.470	-3.040	-1.140	2.276	127.738380	37.885403
1595920797817	1595920797816	-8.242	-4.544	-0.853	-2.686	-1.123	1.834	127.738380	37.885403
1595920797842	1595920797852	-8.227	-4.160	-0.932	-2.160	-1.087	1.439	127.738380	37.885403
1595920797856	1595920797854	-8.912	-4.120	-1.124	-1.734	-0.946	1.164	127.738380	37.885403
1595920797878	1595920797871	-10.022	-4.455	-1.383	-1.453	-0.743	0.976	127.738380	37.885403
1595920797891	1595920797888	-9.866	-4.706	-1.318	-1.293	-0.650	0.860	127.738380	37.885403
1595920797911	1595920797909	-9.123	-4.881	-0.927	-1.218	-0.509	0.805	127.738380	37.885403
1595920797930	1595920797930	-9.990	-5.399	-0.580	-1.102	-0.219	0.726	127.738380	37.885403
1595920797950	1595920797949	-13.004	-6.304	-0.721	-0.665	0.148	0.609	127.738380	37.885403
1595920797971	1595920797970	-14.642	-6.882	-0.106	0.103	0.377	0.393	127.738380	37.885403
1595920797990	1595920797987	-12.664	-6.867	0.110	0.978	0.305	0.003	127.738380	37.885403
1595920798015	1595920798011	-13.085	-5.971	-0.868	1.994	0.646	-0.456	127.738380	37.885403
1595920798031	1595920798027	-15.649	-5.262	-1.215	2.979	1.105	-0.923	127.738380	37.885403
1595920798052	1595920798049	-15.835	-4.845	-0.872	3.781	1.205	-1.513	127.738380	37.885403
1595920798069	1595920798067	-15.107	-3.815	-0.602	4.501	1.259	-2.242	127.738380	37.885403
1595920798091	1595920798088	-15.352	-2.455	-0.544	4.924	1.344	-2.951	127.738380	37.885403
1595920798119	1595920798119	-14.791	-1.590	-0.326	4.898	1.234	-3.524	127.738380	37.885403
1595920798132	1595920798127	-13.279	-1.269	-0.158	4.571	1.022	-3.936	127.738380	37.885403
1595920798151	1595920798148	-12.479	-1.441	0.179	4.173	0.915	-4.243	127.738380	37.885403
1595920798168	1595920798168	-11.921	-1.453	0.397	3.840	0.752	-4.436	127.738380	37.885403
1595920798199	1595920798197	-10.896	-0.936	0.493	3.495	0.512	-4.498	127.738380	37.885403
1595920798211	1595920798211	-10.292	-0.344	0.852	3.072	0.290	-4.409	127.738380	37.885403
1595920798228	1595920798226	-10.553	-0.124	1.130	2.767	0.117	-4.207	127.738380	37.885403
1595920798248	1595920798245	-9.629	0.509	0.723	2.669	-0.204	-3.925	127.738380	37.885403
1595920798282	1595920798282	-7.734	1.951	0.091	2.552	-0.539	-3.539	127.738380	37.885403
1595920798288	1595920798285	-7.784	2.811	-0.051	2.009	-0.564	-3.163	127.738380	37.885403
1595920798307	1595920798307	-9.427	3.215	-0.194	1.241	-0.473	-2.736	127.738380	37.885403
1595920798327	1595920798325	-9.943	4.444	-0.352	0.748	-0.590	-2.178	127.738380	37.885403
1595920798348	1595920798348	-9.509	5.319	-0.245	0.297	-0.651	-1.527	127.738380	37.885403
1595920798367	1595920798365	-8.900	4.363	0.548	-0.253	-0.640	-0.802	127.738380	37.885403
1595920798388	1595920798384	-8.632	2.823	1.571	-0.497	-0.597	-0.021	127.738380	37.885403
1595920798408	1595920798408	-10.093	2.226	1.887	-0.589	-0.404	0.770	127.738380	37.885403
1595920798426	1595920798424	-12.475	1.543	0.685	-1.141	-0.108	1.540	127.738380	37.885403
1595920798449	1595920798446	-12.566	0.449	-0.130	-1.891	-0.036	2.245	127.738380	37.885403
1595920798466	1595920798466	-13.339	-0.423	0.069	-2.193	0.241	2.857	127.738380	37.885403
1595920798486	1595920798483	-16.652	-1.154	1.288	-2.157	0.799	3.532	127.738380	37.885403
1595920798506	1595920798503	-18.169	-2.239	2.158	-2.072	0.837	4.119	127.738380	37.885403
1595920798525	1595920798523	-18.823	-3.624	2.731	-1.604	0.774	4.513	127.738380	37.885403
1595920798545	1595920798543	-18.542	-4.062	2.766	-0.621	0.662	4.728	127.738380	37.885403
1595920798567	1595920798567	-15.639	-3.406	1.942	0.174	0.418	4.620	127.738380	37.885403
1595920798586	1595920798583	-12.724	-2.194	2.347	-0.372	0.343	3.980	127.738380	37.885403
1595920798608	1595920798608	-11.361	-4.436	1.372	-1.278	-0.083	3.419	127.738380	37.885403
1595920798624	1595920798623	-8.383	-5.078	0.766	-0.186	-0.279	2.985	127.738380	37.885403
1595920798645	1595920798643	-6.790	-1.480	2.091	0.224	0.161	2.592	127.738380	37.885403
1595920798665	1595920798663	-6.934	-2.493	1.173	-0.351	0.238	2.154	127.738380	37.885403
1595920798684	1595920798683	-6.378	-3.698	0.726	-0.157	0.165	1.875	127.738380	37.885403
1595920798705	1595920798702	-6.239	-2.558	1.094	0.017	0.158	1.624	127.738380	37.885403
1595920798724	1595920798722	-7.169	-2.282	1.300	-0.336	0.247	1.403	127.738380	37.885403
1595920798746	1595920798745	-8.100	-2.970	1.550	-0.592	0.226	1.285	127.738380	37.885403
1595920798766	1595920798762	-8.424	-3.279	2.014	-0.527	0.136	1.257	127.738380	37.885403
1595920798784	1595920798782	-8.361	-3.171	2.522	-0.461	0.073	1.256	127.738380	37.885403
1595920798809	1595920798807	-8.558	-3.262	2.395	-0.608	0.029	1.217	127.738380	37.885403
1595920798823	1595920798821	-9.451	-3.870	2.081	-0.819	0.044	1.150	127.738380	37.885403
1595920798843	1595920798841	-9.890	-4.393	2.345	-1.006	-0.014	1.020	127.738380	37.885403
1595920798862	1595920798861	-9.485	-4.165	2.544	-1.193	-0.107	0.780	127.738380	37.885403
1595920798885	1595920798882	-9.152	-3.571	2.594	-1.437	-0.117	0.440	127.738380	37.885403
1595920798904	1595920798901	-11.531	-3.858	2.668	-1.649	0.010	0.033	127.738380	37.885403
1595920798924	1595920798921	-14.686	-4.884	2.735	-1.535	0.072	-0.441	127.738380	37.885403
1595920798943	1595920798940	-16.657	-5.111	1.722	-1.007	-0.052	-0.986	127.738380	37.885403
1595920798962	1595920798960	-18.815	-4.800	1.279	-0.372	0.014	-1.550	127.738380	37.885403
1595920798982	1595920798980	-18.116	-4.467	0.771	0.083	-0.202	-2.247	127.738380	37.885403
1595920799002	1595920799000	-16.492	-3.691	-0.384	0.755	-0.218	-2.997	127.738380	37.885403
1595920799022	1595920799022	-16.650	-2.273	-1.035	1.443	0.019	-3.591	127.738380	37.885403
1595920799042	1595920799040	-16.106	-1.729	-0.815	1.812	0.058	-3.964	127.738380	37.885403
1595920799062	1595920799060	-14.604	-1.683	0.062	2.091	0.039	-4.100	127.738380	37.885403
1595920799083	1595920799080	-13.066	-1.791	0.737	2.217	0.024	-4.127	127.738380	37.885403
1595920799106	1595920799101	-11.358	-1.983	0.795	2.155	-0.069	-4.113	127.738380	37.885403
1595920799123	1595920799123	-10.029	-1.647	0.757	1.997	-0.108	-4.097	127.738380	37.885403
1595920799143	1595920799140	-9.186	-0.754	0.709	1.811	-0.113	-4.032	127.738380	37.885403
1595920799165	1595920799161	-8.570	0.499	0.661	1.766	-0.188	-3.822	127.738380	37.885403
1595920799182	1595920799180	-7.789	1.182	0.419	1.812	-0.300	-3.525	127.738380	37.885403
1595920799202	1595920799200	-6.974	1.112	0.189	1.717	-0.419	-3.222	127.738380	37.885403
