1595920848847	1595920848845	-16.523	-4.397	0.805	1.286	0.156	-1.125	127.738274	37.884693
1595920848868	1595920848864	-15.610	-3.427	0.263	1.634	0.142	-1.877	127.738274	37.884693
1595920848885	1595920848883	-15.891	-2.352	0.129	1.971	0.256	-2.583	127.738274	37.884693
1595920848906	1595920848904	-15.337	-1.595	0.167	2.062	0.244	-3.108	127.738274	37.884693
1595920848925	1595920848923	-13.227	-1.391	0.354	1.955	0.156	-3.425	127.738274	37.884693
1595920848947	1595920848943	-11.133	-1.492	0.884	1.793	0.104	-3.650	127.738274	37.884693
1595920848975	1595920848968	-9.669	-1.683	1.185	1.602	0.088	-3.803	127.738274	37.884693
1595920848987	1595920848983	-8.596	-1.358	1.030	1.494	0.084	-3.839	127.738274	37.884693
1595920849005	1595920849003	-7.854	-0.557	0.908	1.549	0.090	-3.731	127.738274	37.884693
1595920849023	1595920849022	-7.602	-0.133	1.142	1.715	0.047	-3.538	127.738274	37.884693
1595920849043	1595920849042	-8.029	0.065	1.197	1.842	0.030	-3.337	127.738274	37.884693
1595920849063	1595920849062	-8.151	0.858	1.063	1.818	-0.081	-3.064	127.738274	37.884693
1595920849083	1595920849081	-7.712	1.713	0.955	1.663	-0.235	-2.679	127.738274	37.884693
1595920849104	1595920849102	-7.705	2.006	0.984	1.378	-0.260	-2.291	127.738274	37.884693
1595920849125	1595920849125	-8.026	2.097	1.152	1.083	-0.261	-1.878	127.738274	37.884693
1595920849147	1595920849146	-8.675	2.133	1.406	0.841	-0.285	-1.436	127.738274	37.884693
1595920849171	1595920849167	-9.516	2.456	1.526	0.533	-0.285	-0.914	127.738274	37.884693
1595920849182	1595920849181	-9.406	2.478	1.844	0.139	-0.374	-0.411	127.738274	37.884693
1595920849202	1595920849200	-8.663	2.157	2.326	-0.355	-0.436	-0.012	127.738274	37.884693
1595920849222	1595920849220	-8.757	1.977	3.054	-1.131	-0.418	0.289	127.738274	37.884693
1595920849242	1595920849240	-11.569	0.959	2.508	-1.949	-0.290	0.590	127.738274	37.884693
1595920849261	1595920849260	-15.950	0.334	0.500	-2.476	-0.143	1.045	127.738274	37.884693
1595920849282	1595920849280	-18.739	-0.534	-0.398	-2.733	-0.185	1.661	127.738274	37.884693
1595920849301	1595920849300	-17.098	-1.976	0.325	-2.616	-0.494	2.244	127.738274	37.884693
1595920849332	1595920849322	-15.282	-2.852	1.286	-2.031	-0.440	2.752	127.738274	37.884693
1595920849347	1595920849344	-14.860	-3.051	2.944	-1.512	-0.175	3.152	127.738274	37.884693
1595920849362	1595920849362	-13.462	-3.197	3.662	-1.343	-0.221	3.308	127.738274	37.884693
1595920849381	1595920849380	-11.710	-3.355	3.509	-0.970	-0.239	3.275	127.738274	37.884693
1595920849401	1595920849399	-10.211	-3.336	2.740	-0.256	-0.248	3.164	127.738274	37.884693
1595920849421	1595920849419	-8.831	-3.367	1.823	0.307	-0.314	2.994	127.738274	37.884693
1595920849441	1595920849439	-7.482	-2.924	1.449	0.288	-0.407	2.737	127.738274	37.884693
1595920849460	1595920849459	-6.910	-3.892	0.833	0.253	-0.435	2.512	127.738274	37.884693
1595920849483	1595920849480	-6.685	-2.651	1.109	0.459	-0.328	2.279	127.738274	37.884693
1595920849508	1595920849501	-6.184	-1.856	1.094	0.076	-0.286	1.995	127.738274	37.884693
1595920849529	1595920849523	-6.654	-2.694	0.845	-0.444	-0.164	1.872	127.738274	37.884693
1595920849545	1595920849539	-7.238	-3.200	0.761	-0.626	-0.101	1.803	127.738274	37.884693
1595920849560	1595920849559	-7.739	-3.399	0.817	-0.607	-0.052	1.754	127.738274	37.884693
1595920849580	1595920849579	-8.493	-3.487	1.178	-0.603	0.041	1.698	127.738274	37.884693
1595920849601	1595920849599	-9.578	-3.679	1.418	-0.719	0.117	1.608	127.738274	37.884693
1595920849620	1595920849619	-10.860	-4.012	1.418	-0.770	0.201	1.533	127.738274	37.884693
1595920849641	1595920849639	-10.733	-4.235	1.835	-0.732	0.179	1.428	127.738274	37.884693
1595920849660	1595920849659	-9.375	-4.287	2.239	-0.765	0.135	1.231	127.738274	37.884693
1595920849680	1595920849679	-10.012	-4.321	2.414	-0.912	0.277	0.981	127.738274	37.884693
1595920849704	1595920849699	-13.090	-5.016	2.596	-0.971	0.466	0.684	127.738274	37.884693
1595920849724	1595920849724	-13.955	-5.581	3.064	-0.779	0.354	0.267	127.738274	37.884693
1595920849748	1595920849744	-12.439	-5.303	2.740	-0.325	0.066	-0.267	127.738274	37.884693
1595920849760	1595920849759	-14.930	-4.716	1.389	0.263	0.312	-0.787	127.738274	37.884693
1595920849781	1595920849780	-17.967	-4.340	0.967	0.691	0.465	-1.338	127.738274	37.884693
1595920849801	1595920849798	-16.691	-3.909	0.860	0.998	0.140	-2.010	127.738274	37.884682
1595920849822	1595920849819	-14.980	-2.833	0.301	1.317	0.096	-2.642	127.738274	37.884682
1595920849841	1595920849841	-15.225	-1.928	0.127	1.453	0.300	-3.110	127.738274	37.884682
1595920849860	1595920849859	-14.266	-1.990	0.340	1.394	0.276	-3.395	127.738274	37.884682
1595920849880	1595920849878	-12.283	-2.083	0.589	1.453	0.214	-3.592	127.738274	37.884682
1595920849901	1595920849898	-10.673	-1.822	0.723	1.522	0.221	-3.714	127.738274	37.884682
1595920849926	1595920849924	-9.382	-1.470	0.639	1.368	0.213	-3.799	127.738274	37.884682
1595920849949	1595920849938	-8.309	-0.950	0.462	1.175	0.211	-3.796	127.738274	37.884682
1595920849968	1595920849962	-7.619	-0.368	0.670	1.142	0.213	-3.658	127.738274	37.884682
1595920849981	1595920849981	-7.525	-0.289	0.917	1.220	0.203	-3.454	127.738274	37.884682
1595920850003	1595920850003	-7.743	-0.397	0.766	1.327	0.153	-3.221	127.738274	37.884682
1595920850020	1595920850018	-7.801	0.219	0.436	1.370	0.046	-3.015	127.738274	37.884682
1595920850039	1595920850037	-7.990	1.383	0.572	1.275	-0.082	-2.768	127.738274	37.884682
1595920850058	1595920850056	-8.992	1.905	0.730	1.133	-0.150	-2.404	127.738274	37.884682
1595920850078	1595920850075	-10.069	1.888	0.833	1.024	-0.221	-1.949	127.738274	37.884682
1595920850098	1595920850096	-10.014	1.958	0.965	0.909	-0.366	-1.445	127.738274	37.884682
1595920850123	1595920850118	-9.219	1.680	1.406	0.575	-0.401	-0.965	127.738274	37.884682
1595920850138	1595920850136	-8.318	0.762	2.156	0.138	-0.359	-0.515	127.738274	37.884682
1595920850167	1595920850156	-7.614	0.099	2.766	0.026	-0.306	-0.094	127.738274	37.884682
1595920850178	1595920850175	-8.781	0.235	2.400	0.189	-0.179	0.309	127.738274	37.884682
1595920850201	1595920850200	-12.642	0.715	1.121	-0.071	0.094	0.774	127.738274	37.884682
1595920850220	1595920850215	-15.900	0.379	0.749	-1.009	0.179	1.407	127.738274	37.884682
1595920850237	1595920850234	-16.449	-1.336	1.322	-1.808	0.025	2.121	127.738274	37.884682
1595920850256	1595920850254	-16.140	-2.543	1.820	-1.878	-0.004	2.792	127.738274	37.884682
1595920850276	1595920850273	-16.353	-2.721	2.127	-1.664	0.111	3.346	127.738274	37.884682
1595920850297	1595920850296	-16.475	-2.821	2.053	-1.592	0.123	3.675	127.738274	37.884682
1595920850315	1595920850315	-15.292	-3.216	2.060	-1.514	0.025	3.796	127.738274	37.884682
1595920850338	1595920850337	-12.712	-3.478	2.141	-1.257	-0.109	3.757	127.738274	37.884682
1595920850359	1595920850359	-10.093	-3.698	2.194	-0.926	-0.173	3.565	127.738274	37.884682
1595920850378	1595920850378	-7.928	-4.249	2.007	-0.564	-0.199	3.288	127.738274	37.884682
1595920850397	1595920850397	-6.673	-2.994	2.249	-0.589	-0.124	2.780	127.738274	37.884682
1595920850420	1595920850413	-6.776	-4.091	1.217	-0.859	-0.200	2.358	127.738274	37.884682
1595920850440	1595920850433	-6.220	-3.475	0.091	-0.131	-0.175	2.094	127.738274	37.884682
1595920850454	1595920850453	-6.035	-0.967	0.812	-0.121	-0.061	1.809	127.738274	37.884682
1595920850475	1595920850472	-6.227	-2.527	0.630	-0.759	-0.027	1.594	127.738274	37.884682
1595920850494	1595920850492	-6.237	-3.765	1.166	-0.605	-0.018	1.560	127.738274	37.884682
1595920850515	1595920850515	-7.046	-3.557	1.475	-0.165	0.090	1.562	127.738274	37.884682
1595920850534	1595920850532	-9.087	-3.777	1.399	0.117	0.225	1.642	127.738274	37.884682
1595920850554	1595920850551	-10.771	-3.856	1.415	0.267	0.248	1.746	127.738274	37.884682
1595920850574	1595920850573	-10.814	-3.837	1.734	0.214	0.160	1.783	127.738274	37.884682
1595920850601	1595920850598	-9.049	-3.779	1.935	0.108	0.031	1.739	127.738274	37.884682
1595920850619	1595920850618	-8.472	-4.064	2.216	0.013	0.124	1.591	127.738274	37.884682
1595920850640	1595920850632	-11.579	-5.090	2.139	-0.338	0.320	1.225	127.738274	37.884682
1595920850653	1595920850651	-16.631	-6.177	2.002	-0.721	0.467	0.662	127.738274	37.884682
1595920850673	1595920850671	-17.577	-6.429	1.983	-0.863	0.178	-0.105	127.738274	37.884682
1595920850693	1595920850691	-16.343	-5.916	1.094	-0.688	-0.108	-0.936	127.738274	37.884682
1595920850713	1595920850713	-17.165	-5.066	0.407	-0.329	0.201	-1.700	127.738274	37.884682
1595920850757	1595920850735	-16.774	-4.364	0.251	-0.098	0.271	-2.455	127.738274	37.884666
1595920850757	1595920850757	-15.579	-4.139	0.359	0.334	0.358	-3.110	127.738274	37.884666
1595920850771	1595920850771	-14.839	-3.082	0.313	0.962	0.483	-3.519	127.738274	37.884666
1595920850802	1595920850802	-13.270	-1.923	0.141	1.381	0.463	-3.648	127.738274	37.884666
1595920850824	1595920850818	-10.886	-1.858	0.036	1.611	0.376	-3.635	127.738274	37.884666
1595920850840	1595920850836	-9.013	-2.136	-0.043	1.827	0.341	-3.634	127.738274	37.884666
1595920850852	1595920850849	-8.304	-1.841	0.139	1.969	0.369	-3.548	127.738274	37.884666
1595920850875	1595920850871	-8.297	-1.073	0.450	2.098	0.323	-3.395	127.738274	37.884666
1595920850891	1595920850889	-8.215	-0.102	0.534	2.217	0.157	-3.178	127.738274	37.884666
1595920850915	1595920850911	-7.425	0.382	0.215	2.175	-0.067	-2.958	127.738274	37.884666
1595920850931	1595920850930	-6.924	0.561	0.045	1.920	-0.183	-2.752	127.738274	37.884666
1595920850954	1595920850954	-7.696	0.897	0.227	1.548	-0.192	-2.457	127.738274	37.884666
1595920850980	1595920850969	-8.999	1.095	0.371	1.239	-0.234	-2.119	127.738274	37.884666
1595920851002	1595920850994	-9.701	1.294	0.218	1.012	-0.348	-1.817	127.738274	37.884666
1595920851015	1595920851015	-9.722	1.668	0.095	0.838	-0.483	-1.507	127.738274	37.884666
1595920851034	1595920851028	-10.522	1.929	0.405	0.688	-0.473	-1.097	127.738274	37.884666
1595920851051	1595920851048	-11.497	1.570	0.999	0.513	-0.445	-0.633	127.738274	37.884666
1595920851069	1595920851068	-11.032	0.923	1.502	0.357	-0.523	-0.203	127.738274	37.884666
1595920851090	1595920851088	-9.899	0.588	1.751	0.261	-0.522	0.171	127.738274	37.884666
1595920851109	1595920851107	-10.939	0.707	1.200	0.009	-0.277	0.504	127.738274	37.884666
1595920851130	1595920851130	-13.258	0.633	0.620	-0.554	0.039	0.931	127.738274	37.884666
1595920851150	1595920851147	-14.305	0.092	0.893	-1.284	0.164	1.366	127.738274	37.884666
1595920851175	1595920851168	-14.954	-0.965	2.151	-1.773	0.219	1.780	127.738274	37.884666
1595920851202	1595920851200	-15.026	-1.741	3.052	-1.738	0.186	2.240	127.738274	37.884666
1595920851217	1595920851217	-14.329	-1.861	2.905	-1.538	0.106	2.644	127.738274	37.884666
1595920851228	1595920851227	-14.348	-2.383	2.386	-1.621	0.088	2.932	127.738274	37.884666
1595920851248	1595920851247	-13.406	-3.056	2.232	-1.753	-0.065	3.103	127.738274	37.884666
1595920851268	1595920851268	-10.973	-3.308	2.299	-1.660	-0.291	3.098	127.738274	37.884666
1595920851289	1595920851286	-9.001	-3.442	2.216	-1.400	-0.344	2.960	127.738274	37.884666
1595920851308	1595920851306	-7.818	-3.516	1.986	-1.056	-0.333	2.802	127.738274	37.884666
1595920851329	1595920851328	-7.056	-3.298	1.724	-0.665	-0.311	2.594	127.738274	37.884666
1595920851352	1595920851353	-6.637	-2.721	1.562	-0.388	-0.264	2.349	127.738274	37.884666
1595920851374	1595920851373	-6.356	-2.395	1.478	-0.421	-0.235	2.132	127.738274	37.884666
1595920851395	1595920851395	-6.364	-2.747	1.420	-0.618	-0.207	1.982	127.738274	37.884666
1595920851412	1595920851406	-7.039	-3.363	1.597	-0.637	-0.147	1.894	127.738274	37.884666
1595920851426	1595920851426	-7.861	-3.612	1.638	-0.472	-0.127	1.849	127.738274	37.884666
1595920851448	1595920851445	-8.457	-3.590	1.619	-0.380	-0.137	1.823	127.738274	37.884666
1595920851466	1595920851466	-8.769	-3.621	1.643	-0.485	-0.142	1.784	127.738274	37.884666
1595920851487	1595920851485	-8.915	-3.878	2.014	-0.652	-0.143	1.689	127.738274	37.884666
1595920851507	1595920851505	-8.824	-4.225	2.208	-0.797	-0.120	1.505	127.738274	37.884666
1595920851529	1595920851529	-8.050	-4.251	2.089	-0.934	-0.121	1.204	127.738274	37.884666
1595920851546	1595920851544	-8.900	-4.199	1.930	-0.948	0.017	0.840	127.738274	37.884666
1595920851575	1595920851569	-13.291	-4.273	1.542	-0.767	0.317	0.488	127.738274	37.884666
1595920851587	1595920851584	-17.687	-4.417	1.928	-0.469	0.447	0.084	127.738274	37.884666
1595920851605	1595920851604	-18.375	-4.683	1.585	-0.156	0.116	-0.372	127.738274	37.884666
1595920851625	1595920851624	-17.608	-4.158	0.932	0.154	0.049	-0.777	127.738274	37.884666
1595920851646	1595920851643	-14.928	-3.624	0.594	0.378	-0.040	-1.221	127.738274	37.884666
1595920851665	1595920851664	-12.834	-3.583	0.318	0.719	0.030	-1.705	127.738274	37.884666
1595920851686	1595920851683	-13.169	-3.020	0.242	1.264	0.295	-2.144	127.738274	37.884666
1595920851703	1595920851703	-13.438	-2.378	0.369	1.612	0.398	-2.468	127.738274	37.884666
1595920851724	1595920851724	-11.861	-2.282	0.359	1.738	0.307	-2.698	127.738274	37.884666
1595920851781	1595920851765	-10.374	-2.397	0.246	1.837	0.312	-2.870	127.738266	37.884651
1595920851781	1595920851781	-9.394	-2.364	0.072	1.893	0.336	-3.000	127.738266	37.884651
1595920851789	1595920851782	-8.666	-1.995	-0.019	1.910	0.334	-3.107	127.738266	37.884651
1595920851802	1595920851801	-8.409	-1.123	0.122	1.913	0.349	-3.175	127.738266	37.884651
1595920851824	1595920851822	-7.954	0.075	0.373	1.751	0.283	-3.171	127.738266	37.884651
1595920851848	1595920851846	-7.010	0.552	0.627	1.410	0.172	-3.048	127.738266	37.884651
1595920851863	1595920851863	-6.864	0.065	1.049	1.220	0.155	-2.780	127.738266	37.884651
1595920851884	1595920851882	-7.827	-0.270	1.329	1.304	0.165	-2.453	127.738266	37.884651
1595920851902	1595920851902	-8.345	0.386	1.221	1.425	0.031	-2.135	127.738266	37.884651
1595920851923	1595920851922	-7.990	1.292	0.943	1.381	-0.190	-1.797	127.738266	37.884651
1595920851948	1595920851948	-8.361	1.606	0.864	1.136	-0.280	-1.464	127.738266	37.884651
1595920851969	1595920851969	-9.840	1.414	1.200	0.802	-0.270	-1.103	127.738266	37.884651
1595920851983	1595920851983	-10.532	1.448	1.897	0.583	-0.393	-0.725	127.738266	37.884651
1595920852015	1595920852005	-9.816	1.651	2.534	0.484	-0.576	-0.436	127.738266	37.884651
1595920852028	1595920852023	-9.511	1.706	2.656	0.285	-0.634	-0.217	127.738266	37.884651
1595920852043	1595920852041	-11.543	1.735	1.667	-0.281	-0.489	0.030	127.738266	37.884651
1595920852063	1595920852062	-14.094	1.244	0.127	-1.140	-0.330	0.373	127.738266	37.884651
1595920852085	1595920852084	-15.828	0.142	-0.252	-1.835	-0.215	0.803	127.738266	37.884651
1595920852101	1595920852101	-15.656	-0.572	0.704	-2.055	-0.219	1.301	127.738266	37.884651
1595920852121	1595920852120	-15.840	-1.283	2.036	-1.879	-0.009	1.825	127.738266	37.884651
1595920852142	1595920852140	-16.202	-1.820	2.757	-1.637	0.187	2.338	127.738266	37.884651
1595920852161	1595920852161	-14.757	-1.952	2.790	-1.588	0.168	2.691	127.738266	37.884651
1595920852184	1595920852184	-12.592	-2.488	2.848	-1.535	0.093	2.920	127.738266	37.884651
1595920852204	1595920852202	-10.529	-3.022	2.905	-1.240	0.007	3.033	127.738266	37.884651
1595920852227	1595920852221	-8.651	-3.161	2.666	-0.840	-0.087	3.035	127.738266	37.884651
1595920852247	1595920852244	-7.616	-3.042	2.307	-0.512	-0.120	2.953	127.738266	37.884651
1595920852261	1595920852260	-7.300	-2.809	2.091	-0.335	-0.134	2.805	127.738266	37.884651
1595920852281	1595920852279	-6.946	-2.524	1.758	-0.403	-0.188	2.600	127.738266	37.884651
1595920852301	1595920852299	-6.467	-2.345	1.236	-0.761	-0.256	2.363	127.738266	37.884651
1595920852320	1595920852318	-6.297	-2.586	0.790	-1.183	-0.276	2.156	127.738266	37.884651
1595920852342	1595920852339	-6.400	-3.164	0.651	-1.317	-0.261	2.019	127.738266	37.884651
1595920852361	1595920852361	-6.852	-3.590	0.773	-1.085	-0.216	1.933	127.738266	37.884651
1595920852390	1595920852384	-7.542	-3.820	0.747	-0.701	-0.172	1.881	127.738266	37.884651
1595920852401	1595920852401	-8.244	-3.782	0.699	-0.416	-0.149	1.817	127.738266	37.884651
1595920852425	1595920852421	-9.341	-4.002	0.769	-0.334	-0.086	1.740	127.738266	37.884651
1595920852440	1595920852438	-9.859	-4.271	0.793	-0.371	-0.042	1.602	127.738266	37.884651
1595920852462	1595920852460	-9.150	-4.203	0.924	-0.441	-0.057	1.362	127.738266	37.884651
1595920852481	1595920852479	-8.992	-4.115	1.224	-0.561	0.060	1.078	127.738266	37.884651
1595920852502	1595920852500	-11.135	-4.534	1.521	-0.613	0.280	0.732	127.738266	37.884651
1595920852520	1595920852518	-14.523	-5.243	1.914	-0.344	0.448	0.356	127.738266	37.884651
1595920852541	1595920852539	-16.442	-5.334	1.890	0.095	0.367	-0.140	127.738266	37.884651
1595920852562	1595920852560	-17.426	-4.766	1.286	0.500	0.272	-0.676	127.738266	37.884651
1595920852581	1595920852580	-17.790	-4.175	0.690	0.813	0.255	-1.226	127.738266	37.884651
1595920852600	1595920852598	-16.259	-3.176	0.347	1.089	0.140	-1.840	127.738266	37.884651
1595920852623	1595920852618	-15.344	-1.983	0.258	1.357	0.209	-2.420	127.738266	37.884651
1595920852645	1595920852639	-15.548	-1.537	0.577	1.595	0.360	-2.767	127.738266	37.884651
1595920852664	1595920852660	-14.144	-1.592	0.754	1.824	0.280	-2.893	127.738266	37.884651
1595920852685	1595920852679	-12.178	-1.451	0.752	2.016	0.198	-2.943	127.738266	37.884651
1595920852705	1595920852698	-10.699	-1.199	0.699	1.965	0.179	-2.955	127.738266	37.884651
1595920852718	1595920852716	-9.111	-0.787	0.493	1.745	0.103	-2.955	127.738266	37.884651
1595920852747	1595920852742	-7.801	-0.407	0.337	1.605	0.061	-2.940	127.738266	37.884640
1595920852758	1595920852755	-7.260	0.056	0.584	1.566	0.071	-2.889	127.738266	37.884640
1595920852778	1595920852778	-7.492	0.707	0.917	1.514	0.042	-2.767	127.738266	37.884640
1595920852803	1595920852803	-7.331	1.311	0.852	1.332	-0.101	-2.611	127.738266	37.884640
1595920852823	1595920852820	-6.692	1.666	0.606	1.033	-0.287	-2.418	127.738266	37.884640
1595920852842	1595920852836	-7.372	1.804	0.704	0.660	-0.319	-2.169	127.738266	37.884640
1595920852864	1595920852854	-8.980	2.243	0.850	0.339	-0.327	-1.842	127.738266	37.884640
1595920852879	1595920852879	-9.394	3.014	0.615	0.132	-0.471	-1.471	127.738266	37.884640
1595920852898	1595920852893	-9.130	3.417	0.570	0.022	-0.542	-1.026	127.738266	37.884640
1595920852920	1595920852917	-8.781	2.672	1.288	0.022	-0.520	-0.573	127.738266	37.884640
1595920852937	1595920852934	-8.457	2.391	1.940	0.051	-0.548	-0.169	127.738266	37.884640
1595920852959	1595920852954	-10.271	2.732	1.480	-0.013	-0.408	0.260	127.738266	37.884640
1595920852976	1595920852976	-14.039	3.060	0.110	-0.392	-0.099	0.760	127.738266	37.884640
1595920853001	1595920853000	-16.535	2.152	-0.357	-1.036	0.001	1.248	127.738266	37.884640
1595920853016	1595920853016	-17.800	0.149	0.709	-1.479	0.092	1.715	127.738266	37.884640
1595920853046	1595920853043	-16.782	-0.689	1.712	-1.476	0.009	2.117	127.738266	37.884640
1595920853062	1595920853062	-15.790	-0.970	2.141	-1.401	0.079	2.411	127.738266	37.884640
1595920853083	1595920853072	-15.713	-1.940	2.410	-1.384	0.215	2.639	127.738266	37.884640
1595920853095	1595920853093	-13.897	-2.541	2.656	-1.151	0.115	2.707	127.738266	37.884640
1595920853114	1595920853112	-11.344	-2.785	2.848	-0.633	0.006	2.618	127.738266	37.884640
1595920853134	1595920853132	-9.243	-3.188	2.651	-0.073	-0.044	2.467	127.738266	37.884640
1595920853154	1595920853152	-7.923	-1.949	3.193	-0.192	-0.089	2.238	127.738266	37.884640
1595920853174	1595920853171	-7.054	-3.504	1.346	-0.347	-0.320	2.128	127.738266	37.884640
1595920853196	1595920853196	-6.606	-1.470	1.521	-0.234	-0.091	1.990	127.738266	37.884640
1595920853215	1595920853215	-6.867	-0.970	1.341	-1.351	-0.161	1.751	127.738266	37.884640
1595920853237	1595920853237	-6.984	-3.049	0.730	-2.105	-0.233	1.648	127.738266	37.884640
1595920853272	1595920853259	-6.797	-3.526	0.977	-1.922	-0.296	1.589	127.738266	37.884640
1595920853283	1595920853283	-6.804	-3.868	1.262	-1.439	-0.290	1.575	127.738266	37.884640
1595920853292	1595920853291	-7.228	-3.995	1.485	-0.866	-0.239	1.605	127.738266	37.884640
1595920853313	1595920853311	-8.019	-4.093	1.679	-0.444	-0.185	1.660	127.738266	37.884640
1595920853337	1595920853332	-8.599	-4.340	1.765	-0.215	-0.187	1.706	127.738266	37.884640
1595920853352	1595920853351	-8.783	-4.378	1.878	-0.117	-0.170	1.675	127.738266	37.884640
1595920853378	1595920853378	-8.405	-4.297	1.758	-0.245	-0.174	1.523	127.738266	37.884640
1595920853393	1595920853393	-8.309	-4.364	1.969	-0.585	-0.130	1.252	127.738266	37.884640
1595920853421	1595920853420	-9.943	-4.891	2.055	-0.927	-0.009	0.850	127.738266	37.884640
1595920853437	1595920853434	-13.569	-5.614	1.964	-0.818	0.157	0.386	127.738266	37.884640
1595920853482	1595920853459	-17.122	-6.192	1.408	-0.125	0.196	-0.105	127.738266	37.884640
1595920853482	1595920853482	-19.077	-5.875	0.529	0.730	0.168	-0.645	127.738266	37.884640
1595920853490	1595920853488	-17.785	-4.580	-0.194	1.340	0.033	-1.239	127.738266	37.884640
1595920853509	1595920853508	-16.034	-3.415	-0.889	1.740	0.097	-1.909	127.738266	37.884640
1595920853529	1595920853528	-15.907	-2.309	-1.157	1.922	0.308	-2.586	127.738266	37.884640
1595920853551	1595920853549	-15.960	-1.592	-0.604	1.895	0.457	-3.160	127.738266	37.884640
1595920853571	1595920853569	-14.738	-1.528	0.323	1.754	0.474	-3.533	127.738266	37.884640
1595920853590	1595920853590	-12.961	-1.808	0.864	1.547	0.439	-3.763	127.738266	37.884640
1595920853613	1595920853613	-11.526	-1.990	0.903	1.321	0.430	-3.904	127.738266	37.884640
1595920853637	1595920853636	-10.244	-1.540	0.587	1.155	0.418	-3.948	127.738266	37.884640
1595920853657	1595920853648	-9.099	-0.672	0.481	1.250	0.391	-3.867	127.738266	37.884640
1595920853668	1595920853667	-8.208	0.178	0.809	1.579	0.306	-3.704	127.738266	37.884640
1595920853689	1595920853687	-7.803	0.904	1.056	1.901	0.192	-3.447	127.738266	37.884640
1595920853709	1595920853707	-7.585	1.527	1.085	1.904	0.049	-3.114	127.738266	37.884640
1595920853730	1595920853730	-7.693	1.967	1.075	1.524	-0.085	-2.769	127.738266	37.884640
1595920853750	1595920853749	-8.335	2.902	0.994	1.120	-0.178	-2.349	127.738266	37.884640
1595920853772	1595920853768	-8.671	3.886	1.027	0.928	-0.333	-1.785	127.738258	37.884624
1595920853791	1595920853791	-8.762	3.805	1.209	0.637	-0.461	-1.198	127.738258	37.884624
1595920853813	1595920853807	-9.265	2.947	1.430	0.276	-0.503	-0.601	127.738258	37.884624
1595920853835	1595920853832	-9.952	2.645	1.897	0.082	-0.493	-0.002	127.738258	37.884624
1595920853849	1595920853847	-10.443	2.839	2.029	-0.004	-0.547	0.567	127.738258	37.884624
1595920853871	1595920853868	-11.655	3.290	1.070	-0.255	-0.395	1.084	127.738258	37.884624
1595920853892	1595920853892	-11.919	2.885	0.587	-0.722	-0.366	1.510	127.738258	37.884624
1595920853913	1595920853908	-14.880	1.256	1.027	-1.189	-0.012	1.941	127.738258	37.884624
1595920853928	1595920853927	-18.691	0.281	1.471	-1.350	0.281	2.490	127.738258	37.884624
1595920853950	1595920853947	-18.969	-0.227	1.612	-1.546	0.131	2.885	127.738258	37.884624
1595920853968	1595920853966	-18.317	-1.508	1.983	-1.770	0.162	3.219	127.738258	37.884624
1595920853988	1595920853986	-16.947	-2.627	2.738	-1.598	0.194	3.440	127.738258	37.884624
1595920854010	1595920854007	-13.665	-2.998	2.913	-1.236	0.019	3.396	127.738258	37.884624
1595920854026	1595920854025	-10.628	-3.140	2.472	-0.925	-0.049	3.125	127.738258	37.884624
1595920854056	1595920854056	-8.539	-3.166	1.914	-0.461	-0.036	2.883	127.738258	37.884624
1595920854071	1595920854071	-7.049	-3.300	1.547	0.195	-0.023	2.740	127.738258	37.884624
1595920854086	1595920854084	-6.268	-3.456	1.451	0.765	0.058	2.591	127.738258	37.884624
1595920854106	1595920854105	-5.899	-3.339	1.415	1.026	0.112	2.418	127.738258	37.884624
1595920854125	1595920854123	-5.638	-2.972	1.248	0.984	0.122	2.200	127.738258	37.884624
1595920854145	1595920854143	-5.547	-2.819	1.274	0.837	0.135	1.979	127.738258	37.884624
1595920854165	1595920854163	-5.899	-2.831	1.581	0.724	0.178	1.779	127.738258	37.884624
1595920854185	1595920854183	-6.529	-2.692	1.911	0.572	0.223	1.591	127.738258	37.884624
1595920854204	1595920854204	-7.521	-2.884	2.369	0.316	0.258	1.446	127.738258	37.884624
1595920854226	1595920854223	-8.491	-3.166	2.536	-0.014	0.261	1.327	127.738258	37.884624
1595920854248	1595920854246	-9.257	-3.300	2.484	-0.350	0.253	1.222	127.738258	37.884624
1595920854265	1595920854264	-9.547	-3.672	2.642	-0.644	0.234	1.138	127.738258	37.884624
1595920854290	1595920854283	-9.147	-3.988	2.867	-0.819	0.188	1.031	127.738258	37.884624
1595920854306	1595920854306	-9.329	-3.964	2.812	-0.850	0.215	0.849	127.738258	37.884624
1595920854326	1595920854325	-12.269	-3.954	2.647	-0.798	0.376	0.611	127.738258	37.884624
1595920854346	1595920854346	-16.228	-4.620	3.111	-0.690	0.391	0.325	127.738258	37.884624
1595920854364	1595920854362	-18.686	-5.727	2.800	-0.449	0.097	-0.074	127.738258	37.884624
1595920854388	1595920854385	-19.120	-6.180	1.940	-0.047	-0.156	-0.536	127.738258	37.884624
1595920854404	1595920854402	-16.777	-5.904	1.097	0.617	-0.493	-1.252	127.738258	37.884624
1595920854427	1595920854425	-15.371	-4.134	-0.283	1.588	-0.477	-2.257	127.738258	37.884624
1595920854444	1595920854443	-17.536	-1.664	-1.289	2.428	-0.198	-3.180	127.738258	37.884624
1595920854466	1595920854464	-18.068	-0.157	-1.248	2.659	-0.314	-3.810	127.738258	37.884624
1595920854485	1595920854482	-16.147	-0.150	-0.295	2.452	-0.565	-4.149	127.738258	37.884624
1595920854510	1595920854508	-14.329	-0.977	0.970	2.067	-0.605	-4.335	127.738258	37.884624
1595920854530	1595920854529	-12.419	-1.549	1.478	1.527	-0.705	-4.470	127.738258	37.884624
1595920854543	1595920854540	-10.652	-1.245	1.106	1.023	-0.760	-4.574	127.738258	37.884624
1595920854564	1595920854561	-9.401	-0.677	0.764	0.830	-0.709	-4.513	127.738258	37.884624
1595920854583	1595920854581	-8.292	-0.490	0.486	0.902	-0.673	-4.344	127.738258	37.884624
1595920854601	1595920854601	-7.885	-0.478	0.237	1.108	-0.595	-4.133	127.738258	37.884624
1595920854622	1595920854622	-8.373	-0.143	0.084	1.373	-0.519	-3.831	127.738258	37.884624
1595920854643	1595920854641	-8.752	0.554	-0.060	1.631	-0.574	-3.433	127.738258	37.884624
1595920854663	1595920854663	-9.209	1.036	0.072	1.801	-0.637	-2.939	127.738258	37.884624
1595920854688	1595920854680	-10.137	0.911	0.349	1.801	-0.659	-2.413	127.738258	37.884624
1595920854717	1595920854707	-11.037	0.729	0.412	1.599	-0.719	-1.897	127.738258	37.884624
1595920854729	1595920854729	-11.318	0.652	0.831	1.288	-0.808	-1.314	127.738258	37.884624
1595920854757	1595920854747	-10.122	0.736	1.320	1.023	-0.979	-0.771	127.738251	37.884613
1595920854764	1595920854758	-9.444	0.667	1.530	0.844	-0.933	-0.388	127.738251	37.884613
1595920854781	1595920854779	-10.273	0.633	1.332	0.672	-0.714	-0.117	127.738251	37.884613
1595920854800	1595920854799	-9.959	1.139	0.795	0.196	-0.607	0.131	127.738251	37.884613
1595920854824	1595920854824	-9.427	1.230	0.500	-0.577	-0.431	0.460	127.738251	37.884613
1595920854841	1595920854839	-11.373	0.520	1.128	-1.140	0.088	1.044	127.738251	37.884613
1595920854861	1595920854859	-12.839	-0.234	1.581	-1.441	0.449	1.802	127.738251	37.884613
1595920854881	1595920854880	-12.542	-0.320	1.583	-1.918	0.684	2.525	127.738251	37.884613
1595920854904	1595920854900	-13.014	-1.063	1.978	-2.551	1.034	3.227	127.738251	37.884613
1595920854924	1595920854923	-13.471	-2.361	2.877	-2.748	1.135	3.898	127.738251	37.884613
1595920854943	1595920854939	-12.283	-2.661	3.598	-2.428	0.969	4.315	127.738251	37.884613
1595920854961	1595920854959	-10.951	-2.867	3.737	-1.818	0.796	4.454	127.738251	37.884613
1595920854980	1595920854978	-9.923	-3.001	3.071	-0.960	0.656	4.422	127.738251	37.884613
1595920855001	1595920854998	-9.003	-2.663	2.271	-0.221	0.567	4.313	127.738251	37.884613
1595920855019	1595920855018	-8.484	-2.340	1.791	0.044	0.536	4.131	127.738251	37.884613
1595920855041	1595920855038	-8.560	-2.208	1.648	-0.082	0.500	3.917	127.738251	37.884613
1595920855060	1595920855058	-9.118	-2.457	1.645	-0.354	0.434	3.719	127.738251	37.884613
1595920855083	1595920855082	-10.304	-2.941	1.612	-0.597	0.408	3.500	127.738251	37.884613
1595920855106	1595920855105	-10.850	-3.142	1.899	-0.834	0.345	3.226	127.738251	37.884613
1595920855125	1595920855119	-10.273	-3.446	2.263	-1.099	0.230	2.915	127.738251	37.884613
1595920855143	1595920855137	-10.249	-4.302	3.035	-1.130	0.252	2.641	127.738251	37.884613
1595920855159	1595920855157	-11.356	-5.138	3.243	-0.779	0.346	2.356	127.738251	37.884613
1595920855179	1595920855177	-11.919	-5.138	3.219	-0.400	0.406	2.014	127.738251	37.884613
1595920855199	1595920855199	-10.326	-5.008	3.461	-0.358	0.239	1.610	127.738251	37.884613
1595920855220	1595920855218	-8.912	-5.061	3.523	-0.556	0.189	1.169	127.738251	37.884613
1595920855243	1595920855243	-9.715	-5.047	3.626	-0.727	0.253	0.707	127.738251	37.884613
1595920855269	1595920855269	-12.460	-5.296	3.437	-0.695	0.259	0.208	127.738251	37.884613
1595920855284	1595920855279	-15.261	-5.789	2.536	-0.413	0.144	-0.344	127.738251	37.884613
1595920855305	1595920855305	-17.330	-5.727	1.466	0.057	0.054	-0.933	127.738251	37.884613
1595920855322	1595920855320	-16.849	-4.613	1.406	0.424	-0.195	-1.547	127.738251	37.884613
1595920855339	1595920855336	-15.663	-3.837	0.474	0.799	-0.337	-2.266	127.738251	37.884613
1595920855359	1595920855355	-16.353	-2.680	0.002	1.252	-0.170	-2.992	127.738251	37.884613
1595920855380	1595920855378	-16.528	-1.561	0.345	1.432	-0.206	-3.604	127.738251	37.884613
1595920855399	1595920855395	-14.777	-1.111	0.869	1.324	-0.355	-4.030	127.738251	37.884613
1595920855421	1595920855418	-12.374	-1.178	1.087	1.193	-0.404	-4.303	127.738251	37.884613
1595920855439	1595920855439	-10.671	-1.650	0.989	1.121	-0.328	-4.429	127.738251	37.884613
1595920855461	1595920855458	-9.813	-2.431	0.658	1.095	-0.197	-4.457	127.738251	37.884613
1595920855480	1595920855477	-9.681	-2.737	0.244	1.183	-0.063	-4.395	127.738251	37.884613
1595920855503	1595920855503	-9.813	-2.026	0.019	1.381	-0.010	-4.320	127.738251	37.884613
1595920855540	1595920855518	-9.923	-0.682	0.057	1.660	-0.067	-4.184	127.738251	37.884613
1595920855557	1595920855557	-10.242	0.571	0.263	2.007	-0.142	-3.866	127.738251	37.884613
1595920855559	1595920855557	-10.482	1.122	0.797	2.210	-0.277	-3.453	127.738251	37.884613
1595920855578	1595920855575	-10.285	1.431	0.970	2.048	-0.491	-3.127	127.738251	37.884613
1595920855597	1595920855594	-10.031	2.650	0.761	1.685	-0.635	-2.671	127.738251	37.884613
1595920855616	1595920855614	-9.332	3.999	0.622	1.280	-0.738	-2.027	127.738251	37.884613
1595920855636	1595920855633	-8.984	4.545	0.872	0.636	-0.697	-1.425	127.738251	37.884613
1595920855656	1595920855654	-8.893	3.829	1.432	0.026	-0.634	-0.754	127.738251	37.884613
1595920855685	1595920855685	-9.042	2.444	2.280	-0.222	-0.565	-0.136	127.738251	37.884613
1595920855695	1595920855693	-10.268	1.912	2.501	-0.267	-0.438	0.463	127.738251	37.884613
1595920855716	1595920855716	-11.651	2.224	1.605	-0.525	-0.304	1.062	127.738251	37.884613
1595920855753	1595920855753	-12.879	1.800	0.457	-1.147	-0.132	1.581	127.738251	37.884613
1595920855754	1595920855754	-15.383	0.298	0.460	-1.762	0.287	2.117	127.738251	37.884613
1595920855774	1595920855774	-16.128	-1.132	1.506	-1.925	0.401	2.733	127.738243	37.884602
1595920855794	1595920855792	-15.399	-1.726	2.493	-1.712	0.443	3.254	127.738243	37.884602
1595920855817	1595920855814	-15.536	-1.863	3.339	-1.447	0.711	3.690	127.738243	37.884602
1595920855841	1595920855834	-14.405	-2.038	3.617	-1.287	0.705	3.971	127.738243	37.884602
1595920855854	1595920855852	-12.082	-2.555	3.337	-1.058	0.559	4.052	127.738243	37.884602
1595920855879	1595920855873	-10.005	-3.082	2.822	-0.566	0.468	3.975	127.738243	37.884602
1595920855894	1595920855891	-8.402	-3.269	2.378	0.079	0.401	3.848	127.738243	37.884602
1595920855928	1595920855915	-7.355	-3.231	2.077	0.611	0.359	3.655	127.738243	37.884602
1595920855939	1595920855932	-6.965	-2.984	1.808	0.833	0.340	3.366	127.738243	37.884602
1595920855954	1595920855953	-7.025	-2.572	1.892	0.752	0.311	3.059	127.738243	37.884602
1595920855975	1595920855975	-7.540	-2.253	1.878	0.369	0.270	2.744	127.738243	37.884602
1595920855995	1595920855992	-8.711	-2.294	1.782	-0.206	0.278	2.437	127.738243	37.884602
1595920856012	1595920856011	-9.181	-2.517	1.827	-0.757	0.230	2.174	127.738243	37.884602
1595920856033	1595920856030	-9.083	-2.836	2.239	-1.158	0.197	1.954	127.738243	37.884602
1595920856051	1595920856050	-9.610	-3.549	2.783	-1.387	0.252	1.789	127.738243	37.884602
1595920856071	1595920856071	-10.498	-4.292	2.886	-1.434	0.300	1.660	127.738243	37.884602
1595920856102	1595920856096	-10.486	-4.505	2.743	-1.399	0.274	1.503	127.738243	37.884602
1595920856114	1595920856114	-9.382	-4.508	2.599	-1.443	0.193	1.278	127.738243	37.884602
1595920856132	1595920856132	-9.229	-4.781	2.584	-1.497	0.235	0.968	127.738243	37.884602
1595920856156	1595920856149	-11.030	-5.341	2.366	-1.403	0.337	0.612	127.738243	37.884602
1595920856178	1595920856178	-13.586	-5.887	2.175	-1.051	0.377	0.175	127.738243	37.884602
1595920856195	1595920856191	-14.226	-6.376	2.146	-0.375	0.218	-0.321	127.738243	37.884602
1595920856211	1595920856208	-14.451	-6.173	1.593	0.547	0.079	-0.915	127.738243	37.884602
1595920856231	1595920856228	-15.962	-5.107	1.353	1.439	0.174	-1.563	127.738243	37.884602
1595920856251	1595920856249	-16.410	-3.741	1.188	1.945	0.013	-2.248	127.738243	37.884602
1595920856271	1595920856269	-16.571	-2.687	0.618	2.060	-0.121	-2.970	127.738243	37.884602
1595920856290	1595920856290	-17.874	-2.016	0.309	1.952	-0.091	-3.614	127.738243	37.884602
1595920856312	1595920856312	-17.867	-1.523	0.347	1.664	-0.202	-4.099	127.738243	37.884602
1595920856348	1595920856340	-15.517	-1.216	0.455	1.252	-0.366	-4.425	127.738243	37.884602
1595920856362	1595920856354	-13.002	-1.240	0.543	0.861	-0.368	-4.647	127.738243	37.884602
1595920856381	1595920856381	-11.327	-1.168	0.366	0.551	-0.277	-4.756	127.738243	37.884602
1595920856391	1595920856388	-10.098	-0.977	0.158	0.370	-0.162	-4.739	127.738243	37.884602
1595920856411	1595920856410	-9.255	-0.981	0.163	0.398	-0.018	-4.609	127.738243	37.884602
1595920856429	1595920856427	-9.006	-1.053	0.182	0.658	0.127	-4.419	127.738243	37.884602
1595920856451	1595920856448	-8.759	-0.723	0.316	1.106	0.175	-4.165	127.738243	37.884602
1595920856469	1595920856469	-8.385	0.715	0.692	1.679	0.115	-3.749	127.738243	37.884602
1595920856491	1595920856491	-7.930	2.609	0.771	2.371	-0.020	-3.083	127.738243	37.884602
1595920856511	1595920856511	-8.033	3.144	0.896	2.771	-0.109	-2.365	127.738243	37.884602
1595920856529	1595920856529	-8.970	2.612	0.948	2.500	-0.176	-1.768	127.738243	37.884602
1595920856550	1595920856549	-9.430	2.619	0.874	1.900	-0.235	-1.177	127.738243	37.884602
1595920856575	1595920856575	-8.776	3.002	1.248	1.273	-0.285	-0.595	127.738243	37.884602
1595920856600	1595920856600	-7.825	2.832	1.655	0.697	-0.280	-0.085	127.738243	37.884602
1595920856609	1595920856606	-8.455	1.860	1.988	0.293	-0.048	0.325	127.738243	37.884602
1595920856626	1595920856626	-9.808	1.529	1.966	0.078	0.202	0.724	127.738243	37.884602
1595920856648	1595920856646	-10.208	1.579	1.617	-0.124	0.268	1.178	127.738243	37.884602
1595920856667	1595920856665	-14.230	0.382	1.298	-0.538	0.660	1.706	127.738243	37.884602
1595920856688	1595920856688	-18.183	-0.869	1.104	-1.118	0.852	2.342	127.738243	37.884602
1595920856707	1595920856707	-16.576	-1.001	0.970	-1.579	0.529	2.902	127.738243	37.884602
1595920856730	1595920856726	-15.910	-1.923	1.962	-1.664	0.648	3.399	127.738243	37.884602
1595920856756	1595920856756	-16.521	-2.792	2.970	-1.322	0.784	3.825	127.738235	37.884590
1595920856770	1595920856770	-14.623	-2.594	3.176	-0.858	0.573	4.010	127.738235	37.884590
1595920856800	1595920856783	-12.400	-2.083	2.620	-0.707	0.500	3.946	127.738235	37.884590
1595920856806	1595920856804	-10.683	-2.064	2.362	-1.055	0.460	3.753	127.738235	37.884590
1595920856827	1595920856825	-9.001	-2.555	2.522	-1.583	0.299	3.528	127.738235	37.884590
1595920856846	1595920856844	-7.892	-2.982	2.055	-1.819	0.187	3.292	127.738235	37.884590
1595920856866	1595920856864	-7.272	-2.711	1.432	-1.818	0.104	2.964	127.738235	37.884590
1595920856889	1595920856886	-7.085	-2.519	1.171	-1.979	-0.001	2.591	127.738235	37.884590
1595920856906	1595920856907	-7.446	-2.963	1.104	-2.275	-0.071	2.260	127.738235	37.884590
1595920856930	1595920856930	-8.258	-3.638	1.188	-2.214	-0.059	2.050	127.738235	37.884590
1595920856947	1595920856947	-8.941	-4.072	1.665	-1.623	-0.032	1.963	127.738235	37.884590
1595920856975	1595920856965	-9.135	-4.453	2.182	-0.773	-0.027	1.980	127.738235	37.884590
1595920856989	1595920856982	-9.770	-4.695	2.319	-0.007	-0.016	2.047	127.738235	37.884590
1595920857024	1595920857022	-10.865	-4.477	2.060	0.363	0.058	2.085	127.738235	37.884590
1595920857026	1595920857025	-10.520	-4.158	2.026	0.140	-0.001	2.011	127.738235	37.884590
1595920857046	1595920857043	-9.732	-4.362	1.990	-0.539	-0.057	1.788	127.738235	37.884590
1595920857064	1595920857062	-10.527	-4.932	1.753	-1.332	0.042	1.379	127.738235	37.884590
1595920857084	1595920857083	-12.803	-5.301	1.557	-1.959	0.177	0.768	127.738235	37.884590
1595920857105	1595920857105	-14.005	-4.901	2.045	-2.346	0.146	0.048	127.738235	37.884590
1595920857129	1595920857129	-14.587	-4.615	1.863	-2.386	0.087	-0.692	127.738235	37.884590
1595920857146	1595920857146	-16.118	-4.817	0.864	-1.881	0.307	-1.377	127.738235	37.884590
1595920857165	1595920857162	-16.413	-4.932	0.321	-0.942	0.434	-1.988	127.738235	37.884590
1595920857184	1595920857184	-15.864	-4.721	-0.302	0.155	0.517	-2.521	127.738235	37.884590
1595920857203	1595920857201	-16.226	-3.870	-0.709	1.212	0.710	-2.993	127.738235	37.884590
1595920857223	1595920857221	-15.883	-2.785	-0.535	1.946	0.754	-3.338	127.738235	37.884590
1595920857247	1595920857245	-13.682	-2.122	-0.230	2.337	0.650	-3.567	127.738235	37.884590
1595920857263	1595920857263	-11.430	-1.743	-0.096	2.492	0.612	-3.730	127.738235	37.884590
1595920857283	1595920857281	-9.919	-1.628	0.002	2.476	0.625	-3.826	127.738235	37.884590
1595920857303	1595920857300	-9.142	-1.703	0.182	2.385	0.648	-3.857	127.738235	37.884590
1595920857323	1595920857321	-8.965	-1.700	0.436	2.316	0.658	-3.880	127.738235	37.884590
1595920857348	1595920857346	-9.147	-1.130	0.795	2.316	0.633	-3.911	127.738235	37.884590
1595920857363	1595920857361	-8.821	0.089	0.987	2.389	0.467	-3.810	127.738235	37.884590
1595920857390	1595920857387	-8.160	1.517	1.080	2.546	0.231	-3.515	127.738235	37.884590
1595920857402	1595920857401	-7.959	1.874	0.979	2.716	0.080	-3.069	127.738235	37.884590
1595920857423	1595920857423	-8.946	1.481	1.039	2.584	0.027	-2.639	127.738235	37.884590
1595920857446	1595920857445	-10.060	1.615	0.603	2.295	-0.105	-2.173	127.738235	37.884590
1595920857464	1595920857463	-10.561	2.870	0.112	2.067	-0.306	-1.671	127.738235	37.884590
1595920857481	1595920857480	-10.462	3.297	0.699	1.507	-0.577	-1.178	127.738235	37.884590
1595920857503	1595920857502	-9.933	2.044	1.425	0.485	-0.792	-0.805	127.738235	37.884590
1595920857523	1595920857522	-10.551	0.966	1.930	-0.436	-0.740	-0.419	127.738235	37.884590
1595920857543	1595920857541	-12.144	1.050	1.562	-1.155	-0.604	0.039	127.738235	37.884590
1595920857569	1595920857569	-12.077	1.170	0.709	-2.038	-0.599	0.529	127.738235	37.884590
1595920857583	1595920857583	-11.167	0.118	0.371	-2.741	-0.530	1.031	127.738235	37.884590
1595920857603	1595920857601	-13.244	-1.516	1.401	-2.721	-0.005	1.741	127.738235	37.884590
1595920857622	1595920857620	-14.911	-2.404	2.560	-2.055	0.281	2.642	127.738235	37.884590
1595920857645	1595920857642	-14.796	-1.655	3.167	-1.255	0.467	3.480	127.738235	37.884590
1595920857660	1595920857659	-14.860	-1.638	4.139	-0.727	0.720	4.113	127.738235	37.884590
1595920857681	1595920857680	-14.310	-2.809	4.860	-0.333	0.731	4.468	127.738235	37.884590
1595920857701	1595920857699	-12.695	-3.473	4.910	0.062	0.563	4.528	127.738235	37.884590
1595920857720	1595920857719	-10.920	-3.593	4.072	0.194	0.299	4.348	127.738235	37.884590
1595920857754	1595920857740	-8.960	-3.703	2.932	-0.145	-0.018	3.963	127.738235	37.884590
1595920857761	1595920857759	-7.236	-3.468	2.148	-0.834	-0.261	3.502	127.738235	37.884590
1595920857781	1595920857780	-6.263	-2.852	1.473	-1.727	-0.404	3.002	127.738228	37.884575
1595920857799	1595920857797	-6.052	-2.598	0.491	-2.668	-0.530	2.451	127.738228	37.884575
1595920857818	1595920857817	-6.689	-2.802	-0.532	-3.201	-0.590	1.907	127.738228	37.884575
1595920857840	1595920857838	-7.839	-3.027	-0.803	-3.008	-0.539	1.464	127.738228	37.884575
1595920857865	1595920857862	-8.208	-3.205	-0.558	-2.342	-0.520	1.167	127.738228	37.884575
1595920857883	1595920857880	-7.923	-3.494	-0.477	-1.683	-0.514	0.966	127.738228	37.884575
1595920857900	1595920857897	-8.682	-3.854	-0.645	-1.238	-0.352	0.862	127.738228	37.884575
1595920857920	1595920857918	-10.290	-4.184	-0.381	-0.937	-0.150	0.887	127.738228	37.884575
1595920857939	1595920857937	-10.019	-4.637	0.409	-0.773	-0.154	0.935	127.738228	37.884575
1595920857962	1595920857961	-7.875	-4.412	0.776	-0.732	-0.208	0.908	127.738228	37.884575
1595920857982	1595920857977	-7.887	-4.045	1.032	-0.797	0.037	0.908	127.738228	37.884575
1595920858001	1595920858000	-12.094	-4.742	1.202	-0.978	0.403	0.889	127.738228	37.884575
1595920858020	1595920858020	-16.386	-6.012	1.485	-0.877	0.541	0.719	127.738228	37.884575
1595920858042	1595920858034	-16.774	-6.314	0.967	-0.297	0.286	0.311	127.738228	37.884575
1595920858060	1595920858060	-17.088	-5.444	-0.221	0.424	0.336	-0.173	127.738228	37.884575
1595920858083	1595920858077	-16.954	-5.133	-0.055	0.993	0.484	-0.768	127.738228	37.884575
1595920858097	1595920858094	-15.740	-4.869	0.043	1.634	0.545	-1.523	127.738228	37.884575
1595920858117	1595920858113	-15.534	-3.549	0.014	2.449	0.778	-2.274	127.738228	37.884575
1595920858137	1595920858133	-15.653	-2.299	0.309	2.945	0.910	-2.905	127.738228	37.884575
1595920858158	1595920858157	-14.211	-1.604	0.649	2.944	0.818	-3.355	127.738228	37.884575
1595920858176	1595920858175	-12.340	-1.523	0.805	2.621	0.733	-3.659	127.738228	37.884575
1595920858196	1595920858193	-11.112	-1.983	0.831	2.189	0.703	-3.877	127.738228	37.884575
1595920858216	1595920858213	-10.453	-2.232	0.627	1.854	0.713	-4.050	127.738228	37.884575
1595920858239	1595920858233	-9.904	-1.743	0.421	1.803	0.674	-4.166	127.738228	37.884575
1595920858263	1595920858262	-8.711	0.053	0.543	2.385	0.573	-4.072	127.738228	37.884575
1595920858275	1595920858272	-8.582	2.128	1.923	2.796	0.419	-3.712	127.738228	37.884575
1595920858295	1595920858292	-7.461	1.385	1.118	3.111	0.022	-3.454	127.738228	37.884575
1595920858315	1595920858313	-7.523	1.642	0.805	2.879	-0.045	-3.098	127.738228	37.884575
1595920858338	1595920858334	-8.843	3.215	0.843	1.781	-0.224	-2.608	127.738228	37.884575
1595920858355	1595920858355	-9.327	5.163	1.121	1.077	-0.551	-1.875	127.738228	37.884575
1595920858375	1595920858375	-8.814	5.951	1.212	0.883	-0.873	-1.211	127.738228	37.884575
1595920858396	1595920858392	-8.711	5.625	1.159	0.362	-1.053	-0.588	127.738228	37.884575
1595920858415	1595920858415	-8.524	4.468	1.399	-0.533	-1.199	0.028	127.738228	37.884575
1595920858435	1595920858431	-8.249	3.203	1.815	-1.246	-1.276	0.571	127.738228	37.884575
1595920858464	1595920858462	-9.619	2.502	1.806	-1.448	-1.223	1.016	127.738228	37.884575
1595920858481	1595920858472	-13.742	2.130	0.167	-1.660	-0.900	1.486	127.738228	37.884575
1595920858495	1595920858493	-16.695	0.964	-0.638	-2.282	-0.682	2.011	127.738228	37.884575
1595920858513	1595920858512	-16.741	-0.811	0.170	-2.745	-0.663	2.586	127.738228	37.884575
1595920858534	1595920858531	-17.431	-2.208	1.859	-2.535	-0.385	3.202	127.738228	37.884575
1595920858553	1595920858551	-18.375	-2.785	3.190	-1.988	-0.117	3.816	127.738228	37.884575
1595920858572	1595920858570	-17.393	-2.474	3.325	-1.526	-0.083	4.317	127.738228	37.884575
1595920858607	1595920858600	-16.104	-2.682	3.236	-1.249	-0.019	4.581	127.738228	37.884575
1595920858614	1595920858613	-14.829	-3.375	2.915	-1.002	-0.040	4.590	127.738228	37.884575
1595920858633	1595920858631	-12.628	-3.712	2.165	-0.707	-0.191	4.431	127.738228	37.884575
1595920858650	1595920858649	-10.362	-3.835	1.672	-0.478	-0.317	4.151	127.738228	37.884575
1595920858670	1595920858669	-8.716	-3.815	1.267	-0.380	-0.370	3.735	127.738228	37.884575
1595920858691	1595920858688	-7.336	-3.221	0.929	-0.413	-0.407	3.199	127.738228	37.884575
1595920858710	1595920858709	-6.606	-2.639	0.833	-0.679	-0.424	2.644	127.738228	37.884575
1595920858736	1595920858736	-6.812	-2.951	0.812	-1.103	-0.403	2.142	127.738213	37.884560
1595920858749	1595920858748	-7.161	-3.463	0.991	-1.346	-0.393	1.718	127.738213	37.884560
