1595920888560	1595920888558	-9.073	-2.668	1.418	-0.033	0.451	2.410	127.737930	37.884239
1595920888567	1595920888567	-9.159	-2.860	2.242	-0.114	0.383	2.104	127.737930	37.884239
1595920888586	1595920888585	-8.987	-2.886	2.790	-0.265	0.370	1.845	127.737930	37.884239
1595920888605	1595920888602	-9.586	-3.193	3.059	-0.556	0.422	1.640	127.737930	37.884239
1595920888639	1595920888633	-10.690	-3.514	3.128	-0.948	0.443	1.456	127.737930	37.884239
1595920888644	1595920888642	-11.052	-3.739	3.157	-1.400	0.386	1.250	127.737930	37.884239
1595920888664	1595920888662	-9.978	-3.916	2.920	-1.819	0.285	1.000	127.737930	37.884239
1595920888689	1595920888682	-9.418	-3.971	2.723	-2.111	0.297	0.670	127.737930	37.884239
1595920888704	1595920888704	-11.260	-4.529	2.584	-2.108	0.418	0.265	127.737930	37.884239
1595920888727	1595920888722	-13.442	-5.128	2.922	-1.654	0.463	-0.223	127.737930	37.884239
1595920888750	1595920888750	-12.309	-5.087	2.714	-0.892	0.187	-0.752	127.737923	37.884228
1595920888768	1595920888761	-12.728	-4.809	1.902	-0.019	0.210	-1.283	127.737923	37.884228
1595920888791	1595920888781	-15.807	-4.395	1.540	0.705	0.399	-1.848	127.737923	37.884228
1595920888803	1595920888801	-17.076	-3.954	1.526	1.337	0.224	-2.489	127.737923	37.884228
1595920888823	1595920888821	-16.854	-2.939	1.138	1.947	0.043	-3.146	127.737923	37.884228
1595920888843	1595920888841	-16.808	-1.604	0.663	2.294	-0.021	-3.719	127.737923	37.884228
1595920888862	1595920888861	-15.998	-0.838	0.546	2.227	-0.138	-4.106	127.737923	37.884228
1595920888883	1595920888881	-14.240	-0.958	0.845	1.940	-0.262	-4.305	127.737923	37.884228
1595920888903	1595920888900	-12.683	-1.377	1.018	1.707	-0.306	-4.418	127.737923	37.884228
1595920888925	1595920888921	-11.480	-1.403	0.917	1.604	-0.328	-4.434	127.737923	37.884228
1595920888944	1595920888941	-10.340	-1.152	0.795	1.512	-0.364	-4.352	127.737923	37.884228
1595920888961	1595920888960	-9.547	-0.780	0.785	1.388	-0.376	-4.172	127.737923	37.884228
1595920888982	1595920888980	-9.308	-0.344	0.908	1.349	-0.386	-3.920	127.737923	37.884228
1595920889002	1595920888999	-9.418	0.108	0.874	1.381	-0.400	-3.649	127.737923	37.884228
1595920889021	1595920889019	-9.195	0.923	0.570	1.338	-0.500	-3.356	127.737923	37.884228
1595920889042	1595920889039	-8.951	1.543	0.369	1.256	-0.560	-2.969	127.737923	37.884228
1595920889061	1595920889060	-8.783	1.656	0.455	1.115	-0.577	-2.546	127.737923	37.884228
1595920889082	1595920889079	-8.651	1.919	0.476	0.901	-0.595	-2.119	127.737923	37.884228
1595920889107	1595920889099	-8.893	2.324	0.567	0.625	-0.563	-1.650	127.737923	37.884228
1595920889121	1595920889121	-9.413	2.080	0.869	0.417	-0.491	-1.067	127.737923	37.884228
1595920889142	1595920889138	-9.008	1.797	1.221	0.383	-0.506	-0.480	127.737923	37.884228
1595920889160	1595920889158	-8.057	1.656	1.693	0.534	-0.497	0.010	127.737923	37.884228
1595920889181	1595920889178	-8.122	1.275	2.081	0.737	-0.382	0.433	127.737923	37.884228
1595920889201	1595920889198	-9.820	0.961	1.684	0.764	-0.206	0.848	127.737923	37.884228
1595920889220	1595920889218	-12.206	0.901	0.519	0.324	-0.007	1.298	127.737923	37.884228
1595920889241	1595920889238	-14.959	0.509	0.258	-0.532	0.310	1.869	127.737923	37.884228
1595920889260	1595920889259	-17.026	-0.519	1.473	-1.230	0.546	2.584	127.737923	37.884228
1595920889281	1595920889278	-16.976	-0.946	2.426	-1.556	0.597	3.224	127.737923	37.884228
1595920889302	1595920889300	-16.410	-1.125	2.920	-1.856	0.794	3.667	127.737923	37.884228
1595920889321	1595920889321	-15.697	-1.777	3.277	-2.176	0.885	3.915	127.737923	37.884228
1595920889342	1595920889339	-14.211	-2.309	3.368	-2.240	0.796	3.983	127.737923	37.884228
1595920889360	1595920889359	-12.273	-2.452	3.073	-1.971	0.660	3.898	127.737923	37.884228
1595920889381	1595920889379	-10.383	-2.579	2.570	-1.518	0.516	3.731	127.737923	37.884228
1595920889401	1595920889400	-8.872	-2.816	2.153	-1.037	0.382	3.527	127.737923	37.884228
1595920889426	1595920889421	-8.124	-2.764	1.799	-0.695	0.312	3.300	127.737923	37.884228
1595920889442	1595920889439	-7.787	-2.352	1.569	-0.702	0.230	2.984	127.737923	37.884228
1595920889463	1595920889463	-7.485	-2.158	1.437	-1.018	0.099	2.640	127.737923	37.884228
1595920889484	1595920889482	-7.899	-2.352	1.439	-1.369	0.055	2.354	127.737923	37.884228
1595920889504	1595920889502	-9.080	-2.764	1.724	-1.539	0.078	2.167	127.737923	37.884228
1595920889524	1595920889524	-9.734	-3.042	1.981	-1.516	0.055	2.059	127.737923	37.884228
1595920889542	1595920889539	-9.437	-3.056	2.194	-1.484	0.014	2.004	127.737923	37.884228
1595920889559	1595920889559	-9.372	-3.593	2.560	-1.449	-0.007	2.011	127.737923	37.884228
1595920889580	1595920889580	-9.818	-4.211	2.572	-1.281	-0.005	2.038	127.737923	37.884228
1595920889600	1595920889599	-10.249	-4.488	2.450	-1.056	-0.025	2.023	127.737923	37.884228
1595920889620	1595920889619	-9.935	-4.661	2.651	-1.013	-0.091	1.914	127.737923	37.884228
1595920889640	1595920889638	-9.356	-5.073	2.819	-1.198	-0.165	1.656	127.737923	37.884228
1595920889660	1595920889658	-10.824	-5.586	2.493	-1.431	-0.073	1.231	127.737923	37.884228
1595920889681	1595920889678	-13.711	-5.796	2.266	-1.579	0.107	0.617	127.737923	37.884228
1595920889701	1595920889701	-13.169	-5.485	2.683	-1.558	-0.097	-0.078	127.737923	37.884228
1595920889730	1595920889717	-12.520	-5.475	2.132	-1.133	-0.195	-0.772	127.737923	37.884228
1595920889768	1595920889766	-14.916	-5.025	1.066	-0.419	0.162	-1.507	127.737915	37.884220
1595920889771	1595920889771	-15.994	-4.189	0.987	0.160	0.221	-2.270	127.737915	37.884220
1595920889778	1595920889776	-15.634	-3.758	0.749	0.608	0.178	-3.011	127.737915	37.884220
1595920889799	1595920889798	-16.588	-3.209	-0.000	1.080	0.374	-3.659	127.737915	37.884220
1595920889822	1595920889821	-17.088	-2.486	-0.420	1.432	0.486	-4.122	127.737915	37.884220
1595920889839	1595920889839	-15.555	-2.127	-0.317	1.654	0.440	-4.398	127.737915	37.884220
1595920889858	1595920889858	-13.687	-1.964	-0.024	1.851	0.460	-4.566	127.737915	37.884220
1595920889886	1595920889878	-12.276	-1.746	0.237	1.982	0.502	-4.637	127.737915	37.884220
1595920889899	1595920889895	-11.090	-1.607	0.428	2.027	0.485	-4.646	127.737915	37.884220
1595920889924	1595920889924	-10.280	-1.329	0.634	2.058	0.460	-4.615	127.737915	37.884220
1595920889938	1595920889935	-9.715	-0.500	0.781	2.176	0.406	-4.488	127.737915	37.884220
1595920889961	1595920889958	-8.757	0.434	0.687	2.434	0.247	-4.193	127.737915	37.884220
1595920889978	1595920889974	-8.084	1.340	0.644	2.735	0.141	-3.770	127.737915	37.884220
1595920890003	1595920890001	-8.596	1.795	1.080	2.923	0.136	-3.225	127.737915	37.884220
1595920890020	1595920890013	-9.427	2.092	1.480	2.863	0.016	-2.690	127.737915	37.884220
1595920890039	1595920890035	-9.691	2.784	1.667	2.588	-0.181	-2.124	127.737915	37.884220
1595920890056	1595920890053	-9.950	3.342	1.820	2.107	-0.338	-1.507	127.737915	37.884220
1595920890079	1595920890079	-10.237	3.522	1.787	1.456	-0.444	-0.900	127.737915	37.884220
1595920890098	1595920890093	-9.866	3.491	1.746	0.705	-0.545	-0.397	127.737915	37.884220
1595920890116	1595920890116	-8.857	3.026	2.038	-0.125	-0.608	0.010	127.737915	37.884220
1595920890135	1595920890133	-8.632	2.001	2.431	-0.826	-0.561	0.390	127.737915	37.884220
1595920890154	1595920890153	-10.611	0.983	2.112	-1.248	-0.339	0.837	127.737915	37.884220
1595920890173	1595920890173	-12.779	0.374	1.439	-1.589	-0.168	1.365	127.737915	37.884220
1595920890196	1595920890192	-13.045	-0.133	1.336	-1.979	-0.139	1.933	127.737915	37.884220
1595920890215	1595920890212	-14.039	-0.929	1.799	-2.272	0.056	2.516	127.737915	37.884220
1595920890237	1595920890232	-15.409	-1.736	2.599	-2.322	0.276	3.101	127.737915	37.884220
1595920890264	1595920890259	-15.713	-2.400	3.270	-2.390	0.316	3.487	127.737915	37.884220
1595920890278	1595920890272	-15.495	-3.063	3.591	-2.434	0.327	3.727	127.737915	37.884220
1595920890294	1595920890292	-14.147	-3.226	3.559	-2.239	0.253	3.856	127.737915	37.884220
1595920890314	1595920890312	-12.479	-3.140	3.114	-1.886	0.158	3.858	127.737915	37.884220
1595920890338	1595920890335	-11.119	-3.346	2.666	-1.565	0.034	3.780	127.737915	37.884220
1595920890353	1595920890352	-9.828	-3.643	2.366	-1.286	-0.115	3.644	127.737915	37.884220
1595920890377	1595920890374	-8.900	-3.415	2.041	-1.095	-0.203	3.456	127.737915	37.884220
1595920890393	1595920890391	-8.364	-2.948	1.698	-1.195	-0.265	3.238	127.737915	37.884220
1595920890421	1595920890418	-8.012	-2.972	1.459	-1.594	-0.345	3.031	127.737915	37.884220
1595920890438	1595920890432	-8.460	-3.430	1.293	-1.953	-0.380	2.882	127.737915	37.884220
1595920890458	1595920890453	-9.250	-3.878	1.293	-2.006	-0.404	2.784	127.737915	37.884220
1595920890473	1595920890470	-9.272	-4.230	1.367	-1.848	-0.496	2.688	127.737915	37.884220
1595920890494	1595920890492	-8.898	-4.589	1.346	-1.636	-0.551	2.550	127.737915	37.884220
1595920890512	1595920890510	-8.659	-4.905	1.272	-1.392	-0.547	2.379	127.737915	37.884220
1595920890533	1595920890530	-8.898	-5.245	1.245	-1.155	-0.513	2.181	127.737915	37.884220
1595920890553	1595920890551	-10.069	-5.823	1.329	-0.982	-0.413	1.934	127.737915	37.884220
1595920890571	1595920890571	-9.966	-6.110	1.562	-0.943	-0.394	1.567	127.737915	37.884220
1595920890591	1595920890589	-8.381	-5.875	1.518	-1.124	-0.397	1.083	127.737915	37.884220
1595920890616	1595920890615	-9.245	-5.763	1.159	-1.480	-0.132	0.556	127.737915	37.884220
1595920890637	1595920890629	-13.296	-5.931	0.663	-1.855	0.288	-0.009	127.737915	37.884220
1595920890649	1595920890648	-14.398	-6.206	1.626	-1.966	0.414	-0.620	127.737915	37.884220
1595920890673	1595920890668	-11.639	-6.098	1.686	-1.580	0.290	-1.234	127.737915	37.884220
1595920890691	1595920890689	-12.170	-5.593	0.611	-0.694	0.706	-1.790	127.737915	37.884220
1595920890712	1595920890712	-15.383	-5.181	0.076	0.190	1.129	-2.308	127.737915	37.884220
1595920890745	1595920890740	-17.285	-5.109	0.012	0.996	1.307	-2.848	127.737915	37.884220
1595920890755	1595920890755	-17.625	-4.354	-0.139	1.842	1.394	-3.400	127.737900	37.884212
1595920890772	1595920890772	-17.388	-3.209	-0.345	2.586	1.451	-3.854	127.737900	37.884212
1595920890797	1595920890795	-16.597	-2.426	-0.295	3.065	1.446	-4.162	127.737900	37.884212
1595920890817	1595920890814	-15.021	-2.007	0.048	3.332	1.346	-4.348	127.737900	37.884212
1595920890835	1595920890834	-13.126	-1.264	0.210	3.466	1.182	-4.400	127.737900	37.884212
1595920890848	1595920890848	-11.234	-0.505	0.390	3.449	0.968	-4.305	127.737900	37.884212
1595920890871	1595920890870	-9.763	-0.179	0.575	3.397	0.768	-4.065	127.737900	37.884212
1595920890889	1595920890887	-8.829	0.025	0.510	3.405	0.608	-3.754	127.737900	37.884212
1595920890911	1595920890911	-8.364	0.501	0.378	3.259	0.512	-3.479	127.737900	37.884212
1595920890930	1595920890929	-8.019	1.208	0.254	2.934	0.422	-3.158	127.737900	37.884212
1595920890954	1595920890952	-8.155	1.716	0.639	2.732	0.366	-2.705	127.737900	37.884212
1595920890971	1595920890970	-8.872	1.812	1.315	2.624	0.296	-2.212	127.737900	37.884212
1595920890990	1595920890987	-9.447	1.967	1.526	2.434	0.153	-1.717	127.737900	37.884212
1595920891007	1595920891006	-9.576	2.205	1.562	2.066	-0.027	-1.245	127.737900	37.884212
1595920891034	1595920891027	-9.880	2.013	1.686	1.584	-0.158	-0.791	127.737900	37.884212
1595920891048	1595920891046	-10.304	1.989	1.653	1.062	-0.257	-0.418	127.737900	37.884212
1595920891072	1595920891072	-10.139	2.078	1.516	0.500	-0.338	-0.093	127.737900	37.884212
1595920891088	1595920891086	-9.183	1.586	1.811	-0.037	-0.379	0.230	127.737900	37.884212
1595920891107	1595920891106	-8.759	0.710	2.548	-0.320	-0.331	0.540	127.737900	37.884212
1595920891130	1595920891128	-10.271	0.250	2.805	-0.290	-0.153	0.905	127.737900	37.884212
1595920891148	1595920891145	-11.583	0.326	2.031	-0.388	-0.018	1.339	127.737900	37.884212
1595920891170	1595920891165	-11.212	0.226	1.473	-0.850	0.039	1.801	127.737900	37.884212
1595920891187	1595920891185	-12.786	-0.656	1.945	-1.350	0.333	2.298	127.737900	37.884212
1595920891207	1595920891204	-14.930	-1.451	2.735	-1.549	0.550	2.835	127.737900	37.884212
1595920891227	1595920891225	-14.884	-1.365	2.680	-1.662	0.515	3.240	127.737900	37.884212
1595920891246	1595920891244	-14.580	-1.532	2.268	-1.881	0.579	3.473	127.737900	37.884212
1595920891268	1595920891268	-14.484	-2.215	2.371	-2.067	0.640	3.593	127.737900	37.884212
1595920891285	1595920891284	-13.061	-2.615	2.654	-2.121	0.552	3.579	127.737900	37.884212
1595920891307	1595920891306	-10.953	-2.773	2.671	-2.019	0.441	3.452	127.737900	37.884212
1595920891329	1595920891328	-9.334	-2.994	2.433	-1.757	0.371	3.282	127.737900	37.884212
1595920891346	1595920891343	-8.244	-3.063	2.077	-1.416	0.312	3.071	127.737900	37.884212
1595920891374	1595920891368	-7.494	-2.941	1.775	-1.144	0.246	2.825	127.737900	37.884212
1595920891390	1595920891384	-7.188	-2.951	1.423	-1.010	0.195	2.598	127.737900	37.884212
1595920891404	1595920891404	-7.454	-3.061	1.126	-0.949	0.189	2.411	127.737900	37.884212
1595920891427	1595920891424	-8.134	-3.238	1.171	-0.849	0.194	2.261	127.737900	37.884212
1595920891445	1595920891443	-8.917	-3.617	1.540	-0.624	0.189	2.143	127.737900	37.884212
1595920891466	1595920891464	-9.111	-3.763	1.808	-0.320	0.162	2.049	127.737900	37.884212
1595920891488	1595920891483	-9.095	-3.585	2.050	-0.171	0.165	1.956	127.737900	37.884212
1595920891508	1595920891503	-9.820	-3.741	2.110	-0.256	0.215	1.856	127.737900	37.884212
1595920891528	1595920891526	-10.999	-4.208	2.371	-0.413	0.263	1.761	127.737900	37.884212
1595920891543	1595920891542	-10.573	-4.481	2.754	-0.640	0.170	1.569	127.737900	37.884212
1595920891573	1595920891567	-9.729	-4.599	2.714	-0.970	0.109	1.240	127.737900	37.884212
1595920891586	1595920891582	-12.019	-4.951	2.105	-1.297	0.307	0.793	127.737900	37.884212
1595920891603	1595920891602	-16.001	-5.222	2.208	-1.457	0.540	0.214	127.737900	37.884212
1595920891624	1595920891621	-14.360	-4.795	3.480	-1.369	0.219	-0.426	127.737900	37.884212
1595920891643	1595920891642	-10.673	-4.412	2.582	-0.972	-0.084	-1.059	127.737900	37.884212
1595920891664	1595920891664	-13.059	-4.465	1.118	-0.271	0.357	-1.741	127.737900	37.884212
1595920891683	1595920891681	-17.021	-4.407	0.989	0.367	0.516	-2.370	127.737900	37.884212
1595920891707	1595920891701	-17.297	-3.875	0.939	0.876	0.297	-2.985	127.737900	37.884212
1595920891727	1595920891722	-16.722	-2.939	0.462	1.346	0.234	-3.584	127.737900	37.884212
1595920891754	1595920891754	-16.523	-2.201	0.124	1.695	0.296	-4.039	127.737900	37.884212
1595920891767	1595920891761	-15.268	-1.877	0.239	1.966	0.293	-4.282	127.737900	37.884212
1595920891781	1595920891780	-13.569	-1.676	0.376	2.192	0.293	-4.391	127.737900	37.884201
1595920891801	1595920891799	-11.864	-1.336	0.567	2.384	0.259	-4.395	127.737900	37.884201
1595920891822	1595920891820	-10.172	-0.663	0.718	2.482	0.174	-4.252	127.737900	37.884201
1595920891842	1595920891840	-8.639	-0.454	0.634	2.436	0.082	-3.995	127.737900	37.884201
1595920891865	1595920891860	-7.422	-0.359	0.337	2.383	0.042	-3.737	127.737900	37.884201
1595920891884	1595920891883	-6.994	0.116	0.179	2.351	0.051	-3.423	127.737900	37.884201
1595920891901	1595920891901	-7.279	0.707	0.129	2.211	0.073	-3.082	127.737900	37.884201
1595920891930	1595920891930	-7.475	1.184	0.155	1.943	0.030	-2.731	127.737900	37.884201
1595920891942	1595920891940	-7.521	1.170	0.455	1.629	-0.020	-2.305	127.737900	37.884201
1595920891974	1595920891967	-8.158	0.956	0.960	1.427	-0.021	-1.792	127.737900	37.884201
1595920891984	1595920891981	-9.080	0.889	1.298	1.237	-0.051	-1.308	127.737900	37.884201
1595920892002	1595920892001	-10.069	0.906	1.480	0.919	-0.125	-0.851	127.737900	37.884201
1595920892021	1595920892020	-10.747	0.873	1.638	0.506	-0.243	-0.432	127.737900	37.884201
1595920892042	1595920892040	-10.537	0.774	1.516	0.060	-0.387	-0.077	127.737900	37.884201
1595920892067	1595920892060	-9.919	0.659	1.533	-0.314	-0.457	0.241	127.737900	37.884201
1595920892082	1595920892082	-10.611	0.386	1.653	-0.609	-0.415	0.536	127.737900	37.884201
1595920892103	1595920892101	-11.916	0.056	1.454	-0.888	-0.343	0.887	127.737900	37.884201
1595920892125	1595920892123	-12.106	-0.215	1.140	-1.216	-0.354	1.269	127.737900	37.884201
1595920892142	1595920892139	-12.309	-0.728	1.310	-1.538	-0.253	1.692	127.737900	37.884201
1595920892164	1595920892163	-13.493	-1.305	1.641	-1.739	-0.074	2.163	127.737900	37.884201
1595920892181	1595920892179	-14.420	-1.638	1.763	-1.844	0.088	2.655	127.737900	37.884201
1595920892201	1595920892199	-13.926	-1.698	1.823	-1.886	0.129	3.029	127.737900	37.884201
1595920892221	1595920892220	-13.838	-1.947	2.266	-1.865	0.257	3.294	127.737900	37.884201
1595920892242	1595920892239	-13.488	-2.414	2.711	-1.799	0.291	3.479	127.737900	37.884201
1595920892263	1595920892259	-11.698	-2.567	2.707	-1.718	0.170	3.559	127.737900	37.884201
1595920892284	1595920892279	-9.856	-2.524	2.426	-1.613	0.074	3.552	127.737900	37.884201
1595920892303	1595920892297	-8.620	-2.752	2.196	-1.451	0.008	3.491	127.737900	37.884201
1595920892329	1595920892323	-8.189	-2.927	2.002	-1.227	-0.038	3.396	127.737900	37.884201
1595920892340	1595920892337	-8.371	-2.807	1.684	-1.085	-0.089	3.265	127.737900	37.884201
1595920892359	1595920892357	-8.587	-2.706	1.387	-1.160	-0.183	3.124	127.737900	37.884201
1595920892379	1595920892377	-8.711	-2.996	1.221	-1.354	-0.280	2.997	127.737900	37.884201
1595920892399	1595920892398	-9.159	-3.406	1.243	-1.459	-0.303	2.867	127.737900	37.884201
1595920892421	1595920892418	-9.547	-3.669	1.626	-1.439	-0.303	2.711	127.737900	37.884201
1595920892438	1595920892437	-9.526	-3.885	1.851	-1.420	-0.302	2.521	127.737900	37.884201
1595920892463	1595920892462	-9.485	-4.081	2.009	-1.506	-0.250	2.282	127.737900	37.884201
1595920892480	1595920892476	-9.590	-4.527	2.199	-1.677	-0.213	1.986	127.737900	37.884201
1595920892500	1595920892498	-10.002	-4.889	2.196	-1.814	-0.169	1.623	127.737900	37.884201
1595920892524	1595920892516	-10.069	-5.018	2.077	-1.848	-0.154	1.229	127.737900	37.884201
1595920892537	1595920892534	-9.919	-5.111	2.024	-1.894	-0.148	0.830	127.737900	37.884201
1595920892557	1595920892555	-11.787	-5.715	1.669	-1.887	-0.009	0.416	127.737900	37.884201
1595920892580	1595920892579	-14.516	-6.211	1.823	-1.547	0.186	0.016	127.737900	37.884201
1595920892597	1595920892596	-13.390	-6.177	1.926	-0.938	0.025	-0.421	127.737900	37.884201
1595920892616	1595920892613	-12.264	-5.538	0.864	-0.154	0.087	-0.916	127.737900	37.884201
1595920892637	1595920892634	-14.631	-4.879	0.455	0.586	0.492	-1.468	127.737900	37.884201
1595920892664	1595920892657	-15.800	-4.179	0.615	1.074	0.608	-2.090	127.737900	37.884201
1595920892680	1595920892673	-15.893	-3.456	0.620	1.406	0.696	-2.774	127.737900	37.884201
1595920892696	1595920892693	-16.271	-2.943	0.472	1.636	0.847	-3.396	127.737900	37.884201
1595920892716	1595920892713	-15.742	-2.527	0.153	1.877	0.908	-3.839	127.737900	37.884201
1595920892738	1595920892738	-14.381	-2.304	-0.003	2.163	0.929	-4.101	127.737892	37.884186
1595920892755	1595920892752	-12.688	-1.873	-0.111	2.377	0.908	-4.255	127.737892	37.884186
1595920892774	1595920892772	-10.956	-1.243	-0.211	2.463	0.831	-4.287	127.737892	37.884186
1595920892794	1595920892792	-9.437	-0.946	-0.170	2.480	0.762	-4.181	127.737892	37.884186
1595920892815	1595920892815	-8.476	-0.862	0.076	2.521	0.721	-3.970	127.737892	37.884186
1595920892837	1595920892834	-8.393	-0.476	0.325	2.663	0.694	-3.685	127.737892	37.884186
1595920892860	1595920892855	-8.239	-0.074	0.304	2.722	0.588	-3.374	127.737892	37.884186
1595920892878	1595920892877	-7.650	0.293	0.098	2.540	0.448	-3.106	127.737892	37.884186
1595920892893	1595920892891	-7.779	0.664	0.268	2.218	0.410	-2.802	127.737892	37.884186
1595920892916	1595920892914	-8.579	0.798	0.733	1.959	0.392	-2.376	127.737892	37.884186
1595920892933	1595920892930	-9.638	0.717	1.255	1.874	0.326	-1.899	127.737892	37.884186
1595920892958	1595920892953	-10.446	1.021	1.425	1.759	0.182	-1.459	127.737892	37.884186
1595920892973	1595920892970	-10.537	1.586	1.449	1.439	0.018	-1.020	127.737892	37.884186
1595920892997	1595920892995	-10.225	1.946	1.643	0.895	-0.102	-0.584	127.737892	37.884186
1595920893012	1595920893010	-10.007	1.646	2.091	0.337	-0.155	-0.171	127.737892	37.884186
1595920893032	1595920893029	-9.713	1.182	2.604	-0.019	-0.256	0.188	127.737892	37.884186
1595920893052	1595920893051	-10.414	0.925	2.577	-0.273	-0.303	0.545	127.737892	37.884186
1595920893072	1595920893070	-11.658	0.897	1.827	-0.732	-0.301	0.925	127.737892	37.884186
1595920893092	1595920893089	-11.782	0.650	1.173	-1.498	-0.346	1.308	127.737892	37.884186
1595920893116	1595920893109	-12.539	-0.481	1.298	-2.221	-0.262	1.699	127.737892	37.884186
1595920893137	1595920893129	-15.280	-1.976	1.926	-2.434	-0.026	2.195	127.737892	37.884186
1595920893150	1595920893149	-16.425	-2.407	2.436	-2.166	-0.040	2.706	127.737892	37.884186
1595920893170	1595920893169	-14.896	-1.940	2.565	-1.905	-0.162	3.024	127.737892	37.884186
1595920893193	1595920893193	-13.850	-2.062	2.721	-1.899	-0.083	3.201	127.737892	37.884186
1595920893212	1595920893210	-13.090	-2.661	2.671	-2.004	-0.057	3.299	127.737892	37.884186
1595920893231	1595920893228	-11.147	-2.857	2.295	-2.035	-0.188	3.282	127.737892	37.884186
1595920893252	1595920893248	-9.226	-2.893	1.904	-1.908	-0.279	3.157	127.737892	37.884186
1595920893271	1595920893269	-8.127	-3.111	1.569	-1.582	-0.312	3.018	127.737892	37.884186
1595920893291	1595920893288	-7.518	-3.068	1.202	-1.207	-0.367	2.869	127.737892	37.884186
1595920893314	1595920893308	-7.204	-2.804	0.900	-1.036	-0.419	2.692	127.737892	37.884186
1595920893334	1595920893331	-7.200	-2.766	0.788	-1.075	-0.440	2.545	127.737892	37.884186
1595920893351	1595920893350	-7.679	-2.991	0.745	-1.095	-0.428	2.444	127.737892	37.884186
1595920893374	1595920893374	-8.656	-3.389	0.936	-0.944	-0.404	2.373	127.737892	37.884186
1595920893391	1595920893390	-9.209	-3.732	1.298	-0.713	-0.412	2.331	127.737892	37.884186
1595920893418	1595920893413	-8.706	-4.098	1.629	-0.509	-0.467	2.305	127.737892	37.884186
1595920893431	1595920893428	-8.821	-4.441	1.885	-0.331	-0.424	2.279	127.737892	37.884186
1595920893452	1595920893449	-10.510	-4.948	2.019	-0.204	-0.271	2.231	127.737892	37.884186
1595920893469	1595920893468	-11.320	-5.444	2.129	-0.179	-0.251	2.079	127.737892	37.884186
1595920893492	1595920893491	-10.311	-5.461	1.974	-0.318	-0.320	1.714	127.737892	37.884186
1595920893512	1595920893506	-9.825	-5.413	1.993	-0.645	-0.214	1.193	127.737892	37.884186
1595920893530	1595920893528	-11.385	-5.449	1.744	-1.102	0.004	0.568	127.737892	37.884186
1595920893551	1595920893551	-14.089	-5.303	1.832	-1.411	0.269	-0.086	127.737892	37.884186
1595920893568	1595920893566	-12.585	-5.147	2.501	-1.386	0.114	-0.704	127.737892	37.884186
1595920893597	1595920893596	-11.533	-5.236	1.454	-0.922	0.135	-1.278	127.737892	37.884186
1595920893612	1595920893606	-14.963	-5.334	0.170	-0.077	0.581	-1.757	127.737892	37.884186
1595920893627	1595920893626	-16.868	-4.726	-0.199	0.711	0.643	-2.216	127.737892	37.884186
1595920893647	1595920893646	-16.128	-3.837	-0.472	1.307	0.580	-2.770	127.737892	37.884186
1595920893667	1595920893665	-15.668	-2.900	-0.908	1.829	0.725	-3.292	127.737892	37.884186
1595920893687	1595920893685	-15.356	-2.220	-0.853	2.199	0.877	-3.677	127.737892	37.884186
1595920893708	1595920893708	-14.207	-2.091	-0.487	2.406	0.936	-3.910	127.737892	37.884186
1595920893727	1595920893727	-12.870	-2.007	-0.175	2.643	0.961	-4.017	127.737892	37.884186
1595920893747	1595920893747	-11.780	-1.513	0.069	2.861	0.936	-4.023	127.737892	37.884186
1595920893775	1595920893774	-10.417	-0.910	0.213	2.883	0.791	-3.949	127.737885	37.884174
1595920893786	1595920893786	-8.908	-0.670	0.187	2.787	0.596	-3.817	127.737885	37.884174
1595920893819	1595920893805	-7.945	-0.577	0.110	2.732	0.475	-3.618	127.737885	37.884174
1595920893828	1595920893826	-8.127	-0.213	0.172	2.748	0.445	-3.358	127.737885	37.884174
1595920893846	1595920893845	-9.011	0.348	0.407	2.766	0.382	-3.058	127.737885	37.884174
1595920893867	1595920893865	-9.490	0.664	0.651	2.715	0.201	-2.709	127.737885	37.884174
1595920893888	1595920893886	-9.279	1.019	0.776	2.654	-0.020	-2.329	127.737885	37.884174
1595920893908	1595920893906	-9.171	1.788	1.018	2.538	-0.195	-1.930	127.737885	37.884174
1595920893927	1595920893924	-9.739	2.176	1.329	2.228	-0.299	-1.472	127.737885	37.884174
1595920893952	1595920893946	-10.295	2.181	1.418	1.723	-0.378	-1.020	127.737885	37.884174
1595920893971	1595920893965	-9.954	2.389	1.447	1.104	-0.453	-0.618	127.737885	37.884174
1595920893986	1595920893984	-9.456	2.109	1.710	0.448	-0.438	-0.234	127.737885	37.884174
1595920894004	1595920894004	-9.387	1.469	2.108	-0.017	-0.352	0.185	127.737885	37.884174
1595920894026	1595920894024	-9.969	1.031	2.120	-0.185	-0.256	0.610	127.737885	37.884174
1595920894045	1595920894044	-11.478	0.647	1.964	-0.319	-0.110	1.049	127.737885	37.884174
1595920894067	1595920894067	-12.146	0.384	1.540	-0.653	-0.069	1.502	127.737885	37.884174
1595920894087	1595920894086	-13.385	-0.208	1.605	-1.198	0.098	1.957	127.737885	37.884174
1595920894105	1595920894105	-15.701	-1.101	2.146	-1.647	0.338	2.491	127.737885	37.884174
1595920894125	1595920894123	-16.183	-1.216	2.429	-1.894	0.393	2.962	127.737885	37.884174
1595920894149	1595920894146	-15.004	-1.473	2.754	-2.121	0.409	3.224	127.737885	37.884174
1595920894168	1595920894162	-14.264	-2.115	3.054	-2.289	0.480	3.357	127.737885	37.884174
1595920894184	1595920894182	-13.045	-2.471	3.037	-2.314	0.443	3.412	127.737885	37.884174
1595920894205	1595920894204	-10.695	-2.685	2.798	-2.203	0.258	3.371	127.737885	37.884174
1595920894224	1595920894222	-8.853	-3.262	2.680	-1.845	0.126	3.288	127.737885	37.884174
1595920894243	1595920894243	-8.115	-3.528	2.572	-1.218	0.073	3.225	127.737885	37.884174
1595920894264	1595920894262	-7.916	-3.090	2.307	-0.708	0.005	3.126	127.737885	37.884174
1595920894284	1595920894281	-7.779	-2.761	2.000	-0.722	-0.119	2.963	127.737885	37.884174
1595920894309	1595920894301	-7.806	-2.879	1.832	-1.102	-0.219	2.796	127.737885	37.884174
1595920894326	1595920894326	-8.512	-3.195	1.911	-1.502	-0.250	2.660	127.737885	37.884174
1595920894344	1595920894341	-9.159	-3.650	1.856	-1.770	-0.306	2.512	127.737885	37.884174
1595920894367	1595920894361	-8.898	-3.851	1.602	-1.937	-0.408	2.320	127.737885	37.884174
1595920894383	1595920894381	-8.802	-4.158	1.595	-2.037	-0.435	2.102	127.737885	37.884174
1595920894404	1595920894404	-9.025	-4.613	1.633	-2.038	-0.433	1.850	127.737885	37.884174
1595920894422	1595920894422	-9.504	-5.027	1.653	-1.952	-0.404	1.557	127.737885	37.884174
1595920894441	1595920894439	-9.665	-5.226	1.705	-1.825	-0.346	1.229	127.737885	37.884174
1595920894463	1595920894461	-9.368	-5.183	1.643	-1.737	-0.273	0.876	127.737885	37.884174
1595920894484	1595920894481	-9.672	-5.150	1.643	-1.731	-0.101	0.506	127.737885	37.884174
1595920894511	1595920894501	-11.591	-5.353	1.346	-1.709	0.120	0.120	127.737885	37.884174
1595920894528	1595920894525	-14.262	-5.497	1.401	-1.563	0.405	-0.294	127.737885	37.884174
1595920894542	1595920894542	-12.803	-5.559	1.866	-1.268	0.279	-0.743	127.737885	37.884174
1595920894567	1595920894560	-11.152	-5.780	1.296	-0.525	0.313	-1.147	127.737885	37.884174
1595920894583	1595920894580	-13.610	-5.269	0.469	0.509	0.702	-1.495	127.737885	37.884174
1595920894601	1595920894600	-16.382	-4.520	0.436	1.284	0.899	-1.869	127.737885	37.884174
1595920894620	1595920894620	-16.425	-4.019	0.512	1.737	0.884	-2.354	127.737885	37.884174
1595920894644	1595920894640	-15.526	-3.190	0.187	2.064	0.918	-2.867	127.737885	37.884174
1595920894663	1595920894660	-14.750	-2.460	-0.223	2.215	1.020	-3.286	127.737885	37.884174
1595920894681	1595920894679	-13.624	-2.404	-0.237	2.290	1.081	-3.562	127.737885	37.884174
1595920894702	1595920894702	-12.278	-2.347	-0.084	2.501	1.107	-3.735	127.737885	37.884174
1595920894722	1595920894722	-11.325	-1.822	0.062	2.823	1.109	-3.819	127.737885	37.884174
1595920894743	1595920894743	-10.405	-1.130	0.258	3.123	1.017	-3.804	127.737877	37.884163
1595920894761	1595920894759	-9.169	-0.464	0.395	3.395	0.845	-3.677	127.737877	37.884163
1595920894783	1595920894780	-7.906	0.022	0.299	3.557	0.673	-3.486	127.737877	37.884163
1595920894803	1595920894803	-7.691	0.303	0.313	3.472	0.601	-3.262	127.737877	37.884163
1595920894821	1595920894820	-8.992	0.544	0.615	3.245	0.601	-2.987	127.737877	37.884163
1595920894843	1595920894839	-9.859	1.335	1.075	3.026	0.451	-2.626	127.737877	37.884163
1595920894861	1595920894861	-9.418	2.298	1.363	2.726	0.170	-2.247	127.737877	37.884163
1595920894882	1595920894882	-9.198	2.617	1.533	2.303	0.010	-1.834	127.737877	37.884163
1595920894908	1595920894907	-10.091	2.636	1.765	1.934	-0.061	-1.331	127.737877	37.884163
1595920894926	1595920894919	-10.860	2.906	1.873	1.452	-0.165	-0.846	127.737877	37.884163
1595920894941	1595920894940	-10.364	3.249	1.732	0.756	-0.337	-0.426	127.737877	37.884163
1595920894962	1595920894960	-9.854	2.916	1.885	0.023	-0.414	-0.040	127.737877	37.884163
1595920894981	1595920894979	-9.897	1.965	2.165	-0.517	-0.432	0.341	127.737877	37.884163
1595920895001	1595920895001	-11.200	1.287	2.084	-0.819	-0.379	0.763	127.737877	37.884163
1595920895022	1595920895022	-12.702	0.961	1.473	-1.154	-0.287	1.217	127.737877	37.884163
1595920895041	1595920895041	-12.475	0.425	1.102	-1.636	-0.264	1.661	127.737877	37.884163
1595920895063	1595920895059	-12.884	-0.454	1.269	-2.086	-0.100	2.072	127.737877	37.884163
1595920895079	1595920895077	-15.371	-1.458	2.105	-2.231	0.210	2.526	127.737877	37.884163
1595920895101	1595920895101	-15.608	-1.818	2.534	-2.082	0.145	2.894	127.737877	37.884163
1595920895118	1595920895116	-13.874	-1.772	2.422	-1.943	0.043	3.061	127.737877	37.884163
1595920895137	1595920895135	-12.999	-2.196	2.405	-1.901	0.119	3.126	127.737877	37.884163
1595920895158	1595920895154	-12.197	-2.570	2.256	-1.809	0.124	3.131	127.737877	37.884163
1595920895178	1595920895174	-10.544	-2.543	1.918	-1.655	0.033	3.057	127.737877	37.884163
1595920895202	1595920895194	-9.097	-2.704	1.830	-1.425	-0.023	2.951	127.737877	37.884163
1595920895222	1595920895215	-8.258	-2.987	1.981	-1.085	-0.050	2.869	127.737877	37.884163
1595920895241	1595920895234	-7.789	-2.766	1.806	-0.857	-0.089	2.766	127.737877	37.884163
1595920895261	1595920895255	-7.669	-2.385	1.542	-0.990	-0.120	2.649	127.737877	37.884163
1595920895277	1595920895273	-7.770	-2.531	1.339	-1.443	-0.164	2.556	127.737877	37.884163
1595920895301	1595920895294	-8.115	-3.284	1.157	-1.856	-0.184	2.494	127.737877	37.884163
1595920895316	1595920895313	-8.424	-4.438	1.660	-1.771	-0.183	2.497	127.737877	37.884163
1595920895338	1595920895335	-8.759	-5.322	2.544	-0.856	-0.159	2.541	127.737877	37.884163
1595920895357	1595920895354	-8.982	-4.735	2.239	0.339	-0.078	2.474	127.737877	37.884163
1595920895381	1595920895379	-9.468	-4.627	1.954	1.040	-0.030	2.296	127.737877	37.884163
1595920895400	1595920895400	-10.474	-5.413	2.220	1.247	0.011	2.025	127.737877	37.884163
1595920895420	1595920895420	-10.723	-5.298	2.905	1.178	0.077	1.656	127.737877	37.884163
1595920895441	1595920895441	-9.863	-4.774	3.346	0.699	0.060	1.138	127.737877	37.884163
1595920895462	1595920895458	-11.483	-4.958	3.068	0.001	0.225	0.536	127.737877	37.884163
1595920895475	1595920895472	-15.421	-5.135	2.584	-0.534	0.476	-0.078	127.737877	37.884163
1595920895508	1595920895507	-14.808	-4.544	3.159	-0.920	0.337	-0.701	127.737877	37.884163
1595920895514	1595920895512	-10.460	-4.309	3.028	-1.133	-0.039	-1.311	127.737877	37.884163
1595920895534	1595920895532	-11.095	-4.536	2.450	-0.884	0.265	-1.853	127.737877	37.884163
1595920895554	1595920895553	-14.662	-4.362	1.916	-0.352	0.442	-2.244	127.737877	37.884163
1595920895574	1595920895571	-16.492	-3.887	1.629	0.177	0.346	-2.585	127.737877	37.884163
1595920895596	1595920895591	-15.807	-3.236	1.224	0.531	0.141	-2.932	127.737877	37.884163
1595920895614	1595920895613	-14.966	-2.776	0.484	0.779	0.083	-3.243	127.737877	37.884163
1595920895633	1595920895631	-14.472	-2.483	-0.019	1.003	0.138	-3.448	127.737877	37.884163
1595920895657	1595920895656	-13.323	-2.263	-0.022	1.201	0.139	-3.605	127.737877	37.884163
1595920895673	1595920895671	-11.979	-1.973	0.079	1.394	0.168	-3.750	127.737877	37.884163
1595920895693	1595920895691	-10.798	-1.655	0.081	1.571	0.209	-3.850	127.737877	37.884163
1595920895712	1595920895711	-9.816	-1.516	-0.019	1.658	0.248	-3.889	127.737877	37.884163
1595920895736	1595920895736	-9.118	-1.458	-0.091	1.682	0.286	-3.836	127.737877	37.884163
1595920895752	1595920895752	-8.764	-1.264	0.031	1.785	0.306	-3.690	127.737877	37.884163
1595920895772	1595920895770	-8.944	-0.704	0.249	2.038	0.323	-3.470	127.737869	37.884148
1595920895795	1595920895795	-9.133	-0.088	0.469	2.383	0.254	-3.151	127.737869	37.884148
1595920895824	1595920895824	-8.723	0.362	0.524	2.703	0.091	-2.773	127.737869	37.884148
1595920895840	1595920895840	-8.821	0.873	0.649	2.799	-0.020	-2.352	127.737869	37.884148
1595920895857	1595920895850	-9.507	1.563	0.860	2.573	-0.112	-1.898	127.737869	37.884148
1595920895873	1595920895873	-10.005	2.121	1.030	2.071	-0.211	-1.421	127.737869	37.884148
1595920895890	1595920895890	-9.954	2.521	1.207	1.385	-0.299	-0.957	127.737869	37.884148
1595920895912	1595920895910	-9.336	2.784	1.444	0.511	-0.372	-0.550	127.737869	37.884148
1595920895932	1595920895932	-8.932	2.152	1.684	-0.345	-0.375	-0.132	127.737869	37.884148
1595920895952	1595920895952	-9.557	1.359	1.897	-0.951	-0.311	0.307	127.737869	37.884148
1595920895970	1595920895969	-11.634	0.875	1.801	-1.474	-0.194	0.758	127.737869	37.884148
1595920895991	1595920895989	-12.278	0.441	1.178	-1.986	-0.227	1.213	127.737869	37.884148
1595920896013	1595920896013	-12.043	-0.395	1.106	-2.386	-0.208	1.659	127.737869	37.884148
1595920896042	1595920896029	-13.380	-1.810	1.928	-2.457	-0.041	2.154	127.737869	37.884148
1595920896054	1595920896048	-15.162	-2.692	2.582	-2.067	0.088	2.658	127.737869	37.884148
1595920896070	1595920896067	-14.803	-2.153	2.541	-1.614	0.057	3.028	127.737869	37.884148
1595920896089	1595920896088	-13.883	-1.827	2.405	-1.470	0.104	3.234	127.737869	37.884148
1595920896109	1595920896109	-13.531	-2.237	2.611	-1.511	0.153	3.346	127.737869	37.884148
1595920896133	1595920896129	-12.343	-2.392	2.611	-1.595	0.066	3.364	127.737869	37.884148
1595920896149	1595920896149	-10.417	-2.359	2.033	-1.800	-0.085	3.300	127.737869	37.884148
1595920896168	1595920896167	-8.848	-2.845	1.703	-1.906	-0.202	3.208	127.737869	37.884148
1595920896190	1595920896187	-8.031	-3.221	1.600	-1.657	-0.244	3.151	127.737869	37.884148
1595920896218	1595920896211	-7.772	-3.056	1.324	-1.281	-0.252	3.106	127.737869	37.884148
1595920896229	1595920896227	-7.760	-2.929	1.049	-1.059	-0.283	3.052	127.737869	37.884148
1595920896249	1595920896249	-7.918	-3.070	0.766	-0.991	-0.312	3.010	127.737869	37.884148
1595920896267	1595920896267	-8.635	-3.341	0.833	-0.950	-0.287	2.973	127.737869	37.884148
1595920896290	1595920896287	-9.526	-3.779	1.176	-0.845	-0.262	2.926	127.737869	37.884148
1595920896309	1595920896309	-9.679	-4.026	1.233	-0.711	-0.289	2.826	127.737869	37.884148
1595920896333	1595920896330	-9.823	-4.093	1.255	-0.704	-0.264	2.648	127.737869	37.884148
1595920896350	1595920896346	-10.870	-5.011	1.533	-0.855	-0.211	2.392	127.737869	37.884148
1595920896370	1595920896366	-11.519	-6.122	1.710	-1.029	-0.180	2.019	127.737869	37.884148
1595920896390	1595920896385	-10.467	-6.410	1.672	-1.260	-0.202	1.486	127.737869	37.884148
1595920896417	1595920896417	-10.034	-6.288	1.674	-1.513	-0.047	0.874	127.737869	37.884148
1595920896428	1595920896428	-11.840	-6.137	1.727	-1.619	0.218	0.266	127.737869	37.884148
1595920896456	1595920896456	-14.290	-5.943	2.105	-1.493	0.461	-0.328	127.737869	37.884148
1595920896465	1595920896464	-13.095	-5.921	2.649	-1.130	0.366	-0.886	127.737869	37.884148
1595920896486	1595920896484	-12.154	-5.959	1.842	-0.399	0.368	-1.387	127.737869	37.884148
1595920896504	1595920896503	-14.638	-5.303	0.503	0.466	0.618	-1.852	127.737869	37.884148
1595920896526	1595920896525	-17.060	-4.611	0.038	1.051	0.710	-2.350	127.737869	37.884148
1595920896545	1595920896543	-17.328	-3.938	0.100	1.424	0.615	-2.905	127.737869	37.884148
1595920896564	1595920896563	-16.458	-2.668	-0.187	1.654	0.562	-3.452	127.737869	37.884148
1595920896585	1595920896582	-15.387	-1.937	-0.360	1.663	0.619	-3.892	127.737869	37.884148
1595920896604	1595920896602	-13.897	-2.115	-0.194	1.669	0.714	-4.157	127.737869	37.884148
1595920896626	1595920896622	-12.412	-2.330	0.040	1.942	0.799	-4.266	127.737869	37.884148
1595920896645	1595920896642	-11.310	-2.031	0.095	2.350	0.856	-4.286	127.737869	37.884148
1595920896669	1595920896663	-10.134	-1.583	-0.053	2.574	0.824	-4.236	127.737869	37.884148
1595920896685	1595920896683	-9.044	-1.391	-0.185	2.586	0.763	-4.135	127.737869	37.884148
1595920896705	1595920896703	-8.524	-1.185	-0.099	2.616	0.722	-3.964	127.737869	37.884148
1595920896732	1595920896723	-8.577	-0.811	0.055	2.702	0.660	-3.728	127.737869	37.884148
1595920896757	1595920896757	-8.314	-0.150	0.004	2.728	0.526	-3.450	127.737862	37.884132
1595920896766	1595920896766	-7.904	0.612	0.079	2.625	0.384	-3.101	127.737862	37.884132
1595920896797	1595920896783	-8.766	0.748	0.634	2.453	0.350	-2.664	127.737862	37.884132
1595920896804	1595920896802	-9.974	0.997	1.334	2.311	0.280	-2.088	127.737862	37.884132
1595920896825	1595920896822	-10.149	1.776	1.827	2.121	0.073	-1.469	127.737862	37.884132
1595920896845	1595920896842	-9.578	2.389	1.892	1.725	-0.143	-0.922	127.737862	37.884132
1595920896865	1595920896865	-9.411	2.494	1.895	1.070	-0.241	-0.426	127.737862	37.884132
1595920896886	1595920896885	-9.792	2.013	2.182	0.341	-0.264	0.032	127.737862	37.884132
1595920896902	1595920896902	-9.617	1.507	2.546	-0.187	-0.366	0.459	127.737862	37.884132
1595920896923	1595920896922	-9.911	1.086	2.517	-0.576	-0.410	0.833	127.737862	37.884132
1595920896955	1595920896945	-10.517	0.796	2.029	-0.974	-0.409	1.211	127.737862	37.884132
1595920896965	1595920896961	-10.956	0.281	1.595	-1.420	-0.383	1.639	127.737862	37.884132
1595920896984	1595920896984	-12.748	-0.701	1.657	-1.846	-0.197	2.145	127.737862	37.884132
1595920897002	1595920897001	-15.342	-1.839	2.029	-1.970	-0.015	2.760	127.737862	37.884132
1595920897023	1595920897020	-15.807	-1.865	2.091	-1.796	-0.026	3.316	127.737862	37.884132
1595920897043	1595920897041	-14.882	-1.609	2.235	-1.699	0.011	3.688	127.737862	37.884132
1595920897063	1595920897062	-14.920	-2.230	2.565	-1.751	0.153	3.937	127.737862	37.884132
1595920897085	1595920897085	-14.415	-2.879	2.802	-1.730	0.156	4.059	127.737862	37.884132
1595920897105	1595920897105	-12.424	-2.881	2.596	-1.612	0.025	4.025	127.737862	37.884132
1595920897122	1595920897122	-10.606	-2.963	2.184	-1.440	-0.056	3.900	127.737862	37.884132
1595920897146	1595920897140	-9.404	-3.286	1.971	-1.171	-0.135	3.748	127.737862	37.884132
1595920897161	1595920897160	-8.589	-3.183	1.746	-0.929	-0.199	3.535	127.737862	37.884132
1595920897182	1595920897180	-8.187	-2.898	1.547	-0.938	-0.246	3.265	127.737862	37.884132
1595920897201	1595920897200	-8.170	-2.951	1.511	-1.207	-0.288	2.999	127.737862	37.884132
1595920897223	1595920897223	-8.385	-3.442	1.617	-1.535	-0.315	2.765	127.737862	37.884132
1595920897245	1595920897245	-8.740	-3.961	1.837	-1.711	-0.321	2.552	127.737862	37.884132
1595920897263	1595920897263	-8.869	-4.302	2.050	-1.738	-0.322	2.341	127.737862	37.884132
1595920897286	1595920897286	-8.865	-4.984	2.374	-1.678	-0.344	2.120	127.737862	37.884132
1595920897302	1595920897302	-9.281	-5.780	2.493	-1.449	-0.331	1.911	127.737862	37.884132
1595920897321	1595920897320	-10.019	-6.041	2.227	-1.096	-0.291	1.665	127.737862	37.884132
1595920897344	1595920897339	-9.954	-6.022	2.115	-0.876	-0.299	1.340	127.737862	37.884132
1595920897361	1595920897360	-9.039	-6.151	2.302	-0.878	-0.312	0.933	127.737862	37.884132
1595920897382	1595920897381	-9.032	-6.134	2.422	-0.966	-0.188	0.486	127.737862	37.884132
1595920897400	1595920897399	-11.375	-6.058	1.966	-1.097	0.055	0.005	127.737862	37.884132
1595920897421	1595920897420	-13.701	-5.775	1.665	-1.199	0.242	-0.529	127.737862	37.884132
1595920897443	1595920897443	-13.605	-5.554	1.471	-1.115	0.209	-1.093	127.737862	37.884132
1595920897466	1595920897466	-13.636	-5.535	0.927	-0.617	0.334	-1.631	127.737862	37.884132
1595920897486	1595920897486	-15.395	-4.915	0.282	0.115	0.644	-2.136	127.737862	37.884132
1595920897506	1595920897500	-16.403	-4.213	0.249	0.707	0.783	-2.659	127.737862	37.884132
1595920897521	1595920897521	-16.480	-3.720	0.024	1.177	0.870	-3.178	127.737862	37.884132
1595920897545	1595920897538	-16.525	-2.879	-0.403	1.596	1.001	-3.638	127.737862	37.884132
1595920897560	1595920897558	-15.675	-2.282	-0.690	1.852	1.060	-3.958	127.737862	37.884132
1595920897581	1595920897578	-14.099	-2.215	-0.590	2.028	1.098	-4.127	127.737862	37.884132
1595920897600	1595920897598	-12.836	-2.009	-0.235	2.274	1.156	-4.199	127.737862	37.884132
1595920897620	1595920897618	-11.548	-1.331	0.040	2.532	1.132	-4.188	127.737862	37.884132
1595920897640	1595920897640	-9.813	-0.524	0.081	2.725	0.993	-4.052	127.737862	37.884132
1595920897664	1595920897663	-8.215	-0.098	0.074	2.856	0.853	-3.822	127.737862	37.884132
1595920897683	1595920897683	-7.734	0.137	0.323	2.853	0.838	-3.542	127.737862	37.884132
1595920897703	1595920897703	-8.524	0.624	0.651	2.736	0.846	-3.227	127.737862	37.884132
1595920897719	1595920897717	-8.881	1.285	0.797	2.562	0.716	-2.873	127.737862	37.884132
1595920897755	1595920897755	-8.335	1.646	1.123	2.391	0.522	-2.473	127.737862	37.884132
1595920897759	1595920897758	-8.405	1.632	1.801	2.228	0.399	-2.067	127.737862	37.884132
1595920897776	1595920897775	-9.950	1.831	2.393	2.075	0.332	-1.650	127.737854	37.884117
1595920897798	1595920897796	-11.049	2.710	2.366	1.719	0.148	-1.223	127.737854	37.884117
1595920897821	1595920897820	-10.532	3.266	2.201	0.918	-0.091	-0.816	127.737854	37.884117
1595920897841	1595920897839	-9.744	2.612	2.393	0.056	-0.213	-0.403	127.737854	37.884117
1595920897857	1595920897857	-9.825	1.709	2.877	-0.355	-0.207	0.062	127.737854	37.884117
1595920897888	1595920897888	-10.688	1.510	2.874	-0.549	-0.215	0.537	127.737854	37.884117
1595920897899	1595920897895	-12.446	1.100	2.156	-1.001	-0.147	1.012	127.737854	37.884117
1595920897920	1595920897919	-11.981	0.173	1.485	-1.542	-0.248	1.468	127.737854	37.884117
1595920897938	1595920897934	-12.273	-0.974	1.811	-1.868	-0.125	1.912	127.737854	37.884117
1595920897961	1595920897959	-15.241	-2.184	2.604	-1.787	0.168	2.444	127.737854	37.884117
1595920897978	1595920897975	-16.403	-2.265	2.640	-1.442	0.164	2.926	127.737854	37.884117
1595920897997	1595920897997	-14.949	-1.511	2.163	-1.234	0.050	3.201	127.737854	37.884117
1595920898024	1595920898017	-14.250	-1.930	2.041	-1.224	0.119	3.365	127.737854	37.884117
1595920898041	1595920898038	-13.703	-2.601	2.093	-1.214	0.121	3.437	127.737854	37.884117
1595920898068	1595920898057	-11.873	-2.596	1.863	-1.242	0.005	3.399	127.737854	37.884117
1595920898083	1595920898073	-9.971	-2.761	1.760	-1.294	-0.073	3.303	127.737854	37.884117
1595920898095	1595920898095	-8.711	-3.257	1.832	-1.088	-0.089	3.211	127.737854	37.884117
1595920898114	1595920898113	-8.029	-3.123	1.657	-0.670	-0.067	3.133	127.737854	37.884117
1595920898135	1595920898133	-7.676	-2.737	1.427	-0.450	-0.069	3.026	127.737854	37.884117
1595920898153	1595920898153	-7.502	-2.807	1.344	-0.507	-0.097	2.916	127.737854	37.884117
1595920898177	1595920898177	-7.799	-3.137	1.432	-0.590	-0.106	2.832	127.737854	37.884117
1595920898193	1595920898192	-8.697	-3.367	1.437	-0.608	-0.081	2.743	127.737854	37.884117
1595920898213	1595920898211	-8.999	-3.427	1.308	-0.677	-0.121	2.615	127.737854	37.884117
1595920898235	1595920898232	-9.114	-3.837	1.315	-0.787	-0.154	2.459	127.737854	37.884117
1595920898262	1595920898257	-9.969	-4.575	1.653	-0.780	-0.108	2.293	127.737854	37.884117
1595920898273	1595920898271	-11.306	-4.750	1.686	-0.763	-0.023	2.056	127.737854	37.884117
1595920898301	1595920898301	-11.552	-4.726	1.660	-0.999	-0.008	1.710	127.737854	37.884117
1595920898312	1595920898311	-10.721	-4.855	1.487	-1.504	-0.009	1.257	127.737854	37.884117
1595920898337	1595920898332	-10.374	-4.786	1.629	-2.125	0.165	0.740	127.737854	37.884117
1595920898352	1595920898350	-10.613	-4.608	1.672	-2.706	0.335	0.199	127.737854	37.884117
1595920898376	1595920898374	-12.860	-5.097	1.918	-2.886	0.602	-0.311	127.737854	37.884117
1595920898395	1595920898395	-12.815	-5.495	2.393	-2.594	0.634	-0.776	127.737854	37.884117
1595920898416	1595920898412	-11.674	-5.832	2.395	-1.805	0.608	-1.173	127.737854	37.884117
1595920898431	1595920898428	-12.630	-5.940	1.741	-0.633	0.744	-1.493	127.737854	37.884117
1595920898454	1595920898450	-14.508	-5.782	1.042	0.598	0.816	-1.815	127.737854	37.884117
