1595920809145	1595920809143	-9.576	-4.905	2.582	0.382	-0.009	0.994	127.738358	37.885273
1595920809164	1595920809162	-8.814	-4.362	2.671	0.671	0.037	0.699	127.738358	37.885273
1595920809183	1595920809182	-8.917	-3.959	2.740	0.669	0.114	0.297	127.738358	37.885273
1595920809204	1595920809202	-11.088	-4.105	2.486	0.605	0.235	-0.241	127.738358	37.885273
1595920809223	1595920809223	-13.624	-4.201	2.517	0.880	0.268	-0.806	127.738358	37.885273
1595920809246	1595920809244	-16.025	-4.230	2.965	1.389	0.166	-1.373	127.738358	37.885273
1595920809263	1595920809262	-18.030	-3.890	2.762	1.810	0.033	-1.959	127.738358	37.885273
1595920809288	1595920809281	-18.082	-2.718	1.784	1.955	-0.334	-2.657	127.738358	37.885273
1595920809304	1595920809302	-17.951	-1.839	0.519	1.830	-0.544	-3.385	127.738358	37.885273
1595920809323	1595920809322	-18.183	-1.370	-0.065	1.537	-0.565	-3.902	127.738358	37.885273
1595920809343	1595920809341	-17.088	-1.250	0.021	1.279	-0.645	-4.230	127.738358	37.885273
1595920809362	1595920809361	-15.167	-1.041	0.316	1.251	-0.651	-4.405	127.738358	37.885273
1595920809386	1595920809382	-12.903	-0.488	0.491	1.311	-0.656	-4.406	127.738358	37.885273
1595920809405	1595920809400	-10.565	-0.193	0.491	1.254	-0.694	-4.287	127.738358	37.885273
1595920809422	1595920809420	-9.020	-0.512	0.462	1.093	-0.633	-4.124	127.738358	37.885273
1595920809445	1595920809440	-8.824	-0.713	0.769	1.023	-0.466	-3.910	127.738358	37.885273
1595920809462	1595920809461	-9.423	-0.450	0.905	1.095	-0.336	-3.677	127.738358	37.885273
1595920809482	1595920809480	-8.661	0.348	0.723	1.241	-0.432	-3.426	127.738358	37.885273
1595920809503	1595920809500	-7.274	1.376	0.515	1.408	-0.548	-3.122	127.738358	37.885273
1595920809523	1595920809522	-7.463	1.680	0.510	1.518	-0.468	-2.752	127.738358	37.885273
1595920809542	1595920809539	-9.205	1.654	0.704	1.527	-0.367	-2.335	127.738358	37.885273
1595920809561	1595920809559	-10.613	1.709	0.845	1.463	-0.399	-1.811	127.738358	37.885273
1595920809581	1595920809579	-10.065	1.766	0.670	1.185	-0.594	-1.346	127.738358	37.885273
1595920809602	1595920809600	-8.589	1.606	0.575	0.536	-0.687	-0.946	127.738358	37.885273
1595920809621	1595920809619	-8.088	1.028	1.145	-0.188	-0.541	-0.511	127.738358	37.885273
1595920809642	1595920809639	-8.848	0.168	2.577	-0.656	-0.329	-0.096	127.738358	37.885273
1595920809667	1595920809660	-9.209	-0.924	4.218	-0.620	-0.431	0.261	127.738358	37.885273
1595920809681	1595920809679	-9.475	-1.092	3.471	-0.156	-0.523	0.594	127.738358	37.885273
1595920809703	1595920809699	-10.970	-0.009	1.288	-0.100	-0.256	0.951	127.738358	37.885273
1595920809721	1595920809719	-12.774	0.243	0.357	-0.846	0.013	1.459	127.738358	37.885273
1595920809741	1595920809739	-14.269	-0.759	0.924	-1.584	0.251	2.121	127.738358	37.885273
1595920809760	1595920809759	-14.240	-1.353	2.043	-1.762	0.440	2.764	127.738358	37.885262
1595920809784	1595920809779	-13.553	-1.298	3.109	-1.683	0.690	3.320	127.738358	37.885262
1595920809801	1595920809799	-13.768	-1.291	3.955	-1.772	0.968	3.782	127.738358	37.885262
1595920809821	1595920809819	-13.239	-1.834	4.053	-2.072	0.968	4.137	127.738358	37.885262
1595920809842	1595920809839	-11.921	-2.452	3.607	-2.201	0.841	4.358	127.738358	37.885262
1595920809862	1595920809862	-10.870	-3.049	3.011	-1.996	0.714	4.404	127.738358	37.885262
1595920809887	1595920809881	-9.748	-3.482	2.357	-1.579	0.522	4.305	127.738358	37.885262
1595920809900	1595920809899	-9.056	-3.866	1.952	-1.056	0.336	4.086	127.738358	37.885262
1595920809925	1595920809922	-8.644	-3.696	1.425	-0.578	0.248	3.720	127.738358	37.885262
1595920809941	1595920809938	-7.899	-3.252	1.018	-0.341	0.110	3.274	127.738358	37.885262
1595920809965	1595920809961	-7.825	-3.183	0.975	-0.220	0.072	2.833	127.738358	37.885262
1595920809979	1595920809978	-8.565	-3.334	1.207	-0.010	0.138	2.428	127.738358	37.885262
1595920810003	1595920810001	-8.903	-3.125	1.617	0.205	0.187	2.076	127.738358	37.885262
1595920810022	1595920810022	-9.039	-3.221	2.283	0.182	0.237	1.781	127.738358	37.885262
1595920810042	1595920810042	-9.492	-3.779	2.630	-0.032	0.274	1.523	127.738358	37.885262
1595920810061	1595920810061	-10.424	-4.036	2.687	-0.305	0.361	1.340	127.738358	37.885262
1595920810083	1595920810082	-10.381	-4.220	2.869	-0.594	0.316	1.146	127.738358	37.885262
1595920810105	1595920810098	-9.454	-4.421	2.934	-0.783	0.236	0.879	127.738358	37.885262
1595920810126	1595920810117	-9.562	-4.565	3.090	-0.788	0.276	0.562	127.738358	37.885262
1595920810140	1595920810137	-11.852	-4.809	2.846	-0.658	0.370	0.206	127.738358	37.885262
1595920810159	1595920810157	-14.923	-4.809	2.972	-0.361	0.461	-0.228	127.738358	37.885262
1595920810179	1595920810176	-13.862	-4.388	3.234	-0.124	0.081	-0.675	127.738358	37.885262
1595920810199	1595920810196	-13.574	-4.580	2.187	0.143	-0.104	-1.148	127.738358	37.885262
1595920810217	1595920810216	-17.026	-4.294	1.348	0.599	0.139	-1.637	127.738358	37.885262
1595920810238	1595920810235	-18.300	-3.300	1.248	0.890	-0.068	-2.234	127.738358	37.885262
1595920810262	1595920810255	-17.081	-2.486	0.881	0.941	-0.353	-2.956	127.738358	37.885262
1595920810282	1595920810278	-16.382	-1.671	0.361	0.956	-0.359	-3.638	127.738358	37.885262
1595920810299	1595920810295	-15.562	-1.185	0.074	0.952	-0.330	-4.106	127.738358	37.885262
1595920810318	1595920810314	-13.644	-1.291	0.048	0.959	-0.355	-4.344	127.738358	37.885262
1595920810338	1595920810334	-11.629	-1.578	0.184	1.051	-0.328	-4.411	127.738358	37.885262
1595920810359	1595920810354	-9.926	-1.628	0.373	1.236	-0.284	-4.349	127.738358	37.885262
1595920810379	1595920810374	-8.661	-1.386	0.541	1.435	-0.231	-4.175	127.738358	37.885262
1595920810397	1595920810394	-7.959	-0.787	0.620	1.581	-0.200	-3.908	127.738358	37.885262
1595920810417	1595920810415	-7.497	-0.284	0.419	1.655	-0.202	-3.600	127.738358	37.885262
1595920810439	1595920810438	-7.106	-0.007	0.081	1.623	-0.182	-3.293	127.738358	37.885262
1595920810456	1595920810456	-7.010	0.324	-0.089	1.484	-0.119	-2.946	127.738358	37.885262
1595920810481	1595920810481	-7.502	0.497	0.290	1.382	-0.026	-2.546	127.738358	37.885262
1595920810499	1595920810495	-8.139	0.839	0.735	1.393	0.009	-2.133	127.738358	37.885262
1595920810522	1595920810514	-8.606	1.608	0.979	1.425	-0.063	-1.665	127.738358	37.885262
1595920810534	1595920810533	-9.442	1.795	1.190	1.263	-0.086	-1.193	127.738358	37.885262
1595920810555	1595920810553	-9.715	1.481	0.953	0.968	-0.150	-0.716	127.738358	37.885262
1595920810574	1595920810572	-9.047	1.448	0.814	0.731	-0.203	-0.247	127.738358	37.885262
1595920810595	1595920810592	-8.668	1.455	1.775	0.588	-0.213	0.200	127.738358	37.885262
1595920810614	1595920810613	-9.317	1.424	2.692	0.448	-0.254	0.589	127.738358	37.885262
1595920810636	1595920810636	-11.238	1.270	1.892	0.028	-0.157	0.966	127.738358	37.885262
1595920810660	1595920810656	-11.801	0.944	1.080	-0.849	-0.120	1.349	127.738358	37.885262
1595920810683	1595920810672	-12.937	0.099	1.547	-1.841	0.017	1.794	127.738358	37.885262
1595920810699	1595920810698	-16.118	-1.156	2.661	-2.292	0.352	2.406	127.738358	37.885262
1595920810721	1595920810711	-17.122	-1.341	2.522	-2.233	0.371	2.923	127.738358	37.885262
1595920810745	1595920810743	-16.283	-1.298	2.218	-2.168	0.336	3.226	127.738358	37.885262
1595920810753	1595920810752	-16.255	-2.265	2.374	-2.144	0.480	3.444	127.738358	37.885262
1595920810773	1595920810771	-15.141	-2.994	2.788	-1.842	0.458	3.581	127.738365	37.885250
1595920810792	1595920810791	-12.824	-2.850	2.795	-1.300	0.353	3.577	127.738365	37.885250
1595920810815	1595920810813	-11.001	-2.828	2.618	-0.705	0.314	3.491	127.738365	37.885250
1595920810840	1595920810834	-9.430	-2.994	2.160	-0.196	0.244	3.345	127.738365	37.885250
1595920810855	1595920810850	-8.134	-2.907	1.633	0.058	0.222	3.129	127.738365	37.885250
1595920810880	1595920810875	-7.214	-2.733	1.423	0.003	0.206	2.891	127.738365	37.885250
1595920810893	1595920810890	-6.601	-2.733	1.365	-0.162	0.168	2.624	127.738365	37.885250
1595920810912	1595920810910	-6.555	-2.687	1.219	-0.296	0.173	2.340	127.738365	37.885250
1595920810937	1595920810932	-7.224	-2.632	1.051	-0.466	0.202	2.079	127.738365	37.885250
1595920810952	1595920810951	-7.894	-2.685	1.085	-0.657	0.169	1.896	127.738365	37.885250
1595920810978	1595920810972	-7.818	-2.670	1.183	-0.816	0.076	1.780	127.738365	37.885250
1595920810991	1595920810989	-8.393	-2.800	1.844	-1.024	0.112	1.712	127.738365	37.885250
1595920811012	1595920811011	-10.043	-3.827	2.584	-1.223	0.198	1.702	127.738365	37.885250
1595920811030	1595920811029	-10.743	-4.477	2.520	-1.250	0.164	1.670	127.738365	37.885250
1595920811054	1595920811049	-10.707	-4.172	2.419	-1.222	0.136	1.535	127.738365	37.885250
1595920811069	1595920811068	-11.150	-4.321	2.697	-1.333	0.190	1.324	127.738365	37.885250
1595920811090	1595920811088	-11.370	-4.601	2.884	-1.524	0.139	1.042	127.738365	37.885250
1595920811109	1595920811107	-12.927	-4.999	2.838	-1.718	0.112	0.675	127.738365	37.885250
1595920811129	1595920811127	-13.869	-5.933	3.073	-1.859	0.002	0.250	127.738365	37.885250
1595920811150	1595920811148	-13.632	-7.033	2.771	-1.594	-0.250	-0.381	127.738365	37.885250
1595920811171	1595920811167	-15.282	-7.236	1.655	-0.614	-0.102	-1.125	127.738365	37.885250
1595920811189	1595920811187	-16.746	-5.799	0.898	0.597	0.013	-1.927	127.738365	37.885250
1595920811208	1595920811207	-16.489	-4.187	0.122	1.568	-0.091	-2.825	127.738365	37.885250
1595920811229	1595920811227	-16.585	-2.795	-0.455	2.290	-0.036	-3.663	127.738365	37.885250
1595920811254	1595920811248	-17.292	-1.518	-0.573	2.619	0.072	-4.280	127.738365	37.885250
1595920811268	1595920811266	-16.913	-0.941	-0.206	2.425	0.034	-4.654	127.738365	37.885250
1595920811289	1595920811288	-15.419	-1.348	0.522	2.004	-0.037	-4.883	127.738365	37.885250
1595920811308	1595920811306	-13.960	-1.954	1.039	1.734	-0.014	-5.004	127.738365	37.885250
1595920811332	1595920811329	-12.393	-1.935	0.817	1.590	-0.028	-5.014	127.738365	37.885250
1595920811348	1595920811346	-11.001	-1.365	0.239	1.431	-0.037	-4.951	127.738365	37.885250
1595920811369	1595920811368	-10.280	-0.517	0.093	1.402	-0.022	-4.777	127.738365	37.885250
1595920811388	1595920811385	-9.890	0.389	0.160	1.760	-0.035	-4.406	127.738365	37.885250
1595920811407	1595920811405	-8.848	1.124	0.105	2.234	-0.169	-3.972	127.738365	37.885250
1595920811430	1595920811427	-8.026	1.752	0.266	2.333	-0.276	-3.546	127.738365	37.885250
1595920811453	1595920811446	-8.115	2.554	0.656	2.176	-0.304	-3.051	127.738365	37.885250
1595920811470	1595920811468	-8.594	3.237	1.176	2.082	-0.376	-2.411	127.738365	37.885250
1595920811489	1595920811488	-9.140	3.287	1.770	1.929	-0.473	-1.767	127.738365	37.885250
1595920811510	1595920811507	-8.924	3.683	1.990	1.696	-0.625	-1.135	127.738365	37.885250
1595920811527	1595920811525	-8.074	4.327	2.189	1.502	-0.743	-0.505	127.738365	37.885250
1595920811550	1595920811550	-7.434	4.289	2.510	1.197	-0.780	0.139	127.738365	37.885250
1595920811568	1595920811565	-7.188	3.500	2.565	0.765	-0.777	0.750	127.738365	37.885250
1595920811587	1595920811585	-8.347	2.648	2.326	0.290	-0.626	1.371	127.738365	37.885250
1595920811606	1595920811604	-10.941	1.941	1.712	-0.248	-0.332	2.060	127.738365	37.885250
1595920811626	1595920811624	-13.069	1.289	0.965	-1.001	-0.017	2.783	127.738365	37.885250
1595920811647	1595920811644	-15.191	0.614	0.383	-1.976	0.340	3.558	127.738365	37.885250
1595920811667	1595920811665	-17.419	-0.375	0.642	-2.952	0.791	4.368	127.738365	37.885250
1595920811686	1595920811684	-18.286	-1.465	1.303	-3.755	1.034	5.034	127.738365	37.885250
1595920811708	1595920811704	-18.974	-2.086	1.732	-4.376	1.219	5.512	127.738365	37.885250
1595920811726	1595920811724	-19.733	-2.574	1.983	-4.767	1.228	5.814	127.738365	37.885250
1595920811753	1595920811753	-18.595	-3.384	2.165	-4.658	0.875	5.915	127.738365	37.885250
1595920811772	1595920811771	-15.998	-4.539	1.962	-3.760	0.339	5.729	127.738365	37.885235
1595920811792	1595920811783	-13.045	-6.012	1.413	-2.073	-0.090	5.281	127.738365	37.885235
1595920811805	1595920811803	-9.976	-6.913	1.159	-0.112	-0.284	4.675	127.738365	37.885235
1595920811826	1595920811823	-7.710	-6.194	0.982	1.423	-0.167	3.927	127.738365	37.885235
1595920811845	1595920811843	-6.615	-4.088	1.150	2.055	0.086	3.145	127.738365	37.885235
1595920811866	1595920811864	-6.718	-2.189	1.753	1.697	0.263	2.500	127.738365	37.885235
1595920811888	1595920811885	-7.957	-2.215	2.168	0.809	0.383	1.966	127.738365	37.885235
1595920811919	1595920811916	-9.188	-2.965	2.441	0.025	0.437	1.559	127.738365	37.885235
1595920811924	1595920811922	-9.626	-3.288	3.351	-0.435	0.421	1.338	127.738365	37.885235
1595920811945	1595920811942	-9.588	-3.432	4.050	-0.825	0.341	1.232	127.738365	37.885235
1595920811967	1595920811967	-9.923	-3.787	3.967	-1.169	0.321	1.243	127.738365	37.885235
1595920811984	1595920811982	-10.347	-4.587	3.464	-1.359	0.239	1.293	127.738365	37.885235
1595920812004	1595920812002	-10.072	-5.590	3.260	-1.347	0.110	1.320	127.738365	37.885235
1595920812024	1595920812022	-9.617	-6.441	3.377	-1.134	-0.004	1.218	127.738365	37.885235
1595920812044	1595920812041	-9.770	-6.889	3.169	-0.795	0.000	0.896	127.738365	37.885235
1595920812066	1595920812062	-11.191	-6.815	2.242	-0.371	0.095	0.250	127.738365	37.885235
1595920812087	1595920812082	-13.847	-5.622	2.021	0.175	0.284	-0.567	127.738365	37.885235
1595920812105	1595920812105	-14.024	-3.576	2.968	0.550	0.135	-1.497	127.738365	37.885235
1595920812127	1595920812127	-12.791	-2.735	2.469	0.785	-0.154	-2.533	127.738365	37.885235
1595920812149	1595920812140	-15.823	-2.802	0.951	1.080	0.130	-3.508	127.738365	37.885235
1595920812166	1595920812160	-19.719	-3.252	0.275	1.210	0.223	-4.379	127.738365	37.885235
1595920812182	1595920812180	-20.329	-2.979	-0.197	1.384	-0.122	-4.902	127.738365	37.885235
1595920812203	1595920812200	-19.170	-0.541	-1.100	2.013	-0.255	-5.024	127.738365	37.885235
1595920812222	1595920812220	-17.246	0.801	-0.980	2.588	-0.293	-4.864	127.738365	37.885235
1595920812243	1595920812240	-14.834	-0.232	0.086	2.801	-0.427	-4.675	127.738365	37.885235
1595920812262	1595920812261	-12.396	-0.299	0.716	2.838	-0.509	-4.456	127.738365	37.885235
1595920812284	1595920812283	-9.969	1.019	0.979	2.723	-0.517	-4.064	127.738365	37.885235
1595920812307	1595920812301	-8.443	1.318	1.329	2.164	-0.458	-3.717	127.738365	37.885235
1595920812323	1595920812323	-8.318	0.365	1.329	1.422	-0.296	-3.455	127.738365	37.885235
1595920812344	1595920812340	-8.678	0.113	1.058	1.026	-0.196	-3.187	127.738365	37.885235
1595920812366	1595920812360	-9.015	0.674	0.527	0.904	-0.213	-2.946	127.738365	37.885235
1595920812387	1595920812383	-9.471	1.304	-0.079	0.902	-0.240	-2.687	127.738365	37.885235
1595920812402	1595920812399	-9.310	1.991	-0.271	0.879	-0.322	-2.414	127.738365	37.885235
1595920812427	1595920812423	-9.001	2.360	-0.130	0.788	-0.401	-2.093	127.738365	37.885235
1595920812442	1595920812439	-9.382	2.434	0.220	0.650	-0.396	-1.691	127.738365	37.885235
1595920812466	1595920812464	-9.828	2.636	0.524	0.445	-0.440	-1.227	127.738365	37.885235
1595920812482	1595920812481	-9.645	2.830	0.627	0.160	-0.520	-0.718	127.738365	37.885235
1595920812511	1595920812505	-9.140	2.497	1.001	-0.108	-0.552	-0.184	127.738365	37.885235
1595920812530	1595920812528	-8.886	2.092	1.588	-0.266	-0.526	0.374	127.738365	37.885235
1595920812543	1595920812540	-9.289	1.848	1.866	-0.289	-0.478	0.953	127.738365	37.885235
1595920812561	1595920812559	-10.673	1.536	1.375	-0.387	-0.339	1.503	127.738365	37.885235
1595920812581	1595920812579	-11.897	1.316	0.694	-0.818	-0.190	2.036	127.738365	37.885235
1595920812601	1595920812599	-13.471	0.612	0.505	-1.369	0.051	2.618	127.738365	37.885235
1595920812621	1595920812619	-15.977	-0.193	0.932	-1.826	0.422	3.240	127.738365	37.885235
1595920812641	1595920812639	-17.941	-0.692	1.365	-2.269	0.660	3.822	127.738365	37.885235
1595920812660	1595920812660	-18.947	-1.592	2.239	-2.684	0.854	4.272	127.738365	37.885235
1595920812682	1595920812682	-18.641	-2.764	3.579	-2.671	0.879	4.582	127.738365	37.885235
1595920812703	1595920812701	-16.897	-3.212	4.503	-2.124	0.719	4.714	127.738365	37.885235
1595920812730	1595920812724	-14.060	-3.121	4.041	-1.485	0.481	4.571	127.738365	37.885235
1595920812744	1595920812737	-11.147	-3.358	2.723	-1.024	0.271	4.225	127.738365	37.885235
1595920812761	1595920812759	-8.747	-3.830	1.890	-0.624	0.133	3.827	127.738365	37.885235
1595920812780	1595920812778	-7.372	-3.847	1.734	-0.246	0.117	3.435	127.738365	37.885220
1595920812799	1595920812797	-6.874	-3.185	1.756	-0.149	0.129	2.989	127.738365	37.885220
1595920812819	1595920812817	-6.680	-2.749	1.590	-0.402	0.082	2.514	127.738365	37.885220
1595920812839	1595920812837	-7.037	-2.927	1.391	-0.690	0.070	2.086	127.738365	37.885220
1595920812859	1595920812856	-7.935	-3.231	1.691	-0.742	0.108	1.786	127.738365	37.885220
1595920812880	1595920812878	-8.225	-3.339	2.249	-0.789	0.077	1.551	127.738365	37.885220
1595920812900	1595920812900	-8.158	-3.777	2.450	-1.021	0.026	1.358	127.738365	37.885220
1595920812925	1595920812919	-8.508	-4.129	2.108	-1.185	0.034	1.175	127.738365	37.885220
1595920812941	1595920812939	-9.274	-4.115	1.854	-1.172	0.062	1.016	127.738365	37.885220
1595920812957	1595920812955	-9.844	-4.266	2.029	-1.158	0.075	0.851	127.738365	37.885220
1595920812980	1595920812977	-9.339	-4.414	2.120	-1.097	0.021	0.600	127.738365	37.885220
1595920812997	1595920812994	-8.412	-4.153	2.079	-0.985	0.027	0.333	127.738365	37.885220
1595920813019	1595920813016	-9.844	-4.342	1.784	-0.896	0.193	0.040	127.738365	37.885220
1595920813037	1595920813034	-13.344	-4.848	1.607	-0.543	0.394	-0.353	127.738365	37.885220
1595920813057	1595920813053	-15.057	-4.637	1.909	0.072	0.306	-0.803	127.738365	37.885220
1595920813077	1595920813074	-15.994	-4.227	1.439	0.513	0.210	-1.360	127.738365	37.885220
1595920813104	1595920813095	-17.467	-4.067	1.032	0.792	0.313	-1.992	127.738365	37.885220
1595920813115	1595920813113	-17.642	-3.705	0.951	1.203	0.238	-2.734	127.738365	37.885220
1595920813138	1595920813138	-17.965	-2.927	0.824	1.782	0.290	-3.510	127.738365	37.885220
1595920813156	1595920813153	-18.403	-1.841	0.838	2.238	0.324	-4.170	127.738365	37.885220
1595920813175	1595920813173	-17.093	-1.111	0.924	2.343	0.162	-4.613	127.738365	37.885220
1595920813195	1595920813193	-15.311	-0.828	1.269	2.165	0.030	-4.835	127.738365	37.885220
1595920813215	1595920813213	-14.041	-0.198	1.521	1.877	-0.043	-4.910	127.738365	37.885220
1595920813234	1595920813232	-11.849	0.839	1.253	1.545	-0.229	-4.791	127.738365	37.885220
1595920813255	1595920813252	-8.932	1.572	0.817	1.186	-0.411	-4.589	127.738365	37.885220
1595920813275	1595920813273	-6.814	1.749	0.656	0.733	-0.387	-4.347	127.738365	37.885220
1595920813296	1595920813296	-6.227	1.354	0.728	0.273	-0.219	-3.977	127.738365	37.885220
1595920813313	1595920813312	-7.295	0.676	1.130	0.040	-0.027	-3.521	127.738365	37.885220
1595920813337	1595920813336	-8.975	0.283	1.423	0.170	0.023	-2.972	127.738365	37.885220
1595920813354	1595920813351	-8.977	0.731	1.171	0.513	-0.205	-2.489	127.738365	37.885220
1595920813376	1595920813374	-7.688	1.701	0.850	0.837	-0.468	-1.998	127.738365	37.885220
1595920813395	1595920813393	-8.086	1.565	0.833	1.037	-0.473	-1.453	127.738365	37.885220
1595920813413	1595920813411	-9.945	1.215	0.802	1.033	-0.405	-0.898	127.738365	37.885220
1595920813436	1595920813432	-10.379	1.364	0.651	0.846	-0.540	-0.398	127.738365	37.885220
1595920813453	1595920813451	-8.944	1.428	0.740	0.498	-0.677	-0.013	127.738365	37.885220
1595920813479	1595920813474	-7.535	1.234	1.360	0.157	-0.632	0.366	127.738365	37.885220
1595920813492	1595920813492	-8.407	0.736	2.101	0.014	-0.356	0.805	127.738365	37.885220
1595920813522	1595920813515	-11.385	0.439	1.633	-0.121	-0.020	1.299	127.738365	37.885220
1595920813533	1595920813532	-13.018	0.453	0.752	-0.582	0.074	1.863	127.738365	37.885220
1595920813558	1595920813550	-13.723	-0.098	0.529	-1.249	0.133	2.475	127.738365	37.885220
1595920813572	1595920813570	-15.637	-0.922	0.869	-1.727	0.402	3.189	127.738365	37.885220
1595920813594	1595920813590	-16.789	-1.358	1.181	-2.045	0.512	3.899	127.738365	37.885220
1595920813613	1595920813611	-16.648	-1.954	2.235	-2.298	0.539	4.505	127.738365	37.885220
1595920813632	1595920813630	-17.301	-3.152	3.617	-2.232	0.617	4.997	127.738365	37.885220
1595920813651	1595920813649	-17.103	-3.856	4.110	-1.776	0.516	5.241	127.738365	37.885220
1595920813671	1595920813670	-15.093	-3.923	3.404	-1.244	0.281	5.173	127.738365	37.885220
1595920813691	1595920813690	-13.057	-4.100	2.431	-0.800	0.123	4.887	127.738365	37.885220
1595920813710	1595920813709	-11.114	-4.374	2.141	-0.400	-0.031	4.464	127.738365	37.885220
1595920813738	1595920813734	-9.243	-4.211	2.019	-0.079	-0.106	3.932	127.738365	37.885220
1595920813751	1595920813749	-7.640	-3.535	1.672	-0.081	-0.132	3.361	127.738365	37.885220
1595920813770	1595920813768	-6.642	-3.154	1.353	-0.461	-0.168	2.788	127.738365	37.885220
1595920813793	1595920813792	-6.730	-3.485	1.253	-0.846	-0.159	2.263	127.738358	37.885208
1595920813817	1595920813816	-7.616	-4.000	1.502	-0.885	-0.133	1.832	127.738358	37.885208
1595920813834	1595920813830	-8.270	-4.163	1.679	-0.758	-0.154	1.473	127.738358	37.885208
1595920813850	1595920813847	-8.179	-4.148	1.672	-0.884	-0.214	1.153	127.738358	37.885208
1595920813871	1595920813869	-8.414	-4.575	1.588	-1.213	-0.234	0.881	127.738358	37.885208
1595920813890	1595920813887	-9.760	-5.428	1.202	-1.273	-0.134	0.665	127.738358	37.885208
1595920813910	1595920813910	-10.508	-5.408	1.008	-1.029	-0.080	0.446	127.738358	37.885208
1595920813932	1595920813927	-9.526	-5.099	1.185	-0.868	-0.110	0.227	127.738358	37.885208
1595920813951	1595920813947	-9.229	-5.162	1.264	-0.796	0.051	-0.115	127.738358	37.885208
1595920813970	1595920813967	-11.308	-5.262	1.276	-0.367	0.337	-0.544	127.738358	37.885208
1595920813989	1595920813987	-13.761	-5.027	1.808	0.296	0.520	-0.948	127.738358	37.885208
1595920814013	1595920814010	-13.157	-4.532	1.780	0.721	0.332	-1.405	127.738358	37.885208
1595920814028	1595920814026	-14.000	-4.412	0.611	1.038	0.342	-1.899	127.738358	37.885208
1595920814048	1595920814046	-18.674	-4.378	-0.127	1.421	0.700	-2.429	127.738358	37.885208
1595920814069	1595920814066	-20.900	-3.746	-0.161	1.753	0.635	-3.144	127.738358	37.885208
1595920814088	1595920814086	-18.983	-2.551	-0.568	2.105	0.317	-3.851	127.738358	37.885208
1595920814107	1595920814107	-17.450	-1.080	-0.884	2.364	0.390	-4.384	127.738358	37.885208
1595920814129	1595920814126	-16.300	-0.771	-0.573	2.312	0.460	-4.622	127.738358	37.885208
1595920814148	1595920814147	-14.139	-1.288	0.036	2.218	0.365	-4.656	127.738358	37.885208
1595920814169	1595920814166	-11.928	-1.255	0.611	2.295	0.280	-4.545	127.738358	37.885208
1595920814189	1595920814185	-10.163	-0.797	1.015	2.417	0.202	-4.271	127.738358	37.885208
1595920814211	1595920814205	-9.128	-0.452	1.126	2.426	0.119	-3.953	127.738358	37.885208
1595920814227	1595920814225	-8.651	-0.009	0.862	2.290	0.062	-3.706	127.738358	37.885208
1595920814247	1595920814245	-8.029	0.686	0.325	2.063	-0.024	-3.450	127.738358	37.885208
1595920814267	1595920814264	-7.204	1.390	0.088	1.828	-0.138	-3.119	127.738358	37.885208
1595920814287	1595920814284	-7.557	1.706	0.213	1.662	-0.098	-2.730	127.738358	37.885208
1595920814306	1595920814306	-8.472	1.848	0.572	1.555	-0.093	-2.311	127.738358	37.885208
1595920814328	1595920814325	-8.522	2.437	0.793	1.471	-0.266	-1.868	127.738358	37.885208
1595920814351	1595920814349	-8.877	2.813	0.831	1.314	-0.370	-1.363	127.738358	37.885208
1595920814370	1595920814370	-10.161	2.444	0.850	0.985	-0.351	-0.833	127.738358	37.885208
1595920814389	1595920814386	-10.580	2.276	0.769	0.608	-0.434	-0.311	127.738358	37.885208
1595920814411	1595920814405	-9.576	2.099	1.039	0.294	-0.546	0.199	127.738358	37.885208
1595920814425	1595920814424	-8.647	1.198	1.641	0.022	-0.517	0.630	127.738358	37.885208
1595920814446	1595920814443	-9.135	0.281	2.079	-0.058	-0.419	1.031	127.738358	37.885208
1595920814466	1595920814463	-11.267	0.403	1.516	-0.038	-0.256	1.399	127.738358	37.885208
1595920814485	1595920814483	-13.040	1.040	0.402	-0.457	-0.155	1.777	127.738358	37.885208
1595920814505	1595920814504	-15.553	0.554	-0.070	-1.400	0.117	2.278	127.738358	37.885208
1595920814525	1595920814523	-17.596	-0.831	0.785	-2.198	0.334	2.849	127.738358	37.885208
1595920814546	1595920814546	-17.062	-1.791	2.254	-2.413	0.283	3.350	127.738358	37.885208
1595920814572	1595920814572	-16.233	-2.239	3.255	-2.279	0.379	3.754	127.738358	37.885208
1595920814586	1595920814582	-15.486	-2.440	3.425	-2.124	0.463	4.041	127.738358	37.885208
1595920814604	1595920814602	-13.794	-2.749	3.140	-1.988	0.377	4.151	127.738358	37.885208
1595920814623	1595920814622	-12.168	-3.125	2.668	-1.723	0.328	4.115	127.738358	37.885208
1595920814644	1595920814642	-10.884	-3.573	2.445	-1.259	0.265	3.989	127.738358	37.885208
1595920814664	1595920814661	-9.382	-3.938	2.378	-0.706	0.115	3.780	127.738358	37.885208
1595920814683	1595920814681	-7.973	-3.566	2.031	-0.350	0.033	3.461	127.738358	37.885208
1595920814704	1595920814701	-6.977	-2.795	1.521	-0.416	-0.023	3.062	127.738358	37.885208
1595920814726	1595920814721	-6.349	-2.419	1.260	-0.836	-0.092	2.697	127.738358	37.885208
1595920814759	1595920814759	-6.457	-2.848	1.298	-1.304	-0.114	2.379	127.738358	37.885208
1595920814776	1595920814761	-7.422	-3.454	1.557	-1.518	-0.109	2.116	127.738358	37.885193
1595920814782	1595920814781	-8.117	-3.705	1.631	-1.591	-0.169	1.896	127.738358	37.885193
1595920814803	1595920814800	-8.881	-4.069	1.437	-1.778	-0.212	1.718	127.738358	37.885193
1595920814823	1595920814821	-10.390	-4.771	1.157	-2.022	-0.170	1.584	127.738358	37.885193
1595920814843	1595920814840	-11.516	-5.265	0.903	-2.192	-0.141	1.404	127.738358	37.885193
1595920814862	1595920814860	-11.409	-5.696	1.015	-2.297	-0.154	1.136	127.738358	37.885193
1595920814886	1595920814882	-10.637	-6.026	0.912	-2.253	-0.099	0.792	127.738358	37.885193
1595920814903	1595920814900	-11.397	-6.031	0.773	-1.936	0.129	0.410	127.738358	37.885193
1595920814922	1595920814920	-13.548	-6.769	1.224	-1.359	0.371	-0.011	127.738358	37.885193
1595920814945	1595920814945	-13.004	-7.782	1.954	-0.278	0.379	-0.497	127.738358	37.885193
1595920814973	1595920814961	-11.037	-7.337	1.145	1.401	0.334	-1.069	127.738358	37.885193
1595920814984	1595920814984	-13.948	-5.928	-0.285	3.162	0.808	-1.741	127.738358	37.885193
1595920815003	1595920815001	-18.159	-4.541	-1.026	4.351	1.007	-2.460	127.738358	37.885193
1595920815022	1595920815020	-19.800	-2.718	-1.038	4.852	0.740	-3.338	127.738358	37.885193
1595920815042	1595920815040	-20.152	-0.605	-0.180	4.672	0.402	-4.175	127.738358	37.885193
1595920815062	1595920815060	-19.462	0.329	0.936	3.803	0.126	-4.736	127.738358	37.885193
1595920815082	1595920815080	-17.163	-0.177	1.665	2.653	-0.190	-5.034	127.738358	37.885193
1595920815103	1595920815100	-14.662	-0.581	1.677	1.700	-0.392	-5.166	127.738358	37.885193
1595920815121	1595920815119	-12.170	-0.435	1.336	0.925	-0.511	-5.114	127.738358	37.885193
1595920815145	1595920815144	-9.722	-0.641	0.915	0.257	-0.601	-4.963	127.738358	37.885193
1595920815166	1595920815159	-7.710	-0.649	0.496	-0.150	-0.568	-4.722	127.738358	37.885193
1595920815180	1595920815180	-6.416	0.027	0.254	-0.202	-0.431	-4.376	127.738358	37.885193
1595920815202	1595920815199	-6.100	0.384	0.282	-0.103	-0.246	-4.015	127.738358	37.885193
1595920815223	1595920815219	-6.539	0.216	0.421	0.027	-0.133	-3.618	127.738358	37.885193
1595920815241	1595920815238	-7.142	0.616	0.606	0.424	-0.105	-3.101	127.738358	37.885193
1595920815261	1595920815259	-7.394	1.689	0.922	0.993	-0.145	-2.504	127.738358	37.885193
1595920815280	1595920815279	-7.878	2.092	1.123	1.258	-0.157	-1.889	127.738358	37.885193
1595920815301	1595920815298	-8.694	1.613	1.214	1.229	-0.161	-1.209	127.738358	37.885193
1595920815320	1595920815318	-9.569	1.316	1.401	1.130	-0.157	-0.508	127.738358	37.885193
1595920815347	1595920815338	-9.806	1.311	1.902	1.000	-0.161	0.171	127.738358	37.885193
1595920815360	1595920815357	-8.915	0.995	2.362	0.861	-0.220	0.748	127.738358	37.885193
1595920815382	1595920815381	-7.825	0.643	2.532	0.826	-0.270	1.163	127.738358	37.885193
1595920815400	1595920815398	-9.538	0.729	1.241	0.877	-0.057	1.618	127.738358	37.885193
1595920815420	1595920815418	-12.937	1.570	-0.482	0.552	0.378	2.169	127.738358	37.885193
1595920815440	1595920815438	-14.987	1.479	-0.034	-0.366	0.427	2.787	127.738358	37.885193
1595920815459	1595920815457	-17.191	-0.462	1.171	-1.373	0.601	3.476	127.738358	37.885193
1595920815480	1595920815477	-19.033	-2.282	2.417	-1.981	0.891	4.199	127.738358	37.885193
1595920815499	1595920815496	-18.521	-2.440	3.684	-2.359	1.039	4.802	127.738358	37.885193
1595920815519	1595920815518	-17.955	-2.191	4.779	-2.682	1.127	5.205	127.738358	37.885193
1595920815538	1595920815537	-17.275	-2.895	5.318	-2.478	1.009	5.443	127.738358	37.885193
1595920815558	1595920815556	-15.505	-4.179	4.623	-1.462	0.624	5.457	127.738358	37.885193
1595920815579	1595920815577	-13.553	-5.499	3.607	-0.181	0.277	5.176	127.738358	37.885193
1595920815603	1595920815595	-10.953	-5.854	2.814	0.755	0.072	4.709	127.738358	37.885193
1595920815618	1595920815615	-8.563	-4.915	2.359	0.862	0.004	4.092	127.738358	37.885193
1595920815638	1595920815634	-6.498	-3.624	1.564	0.316	-0.092	3.399	127.738358	37.885193
1595920815661	1595920815655	-5.865	-2.701	0.958	-0.269	-0.105	2.697	127.738358	37.885193
1595920815677	1595920815674	-6.797	-2.368	0.680	-0.494	-0.047	2.096	127.738358	37.885193
1595920815697	1595920815694	-8.067	-2.519	1.063	-0.368	0.002	1.684	127.738358	37.885193
1595920815717	1595920815713	-8.515	-3.018	1.487	-0.253	-0.023	1.373	127.738358	37.885193
1595920815737	1595920815735	-8.500	-3.425	1.463	-0.483	-0.050	1.102	127.738358	37.885193
1595920815756	1595920815752	-9.327	-3.981	1.655	-0.828	0.000	0.915	127.738358	37.885193
1595920815776	1595920815773	-10.479	-4.625	1.895	-1.009	0.051	0.784	127.738350	37.885178
1595920815796	1595920815796	-10.261	-4.563	1.983	-1.207	0.026	0.617	127.738350	37.885178
1595920815819	1595920815818	-9.171	-4.110	2.055	-1.463	0.019	0.357	127.738350	37.885178
1595920815839	1595920815838	-9.645	-4.237	2.043	-1.601	0.197	0.029	127.738350	37.885178
1595920815860	1595920815858	-12.290	-4.766	1.789	-1.314	0.439	-0.389	127.738350	37.885178
1595920815878	1595920815873	-14.111	-4.663	2.417	-0.696	0.499	-0.807	127.738350	37.885178
1595920815895	1595920815892	-12.709	-4.084	2.429	-0.367	0.189	-1.321	127.738350	37.885178
1595920815914	1595920815912	-13.517	-4.249	1.387	-0.124	0.221	-1.873	127.738350	37.885178
1595920815938	1595920815937	-17.112	-4.275	0.601	0.298	0.481	-2.410	127.738350	37.885178
1595920815954	1595920815952	-18.475	-3.540	0.462	0.743	0.365	-3.075	127.738350	37.885178
1595920815977	1595920815973	-17.220	-2.634	-0.084	1.213	0.188	-3.692	127.738350	37.885178
1595920815995	1595920815995	-16.156	-1.815	-0.630	1.660	0.284	-4.063	127.738350	37.885178
1595920816017	1595920816014	-15.464	-1.568	-0.305	1.898	0.340	-4.226	127.738350	37.885178
1595920816034	1595920816031	-14.444	-1.609	0.440	2.032	0.278	-4.270	127.738350	37.885178
1595920816055	1595920816055	-12.673	-1.101	0.773	2.124	0.159	-4.206	127.738350	37.885178
1595920816073	1595920816071	-10.132	-0.584	0.649	2.102	-0.024	-4.045	127.738350	37.885178
1595920816093	1595920816091	-8.201	-0.656	0.615	1.955	-0.099	-3.859	127.738350	37.885178
1595920816112	1595920816111	-8.316	-0.613	0.812	1.883	0.031	-3.628	127.738350	37.885178
1595920816132	1595920816130	-9.231	0.415	0.737	2.047	0.070	-3.372	127.738350	37.885178
1595920816155	1595920816153	-8.330	1.795	0.390	2.198	-0.214	-3.080	127.738350	37.885178
1595920816172	1595920816172	-7.779	2.430	0.393	1.996	-0.369	-2.781	127.738350	37.885178
1595920816193	1595920816191	-9.171	2.166	0.572	1.556	-0.331	-2.476	127.738350	37.885178
1595920816213	1595920816212	-9.847	3.065	0.522	1.193	-0.448	-2.078	127.738350	37.885178
1595920816234	1595920816231	-8.826	4.286	0.673	0.899	-0.650	-1.539	127.738350	37.885178
1595920816259	1595920816250	-9.030	3.855	0.984	0.376	-0.592	-1.000	127.738350	37.885178
1595920816271	1595920816269	-10.374	2.983	1.147	-0.087	-0.457	-0.428	127.738350	37.885178
1595920816292	1595920816289	-9.851	2.684	1.384	-0.247	-0.512	0.165	127.738350	37.885178
1595920816311	1595920816309	-8.841	2.494	1.873	-0.325	-0.532	0.708	127.738350	37.885178
1595920816334	1595920816331	-10.922	1.970	1.480	-0.572	-0.250	1.222	127.738350	37.885178
1595920816351	1595920816350	-13.191	1.678	0.309	-1.142	-0.050	1.760	127.738350	37.885178
1595920816373	1595920816373	-13.450	0.851	0.105	-1.896	-0.081	2.267	127.738350	37.885178
1595920816391	1595920816389	-15.919	-0.464	0.843	-2.485	0.265	2.767	127.738350	37.885178
1595920816411	1595920816411	-18.209	-1.362	1.408	-2.772	0.393	3.274	127.738350	37.885178
1595920816435	1595920816432	-17.275	-1.892	1.332	-2.887	0.247	3.670	127.738350	37.885178
1595920816455	1595920816449	-16.477	-2.543	1.710	-2.820	0.316	3.976	127.738350	37.885178
1595920816477	1595920816471	-15.948	-3.375	2.443	-2.376	0.337	4.155	127.738350	37.885178
1595920816490	1595920816488	-13.965	-3.741	2.493	-1.562	0.178	4.127	127.738350	37.885178
1595920816512	1595920816510	-11.854	-3.789	2.045	-0.618	0.081	3.953	127.738350	37.885178
1595920816529	1595920816527	-9.923	-3.748	1.657	0.146	-0.009	3.697	127.738350	37.885178
1595920816550	1595920816550	-8.012	-3.274	1.262	0.523	-0.072	3.373	127.738350	37.885178
1595920816569	1595920816568	-6.685	-2.527	1.049	0.453	-0.042	3.022	127.738350	37.885178
1595920816594	1595920816590	-6.388	-2.026	1.272	-0.002	0.015	2.685	127.738350	37.885178
1595920816619	1595920816613	-7.063	-2.098	1.545	-0.681	0.049	2.392	127.738350	37.885178
1595920816631	1595920816631	-8.251	-2.840	1.760	-1.277	0.034	2.169	127.738350	37.885178
1595920816649	1595920816647	-9.138	-3.382	1.631	-1.638	-0.058	2.000	127.738350	37.885178
1595920816669	1595920816667	-10.026	-3.482	1.447	-1.916	-0.129	1.894	127.738350	37.885178
1595920816689	1595920816686	-10.977	-3.988	1.140	-2.178	-0.184	1.824	127.738350	37.885178
1595920816709	1595920816706	-11.641	-4.704	0.975	-2.221	-0.245	1.748	127.738350	37.885178
1595920816727	1595920816726	-11.337	-5.344	1.145	-1.940	-0.281	1.645	127.738350	37.885178
1595920816749	1595920816749	-10.046	-5.550	1.121	-1.617	-0.290	1.443	127.738350	37.885178
1595920816775	1595920816774	-9.502	-5.368	1.109	-1.450	-0.171	1.086	127.738350	37.885159
1595920816797	1595920816795	-11.250	-5.696	1.370	-1.375	0.094	0.604	127.738350	37.885159
1595920816817	1595920816816	-13.418	-6.125	1.430	-0.926	0.258	0.018	127.738350	37.885159
1595920816834	1595920816827	-14.041	-6.000	1.447	-0.051	0.231	-0.570	127.738350	37.885159
1595920816848	1595920816846	-14.230	-5.420	0.670	0.656	0.262	-1.236	127.738350	37.885159
1595920816868	1595920816866	-15.376	-4.886	0.244	1.150	0.433	-2.009	127.738350	37.885159
1595920816888	1595920816886	-16.250	-4.177	0.105	1.720	0.513	-2.883	127.738350	37.885159
1595920816907	1595920816905	-16.849	-3.068	-0.125	2.368	0.603	-3.710	127.738350	37.885159
1595920816928	1595920816926	-16.990	-1.956	-0.345	2.768	0.621	-4.328	127.738350	37.885159
1595920816947	1595920816944	-15.850	-1.470	-0.355	2.850	0.506	-4.647	127.738350	37.885159
1595920816968	1595920816968	-14.355	-1.331	0.088	2.876	0.389	-4.721	127.738350	37.885159
1595920816989	1595920816989	-13.450	-1.049	0.692	2.915	0.299	-4.652	127.738350	37.885159
1595920817009	1595920817006	-11.883	-0.409	0.764	2.850	0.084	-4.483	127.738350	37.885159
1595920817026	1595920817024	-9.370	0.235	0.378	2.679	-0.216	-4.233	127.738350	37.885159
1595920817046	1595920817043	-8.036	0.640	0.440	2.434	-0.316	-3.901	127.738350	37.885159
1595920817065	1595920817063	-9.209	1.162	0.654	2.080	-0.184	-3.546	127.738350	37.885159
1595920817086	1595920817083	-9.533	2.202	0.685	1.699	-0.329	-3.140	127.738350	37.885159
1595920817105	1595920817103	-8.191	3.024	0.637	1.376	-0.615	-2.729	127.738350	37.885159
1595920817125	1595920817123	-7.643	3.191	0.594	1.024	-0.666	-2.304	127.738350	37.885159
1595920817145	1595920817143	-8.421	3.271	0.476	0.670	-0.655	-1.821	127.738350	37.885159
1595920817164	1595920817164	-9.760	3.443	0.349	0.293	-0.660	-1.310	127.738350	37.885159
1595920817188	1595920817184	-10.117	3.733	0.345	-0.058	-0.726	-0.803	127.738350	37.885159
1595920817204	1595920817202	-9.152	3.213	0.644	-0.249	-0.794	-0.339	127.738350	37.885159
1595920817225	1595920817225	-8.060	2.082	1.415	-0.327	-0.695	0.054	127.738350	37.885159
1595920817245	1595920817242	-8.266	1.155	2.112	-0.325	-0.418	0.436	127.738350	37.885159
1595920817265	1595920817265	-11.107	0.628	1.693	-0.281	0.031	0.850	127.738350	37.885159
1595920817283	1595920817282	-14.832	0.192	1.260	-0.300	0.456	1.412	127.738350	37.885159
1595920817304	1595920817302	-16.710	-0.435	1.605	-0.461	0.563	2.011	127.738350	37.885159
1595920817323	1595920817322	-17.371	-1.267	2.386	-0.518	0.613	2.569	127.738350	37.885159
1595920817344	1595920817341	-16.810	-1.439	2.541	-0.363	0.743	3.034	127.738350	37.885159
1595920817364	1595920817363	-15.177	-1.588	2.915	-0.278	0.838	3.320	127.738350	37.885159
1595920817384	1595920817384	-14.218	-2.253	3.497	-0.334	0.897	3.382	127.738350	37.885159
1595920817403	1595920817401	-12.805	-2.637	3.605	-0.311	0.822	3.289	127.738350	37.885159
1595920817430	1595920817423	-10.884	-2.572	3.344	-0.159	0.677	3.070	127.738350	37.885159
1595920817443	1595920817440	-9.140	-2.404	2.860	-0.038	0.571	2.759	127.738350	37.885159
1595920817463	1595920817461	-7.811	-2.359	2.326	0.022	0.515	2.468	127.738350	37.885159
1595920817484	1595920817480	-6.936	-2.234	1.942	0.085	0.494	2.187	127.738350	37.885159
1595920817504	1595920817503	-6.450	-1.899	1.734	0.067	0.471	1.919	127.738350	37.885159
1595920817523	1595920817521	-6.402	-1.679	1.653	-0.134	0.441	1.712	127.738350	37.885159
1595920817542	1595920817540	-6.871	-1.844	1.700	-0.430	0.423	1.611	127.738350	37.885159
1595920817561	1595920817560	-7.389	-2.213	1.875	-0.677	0.381	1.601	127.738350	37.885159
1595920817581	1595920817581	-7.638	-2.558	1.952	-0.834	0.304	1.654	127.738350	37.885159
1595920817602	1595920817601	-8.500	-2.742	2.036	-0.935	0.297	1.758	127.738350	37.885159
1595920817621	1595920817621	-10.108	-2.843	2.319	-1.078	0.321	1.920	127.738350	37.885159
1595920817642	1595920817640	-11.370	-3.164	2.376	-1.324	0.265	2.071	127.738350	37.885159
1595920817661	1595920817660	-11.334	-3.559	2.311	-1.615	0.141	2.157	127.738350	37.885159
1595920817684	1595920817680	-10.606	-3.847	2.172	-1.876	0.060	2.135	127.738350	37.885159
1595920817702	1595920817700	-11.701	-4.208	2.105	-2.074	0.149	1.944	127.738350	37.885159
1595920817721	1595920817719	-14.223	-5.068	2.486	-2.149	0.263	1.583	127.738350	37.885159
1595920817750	1595920817749	-13.668	-5.646	2.996	-2.031	0.043	0.981	127.738350	37.885159
1595920817766	1595920817763	-11.337	-5.195	2.347	-1.688	-0.171	0.224	127.738350	37.885143
1595920817781	1595920817779	-13.162	-4.781	1.396	-1.185	0.187	-0.593	127.738350	37.885143
1595920817801	1595920817799	-16.233	-4.484	1.188	-0.613	0.443	-1.497	127.738350	37.885143
1595920817820	1595920817819	-16.499	-4.036	1.018	0.166	0.412	-2.415	127.738350	37.885143
1595920817842	1595920817840	-15.996	-3.250	0.567	1.025	0.471	-3.192	127.738350	37.885143
1595920817861	1595920817859	-15.941	-2.713	0.328	1.539	0.559	-3.716	127.738350	37.885143
1595920817886	1595920817882	-14.726	-2.812	0.443	1.880	0.501	-3.970	127.738350	37.885143
1595920817905	1595920817900	-12.642	-2.409	0.345	2.316	0.420	-4.064	127.738350	37.885143
1595920817926	1595920817922	-10.726	-1.485	0.309	2.659	0.335	-4.041	127.738350	37.885143
1595920817941	1595920817938	-9.193	-0.905	0.481	2.698	0.231	-3.934	127.738350	37.885143
1595920817965	1595920817962	-8.493	-0.775	0.862	2.506	0.169	-3.767	127.738350	37.885143
1595920817980	1595920817978	-8.963	-0.787	1.248	2.302	0.120	-3.591	127.738350	37.885143
1595920818004	1595920818003	-9.358	-0.201	1.145	2.117	-0.009	-3.408	127.738350	37.885143
1595920818020	1595920818020	-8.330	0.556	0.692	1.906	-0.286	-3.178	127.738350	37.885143
1595920818047	1595920818039	-7.616	0.782	0.723	1.676	-0.440	-2.918	127.738350	37.885143
1595920818059	1595920818057	-8.637	1.182	0.793	1.482	-0.452	-2.601	127.738350	37.885143
1595920818083	1595920818078	-9.919	1.948	0.795	1.238	-0.544	-2.238	127.738350	37.885143
1595920818104	1595920818104	-10.213	2.468	0.793	0.852	-0.751	-1.869	127.738350	37.885143
1595920818120	1595920818117	-9.863	3.079	0.565	0.373	-0.913	-1.467	127.738350	37.885143
1595920818139	1595920818136	-9.150	3.465	0.476	-0.092	-0.977	-1.005	127.738350	37.885143
1595920818159	1595920818156	-8.587	2.837	0.934	-0.527	-0.916	-0.549	127.738350	37.885143
1595920818178	1595920818175	-9.154	1.903	1.367	-0.730	-0.811	-0.132	127.738350	37.885143
1595920818198	1595920818196	-11.404	2.420	0.661	-0.729	-0.596	0.339	127.738350	37.885143
1595920818220	1595920818216	-13.047	2.660	0.117	-1.175	-0.412	0.930	127.738350	37.885143
1595920818238	1595920818234	-13.725	0.858	0.436	-1.994	-0.327	1.537	127.738350	37.885143
1595920818258	1595920818255	-15.270	-0.665	0.838	-2.462	-0.061	2.203	127.738350	37.885143
1595920818278	1595920818276	-16.147	-0.864	0.946	-2.556	0.090	2.868	127.738350	37.885143
1595920818299	1595920818294	-16.238	-1.511	1.571	-2.662	0.207	3.464	127.738350	37.885143
1595920818317	1595920818314	-16.564	-3.116	2.802	-2.511	0.301	3.943	127.738350	37.885143
1595920818337	1595920818334	-15.747	-3.743	3.650	-1.757	0.222	4.202	127.738350	37.885143
1595920818356	1595920818354	-13.524	-3.039	3.380	-0.879	0.090	4.207	127.738350	37.885143
1595920818377	1595920818373	-11.509	-2.912	2.726	-0.498	0.050	3.982	127.738350	37.885143
1595920818396	1595920818395	-10.029	-3.329	2.608	-0.690	-0.146	3.642	127.738350	37.885143
1595920818417	1595920818413	-8.153	-3.693	1.741	-0.500	-0.250	3.353	127.738350	37.885143
1595920818439	1595920818436	-7.058	-2.586	2.108	-0.554	-0.231	3.020	127.738350	37.885143
1595920818455	1595920818454	-6.464	-2.977	1.801	-1.054	-0.343	2.664	127.738350	37.885143
1595920818479	1595920818479	-6.704	-3.557	1.581	-1.353	-0.318	2.437	127.738350	37.885143
1595920818495	1595920818493	-7.403	-4.019	1.564	-1.246	-0.282	2.233	127.738350	37.885143
1595920818518	1595920818514	-8.033	-4.072	1.353	-0.911	-0.282	2.080	127.738350	37.885143
1595920818534	1595920818532	-9.013	-4.081	1.303	-0.660	-0.258	1.931	127.738350	37.885143
1595920818555	1595920818552	-9.964	-4.469	1.097	-0.538	-0.221	1.821	127.738350	37.885143
1595920818574	1595920818572	-10.089	-4.649	0.836	-0.358	-0.237	1.693	127.738350	37.885143
1595920818595	1595920818593	-9.947	-4.766	1.181	-0.137	-0.189	1.562	127.738350	37.885143
1595920818613	1595920818612	-9.059	-5.035	1.516	-0.042	-0.149	1.338	127.738350	37.885143
1595920818634	1595920818634	-8.742	-4.939	1.566	0.022	-0.016	0.999	127.738350	37.885143
1595920818660	1595920818657	-11.035	-4.814	1.574	0.167	0.217	0.550	127.738350	37.885143
1595920818677	1595920818672	-14.501	-4.639	1.715	0.389	0.399	0.072	127.738350	37.885143
1595920818695	1595920818695	-14.952	-3.842	1.643	0.422	0.260	-0.531	127.738350	37.885143
1595920818713	1595920818711	-14.750	-3.588	0.874	0.383	0.128	-1.235	127.738350	37.885143
1595920818834	1595920818834	-16.231	-3.557	0.445	0.588	0.320	-1.984	127.738350	37.885124
1595920818834	1595920818834	-17.050	-2.745	0.551	0.846	0.330	-2.713	127.738350	37.885124
1595920818834	1595920818834	-16.739	-1.499	0.855	1.084	0.246	-3.283	127.738350	37.885124
1595920818835	1595920818835	-16.336	-0.201	1.178	1.290	0.173	-3.555	127.738350	37.885124
1595920818835	1595920818835	-14.983	0.295	1.633	1.227	-0.018	-3.549	127.738350	37.885124
1595920818860	1595920818844	-12.776	0.221	1.394	0.754	-0.227	-3.448	127.738350	37.885124
1595920818862	1595920818860	-10.826	0.477	0.819	0.079	-0.299	-3.241	127.738350	37.885124
1595920818871	1595920818870	-8.922	0.480	0.500	-0.597	-0.283	-3.022	127.738350	37.885124
1595920818891	1595920818889	-7.288	-0.062	0.438	-1.113	-0.162	-2.839	127.738350	37.885124
1595920818911	1595920818909	-6.493	-0.395	0.711	-1.168	0.060	-2.655	127.738350	37.885124
1595920818931	1595920818929	-6.622	-0.215	1.080	-0.793	0.268	-2.456	127.738350	37.885124
1595920818952	1595920818950	-6.524	-0.167	0.994	-0.309	0.323	-2.293	127.738350	37.885124
1595920818972	1595920818970	-5.966	-0.354	0.608	0.209	0.299	-2.161	127.738350	37.885124
1595920818992	1595920818990	-6.493	-0.059	0.603	0.732	0.363	-1.992	127.738350	37.885124
1595920819010	1595920819008	-8.817	0.250	0.963	1.264	0.489	-1.757	127.738350	37.885124
1595920819030	1595920819029	-10.922	0.377	1.080	1.755	0.450	-1.541	127.738350	37.885124
1595920819055	1595920819052	-11.138	1.016	0.977	2.044	0.251	-1.392	127.738350	37.885124
