1595920819070	1595920819070	-10.484	1.661	1.391	2.075	0.124	-1.186	127.738350	37.885124
1595920819091	1595920819091	-10.831	1.761	2.527	1.980	0.181	-0.885	127.738350	37.885124
1595920819114	1595920819108	-11.581	1.804	2.992	1.638	0.201	-0.556	127.738350	37.885124
1595920819129	1595920819128	-12.745	1.860	2.455	0.853	0.166	-0.231	127.738350	37.885124
1595920819149	1595920819148	-13.409	2.135	1.703	-0.161	0.079	0.161	127.738350	37.885124
1595920819170	1595920819168	-12.867	2.015	2.438	-0.941	-0.049	0.646	127.738350	37.885124
1595920819189	1595920819188	-13.965	0.597	3.265	-1.249	0.025	1.138	127.738350	37.885124
1595920819209	1595920819208	-15.936	-0.713	2.527	-1.364	0.143	1.535	127.738350	37.885124
1595920819229	1595920819227	-16.044	-1.322	2.024	-1.435	0.050	1.919	127.738350	37.885124
1595920819249	1595920819247	-15.316	-2.100	2.699	-1.191	-0.011	2.334	127.738350	37.885124
1595920819268	1595920819267	-14.228	-2.273	3.190	-0.756	-0.030	2.665	127.738350	37.885124
1595920819291	1595920819287	-12.228	-2.237	2.917	-0.558	-0.115	2.805	127.738350	37.885124
1595920819315	1595920819310	-9.998	-2.661	2.402	-0.577	-0.207	2.803	127.738350	37.885124
1595920819333	1595920819329	-8.136	-3.003	1.890	-0.557	-0.266	2.724	127.738350	37.885124
1595920819348	1595920819346	-6.876	-2.943	1.490	-0.396	-0.263	2.585	127.738350	37.885124
1595920819368	1595920819366	-6.227	-2.644	1.202	-0.192	-0.237	2.420	127.738350	37.885124
1595920819388	1595920819386	-5.990	-2.474	1.181	-0.104	-0.232	2.267	127.738350	37.885124
1595920819407	1595920819406	-6.009	-2.632	1.142	-0.181	-0.256	2.111	127.738350	37.885124
1595920819429	1595920819429	-6.474	-2.800	0.826	-0.342	-0.256	1.964	127.738350	37.885124
1595920819447	1595920819445	-7.181	-2.840	0.759	-0.508	-0.261	1.850	127.738350	37.885124
1595920819470	1595920819468	-7.825	-2.836	0.840	-0.715	-0.270	1.763	127.738350	37.885124
1595920819487	1595920819485	-8.431	-3.104	1.372	-0.933	-0.260	1.725	127.738350	37.885124
1595920819514	1595920819514	-9.629	-3.813	1.583	-1.076	-0.184	1.756	127.738350	37.885124
1595920819528	1595920819527	-11.001	-4.256	1.612	-1.120	-0.099	1.769	127.738350	37.885124
1595920819547	1595920819545	-11.159	-4.429	1.609	-1.195	-0.114	1.694	127.738350	37.885124
1595920819566	1595920819565	-10.680	-4.814	2.005	-1.297	-0.084	1.452	127.738350	37.885124
1595920819586	1595920819585	-10.575	-4.855	2.407	-1.385	0.010	1.030	127.738350	37.885124
1595920819606	1595920819605	-11.806	-4.577	2.319	-1.390	0.157	0.498	127.738350	37.885124
1595920819628	1595920819625	-13.212	-4.821	2.726	-1.104	0.221	-0.011	127.738350	37.885124
1595920819646	1595920819644	-12.889	-5.315	2.105	-0.513	0.088	-0.506	127.738350	37.885124
1595920819671	1595920819665	-13.984	-5.737	0.924	0.388	0.251	-0.951	127.738350	37.885124
1595920819712	1595920819705	-15.586	-5.456	0.203	1.336	0.399	-1.436	127.738350	37.885124
1595920819714	1595920819712	-16.298	-4.235	-0.532	2.144	0.389	-2.021	127.738350	37.885124
1595920819726	1595920819725	-16.463	-2.385	-0.868	2.637	0.393	-2.595	127.738350	37.885124
1595920819749	1595920819745	-15.701	-1.144	-0.599	2.673	0.366	-3.005	127.738350	37.885124
1595920819772	1595920819770	-13.493	-1.190	0.112	2.398	0.289	-3.226	127.738350	37.885109
1595920819792	1595920819790	-11.030	-1.640	0.663	2.094	0.206	-3.346	127.738350	37.885109
1595920819804	1595920819802	-9.169	-1.707	0.685	1.780	0.171	-3.391	127.738350	37.885109
1595920819825	1595920819822	-8.079	-1.453	0.644	1.341	0.230	-3.330	127.738350	37.885109
1595920819844	1595920819842	-7.456	-1.394	0.515	0.933	0.291	-3.247	127.738350	37.885109
1595920819863	1595920819861	-7.020	-1.176	0.409	0.792	0.339	-3.156	127.738350	37.885109
1595920819886	1595920819885	-6.783	-0.823	0.361	0.882	0.343	-2.996	127.738350	37.885109
1595920819904	1595920819903	-6.876	-0.723	0.266	1.050	0.339	-2.787	127.738350	37.885109
1595920819927	1595920819922	-7.475	-0.752	0.359	1.227	0.321	-2.538	127.738350	37.885109
1595920819950	1595920819949	-8.587	-0.438	0.670	1.391	0.246	-2.256	127.738350	37.885109
1595920819963	1595920819961	-9.890	0.298	1.008	1.455	0.103	-1.923	127.738350	37.885109
1595920819982	1595920819981	-10.767	0.918	0.989	1.294	-0.129	-1.593	127.738350	37.885109
1595920820003	1595920820001	-11.212	1.357	0.790	0.909	-0.332	-1.283	127.738350	37.885109
1595920820023	1595920820020	-10.958	2.013	0.955	0.451	-0.500	-0.961	127.738350	37.885109
1595920820043	1595920820040	-10.038	2.439	1.511	-0.055	-0.604	-0.641	127.738350	37.885109
1595920820062	1595920820061	-10.086	2.003	2.326	-0.589	-0.575	-0.347	127.738350	37.885109
1595920820082	1595920820082	-11.948	1.369	2.256	-1.032	-0.437	-0.006	127.738350	37.885109
1595920820113	1595920820103	-12.690	0.997	1.341	-1.398	-0.421	0.413	127.738350	37.885109
1595920820139	1595920820138	-12.072	0.532	0.936	-1.671	-0.452	0.895	127.738350	37.885109
1595920820158	1595920820158	-14.695	-0.732	1.636	-1.801	-0.097	1.519	127.738350	37.885109
1595920820161	1595920820159	-17.131	-1.961	2.168	-1.777	0.023	2.192	127.738350	37.885109
1595920820181	1595920820180	-15.855	-2.186	2.211	-1.555	-0.199	2.710	127.738350	37.885109
1595920820203	1595920820201	-14.587	-2.424	2.611	-1.284	-0.130	3.062	127.738350	37.885109
1595920820224	1595920820221	-13.823	-2.960	3.198	-1.071	-0.039	3.265	127.738350	37.885109
1595920820243	1595920820241	-11.658	-3.205	3.119	-0.843	-0.149	3.259	127.738350	37.885109
1595920820263	1595920820263	-9.504	-3.149	2.472	-0.539	-0.203	3.125	127.738350	37.885109
1595920820284	1595920820284	-8.098	-3.087	1.763	-0.227	-0.203	2.981	127.738350	37.885109
1595920820315	1595920820304	-6.991	-2.977	1.193	0.000	-0.233	2.846	127.738350	37.885109
1595920820333	1595920820332	-6.275	-2.848	1.085	0.120	-0.227	2.705	127.738350	37.885109
1595920820351	1595920820351	-6.052	-2.831	1.097	0.143	-0.218	2.566	127.738350	37.885109
1595920820361	1595920820360	-6.380	-2.828	0.994	0.128	-0.191	2.439	127.738350	37.885109
1595920820387	1595920820383	-7.478	-2.893	1.042	0.097	-0.122	2.359	127.738350	37.885109
1595920820403	1595920820401	-8.730	-3.276	1.320	0.080	-0.100	2.329	127.738350	37.885109
1595920820423	1595920820421	-9.035	-3.473	1.329	0.031	-0.156	2.288	127.738350	37.885109
1595920820443	1595920820443	-8.960	-3.252	1.202	-0.226	-0.172	2.217	127.738350	37.885109
1595920820462	1595920820460	-10.000	-3.693	1.197	-0.637	-0.086	2.146	127.738350	37.885109
1595920820481	1595920820481	-11.394	-4.441	1.320	-0.925	-0.010	2.038	127.738350	37.885109
1595920820504	1595920820502	-11.339	-4.898	1.643	-1.085	-0.047	1.792	127.738350	37.885109
1595920820528	1595920820528	-9.935	-4.805	1.751	-1.282	-0.090	1.361	127.738350	37.885109
1595920820553	1595920820543	-10.453	-4.508	1.633	-1.419	0.123	0.849	127.738350	37.885109
1595920820560	1595920820560	-13.505	-4.800	2.307	-1.333	0.402	0.329	127.738350	37.885109
1595920820582	1595920820579	-14.123	-5.147	2.522	-1.100	0.289	-0.320	127.738350	37.885109
1595920820602	1595920820599	-13.450	-5.099	1.722	-0.657	0.187	-0.996	127.738350	37.885109
1595920820621	1595920820619	-14.949	-5.162	1.164	-0.076	0.376	-1.593	127.738350	37.885109
1595920820641	1595920820639	-16.231	-4.733	0.829	0.487	0.456	-2.228	127.738350	37.885109
1595920820661	1595920820661	-16.573	-3.736	0.433	1.110	0.489	-2.918	127.738350	37.885109
1595920820680	1595920820679	-16.760	-2.577	0.251	1.689	0.564	-3.475	127.738350	37.885109
1595920820703	1595920820703	-16.032	-1.815	0.266	1.989	0.580	-3.811	127.738350	37.885109
1595920820729	1595920820718	-13.737	-1.262	0.294	2.098	0.480	-3.932	127.738350	37.885109
1595920820745	1595920820737	-11.471	-0.934	0.313	2.104	0.412	-3.900	127.738350	37.885109
1595920820761	1595920820759	-9.885	-1.039	0.359	2.000	0.387	-3.777	127.738358	37.885090
1595920820779	1595920820779	-8.766	-0.893	0.438	1.926	0.356	-3.575	127.738358	37.885090
1595920820799	1595920820796	-8.297	-0.311	0.608	1.863	0.314	-3.347	127.738358	37.885090
1595920820820	1595920820819	-8.206	0.183	0.776	1.762	0.268	-3.101	127.738358	37.885090
1595920820840	1595920820839	-8.007	0.561	0.843	1.622	0.163	-2.866	127.738358	37.885090
1595920820859	1595920820857	-7.708	1.124	0.896	1.501	0.008	-2.591	127.738358	37.885090
1595920820881	1595920820877	-8.079	1.975	0.879	1.339	-0.115	-2.272	127.738358	37.885090
1595920820900	1595920820899	-8.757	2.758	0.714	1.063	-0.256	-1.906	127.738358	37.885090
1595920820923	1595920820916	-9.341	3.158	0.531	0.662	-0.400	-1.530	127.738358	37.885090
1595920820950	1595920820939	-9.657	3.323	0.476	0.229	-0.503	-1.167	127.738358	37.885090
1595920820960	1595920820960	-9.696	3.259	0.876	-0.072	-0.571	-0.766	127.738358	37.885090
1595920820980	1595920820980	-9.535	2.945	1.478	-0.198	-0.602	-0.295	127.738358	37.885090
1595920820998	1595920820996	-10.431	2.775	1.763	-0.280	-0.529	0.165	127.738358	37.885090
1595920821019	1595920821016	-12.956	2.897	1.106	-0.584	-0.339	0.621	127.738358	37.885090
1595920821039	1595920821035	-14.762	2.470	0.445	-1.172	-0.237	1.112	127.738358	37.885090
1595920821057	1595920821054	-14.595	1.055	0.599	-1.792	-0.311	1.568	127.738358	37.885090
1595920821077	1595920821075	-16.144	-0.435	0.917	-2.128	-0.064	2.009	127.738358	37.885090
1595920821097	1595920821094	-17.098	-0.986	0.924	-2.131	0.078	2.439	127.738358	37.885090
1595920821117	1595920821116	-15.788	-1.391	1.389	-1.924	0.031	2.777	127.738358	37.885090
1595920821149	1595920821139	-15.014	-2.412	2.517	-1.556	0.130	3.054	127.738358	37.885090
1595920821160	1595920821156	-13.883	-3.018	2.958	-1.039	0.141	3.190	127.738358	37.885090
1595920821175	1595920821174	-11.528	-2.701	2.520	-0.538	0.030	3.189	127.738358	37.885090
1595920821195	1595920821193	-9.358	-2.407	1.918	-0.269	-0.023	3.120	127.738358	37.885090
1595920821221	1595920821220	-7.928	-2.500	1.360	-0.215	-0.059	3.045	127.738358	37.885090
1595920821237	1595920821233	-7.437	-2.527	1.116	-0.303	-0.073	2.943	127.738358	37.885090
1595920821254	1595920821253	-7.288	-2.431	1.116	-0.536	-0.138	2.831	127.738358	37.885090
1595920821275	1595920821272	-7.276	-2.673	1.152	-0.830	-0.206	2.737	127.738358	37.885090
1595920821295	1595920821293	-7.789	-3.075	1.104	-1.030	-0.184	2.693	127.738358	37.885090
1595920821314	1595920821314	-8.500	-3.284	1.197	-1.104	-0.166	2.662	127.738358	37.885090
1595920821339	1595920821336	-9.090	-3.866	1.291	-1.086	-0.194	2.646	127.738358	37.885090
1595920821360	1595920821353	-9.842	-4.328	1.035	-0.944	-0.171	2.554	127.738358	37.885090
1595920821374	1595920821374	-10.872	-4.302	1.054	-0.691	-0.129	2.438	127.738358	37.885090
1595920821397	1595920821395	-11.696	-4.601	1.425	-0.634	-0.086	2.268	127.738358	37.885090
1595920821420	1595920821412	-11.222	-5.578	1.765	-0.674	-0.119	1.973	127.738358	37.885090
1595920821440	1595920821434	-9.883	-6.072	1.763	-0.566	-0.131	1.548	127.738358	37.885090
1595920821452	1595920821452	-9.432	-5.727	1.791	-0.391	0.029	1.017	127.738358	37.885090
1595920821473	1595920821471	-11.013	-5.176	2.263	-0.360	0.247	0.439	127.738358	37.885090
1595920821493	1595920821491	-13.670	-5.291	2.479	-0.348	0.382	-0.238	127.738358	37.885090
1595920821515	1595920821515	-13.129	-5.509	2.560	-0.048	0.186	-0.914	127.738358	37.885090
1595920821535	1595920821535	-12.036	-5.291	1.504	0.507	0.022	-1.550	127.738358	37.885090
1595920821560	1595920821553	-15.519	-4.889	0.797	1.171	0.335	-2.137	127.738358	37.885090
1595920821575	1595920821574	-18.780	-3.928	0.424	1.684	0.326	-2.787	127.738358	37.885090
1595920821599	1595920821599	-19.115	-2.409	0.222	1.985	0.058	-3.520	127.738358	37.885090
1595920821619	1595920821612	-17.864	-0.706	-0.087	2.030	-0.137	-4.047	127.738358	37.885090
1595920821633	1595920821633	-16.545	0.185	0.004	1.761	-0.113	-4.244	127.738358	37.885090
1595920821651	1595920821650	-14.774	0.005	0.024	1.346	-0.159	-4.256	127.738358	37.885090
1595920821671	1595920821670	-12.151	-0.615	-0.178	1.097	-0.269	-4.142	127.738358	37.885090
1595920821691	1595920821689	-10.034	-0.929	-0.271	0.978	-0.246	-3.950	127.738358	37.885090
1595920821715	1595920821715	-9.047	-0.608	-0.369	0.879	-0.092	-3.756	127.738358	37.885090
1595920821732	1595920821730	-8.503	-0.229	-0.352	0.857	0.012	-3.590	127.738358	37.885090
1595920821761	1595920821761	-7.787	0.329	-0.288	0.933	0.037	-3.427	127.738358	37.885090
1595920821779	1595920821779	-7.219	0.782	-0.242	1.096	0.041	-3.179	127.738358	37.885090
1595920821790	1595920821788	-7.502	0.774	-0.285	1.180	0.072	-2.857	127.738358	37.885090
1595920821816	1595920821816	-8.292	1.172	-0.237	1.122	0.083	-2.487	127.738358	37.885078
1595920821838	1595920821837	-8.872	1.769	0.052	1.037	0.013	-2.070	127.738358	37.885078
1595920821851	1595920821847	-9.487	2.123	0.754	0.984	-0.041	-1.633	127.738358	37.885078
1595920821872	1595920821871	-9.665	2.782	1.173	0.973	-0.171	-1.178	127.738358	37.885078
1595920821890	1595920821888	-9.380	3.580	1.250	0.813	-0.284	-0.748	127.738358	37.885078
1595920821909	1595920821907	-9.118	3.421	1.648	0.382	-0.306	-0.324	127.738358	37.885078
1595920821930	1595920821928	-8.980	2.729	2.266	-0.037	-0.302	0.121	127.738358	37.885078
1595920821952	1595920821950	-9.703	2.219	2.570	-0.260	-0.299	0.544	127.738358	37.885078
1595920821972	1595920821968	-12.240	1.989	1.348	-0.583	-0.197	0.967	127.738358	37.885078
1595920821991	1595920821986	-14.607	1.563	-0.043	-1.199	-0.082	1.457	127.738358	37.885078
1595920822013	1595920822013	-15.304	0.223	0.098	-1.893	-0.148	1.944	127.738358	37.885078
1595920822029	1595920822027	-16.403	-1.396	0.955	-2.242	-0.050	2.421	127.738358	37.885078
1595920822050	1595920822047	-16.966	-1.940	1.176	-2.210	0.025	2.901	127.738358	37.885078
1595920822068	1595920822067	-15.737	-1.937	1.090	-2.108	-0.014	3.296	127.738358	37.885078
1595920822089	1595920822086	-14.894	-2.560	1.607	-1.994	0.061	3.618	127.738358	37.885078
1595920822109	1595920822109	-13.924	-3.446	2.489	-1.660	0.073	3.832	127.738358	37.885078
1595920822132	1595920822131	-12.043	-3.667	2.640	-1.074	-0.012	3.936	127.738358	37.885078
1595920822153	1595920822146	-10.441	-3.703	2.326	-0.462	-0.044	3.918	127.738358	37.885078
1595920822170	1595920822170	-9.207	-3.739	1.990	-0.024	-0.118	3.782	127.738358	37.885078
1595920822191	1595920822190	-8.179	-3.640	1.748	0.210	-0.171	3.550	127.738358	37.885078
1595920822218	1595920822206	-7.463	-3.387	1.686	0.186	-0.203	3.245	127.738358	37.885078
1595920822226	1595920822225	-7.248	-3.236	1.523	-0.120	-0.225	2.932	127.738358	37.885078
1595920822248	1595920822246	-7.765	-3.427	1.372	-0.476	-0.203	2.639	127.738358	37.885078
1595920822268	1595920822266	-8.632	-4.009	1.226	-0.614	-0.200	2.351	127.738358	37.885078
1595920822287	1595920822285	-9.284	-4.211	0.965	-0.473	-0.190	2.045	127.738358	37.885078
1595920822307	1595920822305	-9.372	-3.789	0.884	-0.375	-0.188	1.783	127.738358	37.885078
1595920822328	1595920822326	-9.665	-3.918	1.114	-0.572	-0.172	1.546	127.738358	37.885078
1595920822351	1595920822345	-10.688	-4.821	1.504	-0.738	-0.085	1.314	127.738358	37.885078
1595920822375	1595920822365	-10.798	-5.363	1.866	-0.595	-0.060	1.097	127.738358	37.885078
1595920822389	1595920822389	-9.576	-5.085	1.969	-0.505	-0.083	0.834	127.738358	37.885078
1595920822406	1595920822404	-9.298	-4.601	2.055	-0.726	0.022	0.496	127.738358	37.885078
1595920822434	1595920822428	-11.337	-5.039	1.849	-1.035	0.190	0.064	127.738358	37.885078
1595920822446	1595920822444	-13.718	-5.689	1.784	-0.825	0.269	-0.451	127.738358	37.885078
1595920822469	1595920822468	-13.888	-5.095	1.461	-0.205	0.104	-1.022	127.738358	37.885078
1595920822486	1595920822484	-14.997	-4.692	0.658	0.287	0.127	-1.596	127.738358	37.885078
1595920822509	1595920822507	-17.009	-4.304	0.179	0.556	0.265	-2.221	127.738358	37.885078
1595920822525	1595920822525	-17.127	-3.818	0.062	0.913	0.197	-2.961	127.738358	37.885078
1595920822545	1595920822543	-17.048	-2.943	-0.271	1.475	0.285	-3.659	127.738358	37.885078
1595920822568	1595920822568	-17.702	-1.762	-0.575	1.908	0.427	-4.190	127.738358	37.885078
1595920822600	1595920822583	-16.499	-1.245	-0.657	1.943	0.368	-4.506	127.738358	37.885078
1595920822612	1595920822603	-13.565	-1.058	-0.501	1.864	0.237	-4.605	127.738358	37.885078
1595920822625	1595920822625	-11.068	-0.577	0.024	1.765	0.217	-4.526	127.738358	37.885078
1595920822645	1595920822643	-9.660	-0.138	0.634	1.270	0.267	-4.344	127.738358	37.885078
1595920822664	1595920822663	-8.900	-0.064	0.852	0.493	0.325	-4.124	127.738358	37.885078
1595920822684	1595920822682	-8.740	0.180	0.613	-0.185	0.406	-3.836	127.738358	37.885078
1595920822705	1595920822702	-8.304	0.441	0.397	-0.550	0.384	-3.510	127.738358	37.885078
1595920822724	1595920822722	-7.351	0.377	0.527	-0.521	0.268	-3.181	127.738358	37.885078
1595920822766	1595920822760	-7.854	0.168	0.891	-0.262	0.273	-2.837	127.738365	37.885063
1595920822768	1595920822766	-9.329	0.406	0.963	0.113	0.252	-2.471	127.738365	37.885063
1595920822785	1595920822780	-9.619	0.997	0.742	0.492	0.048	-2.123	127.738365	37.885063
1595920822803	1595920822801	-9.662	1.663	0.869	0.691	-0.081	-1.763	127.738365	37.885063
1595920822823	1595920822821	-10.170	2.284	1.248	0.760	-0.127	-1.294	127.738365	37.885063
1595920822844	1595920822841	-10.127	2.336	1.674	0.720	-0.230	-0.787	127.738365	37.885063
1595920822864	1595920822862	-8.944	1.742	2.127	0.608	-0.345	-0.297	127.738365	37.885063
1595920822884	1595920822883	-8.714	1.043	2.680	0.502	-0.321	0.187	127.738365	37.885063
1595920822902	1595920822901	-11.421	0.853	2.048	0.310	-0.169	0.685	127.738365	37.885063
1595920822922	1595920822921	-14.108	0.973	0.630	-0.184	-0.075	1.222	127.738365	37.885063
1595920822943	1595920822940	-15.433	0.108	0.543	-0.932	-0.105	1.768	127.738365	37.885063
1595920822966	1595920822961	-16.806	-1.997	1.796	-1.461	-0.073	2.361	127.738365	37.885063
1595920822982	1595920822981	-16.456	-3.291	2.759	-1.295	-0.190	2.935	127.738365	37.885063
1595920823012	1595920823012	-15.349	-2.783	2.874	-0.822	-0.239	3.373	127.738365	37.885063
1595920823023	1595920823021	-15.275	-2.277	2.433	-0.600	-0.166	3.711	127.738365	37.885063
1595920823042	1595920823041	-14.436	-2.687	2.237	-0.578	-0.239	3.928	127.738365	37.885063
1595920823064	1595920823063	-12.688	-3.003	2.055	-0.590	-0.361	3.964	127.738365	37.885063
1595920823083	1595920823082	-11.121	-3.157	1.813	-0.655	-0.414	3.890	127.738365	37.885063
1595920823103	1595920823100	-9.622	-3.626	1.621	-0.687	-0.503	3.754	127.738365	37.885063
1595920823122	1595920823120	-8.361	-3.969	1.298	-0.477	-0.559	3.559	127.738365	37.885063
1595920823143	1595920823140	-7.672	-3.640	1.037	-0.064	-0.508	3.310	127.738365	37.885063
1595920823165	1595920823165	-7.231	-3.140	0.987	0.200	-0.462	3.067	127.738365	37.885063
1595920823180	1595920823180	-7.485	-3.284	0.994	0.189	-0.394	2.870	127.738365	37.885063
1595920823206	1595920823200	-8.757	-3.681	1.118	0.105	-0.272	2.701	127.738365	37.885063
1595920823224	1595920823223	-9.377	-3.928	1.480	0.055	-0.263	2.525	127.738365	37.885063
1595920823245	1595920823245	-9.164	-4.100	1.504	-0.063	-0.286	2.337	127.738365	37.885063
1595920823264	1595920823261	-9.590	-4.086	1.300	-0.215	-0.213	2.128	127.738365	37.885063
1595920823283	1595920823281	-10.685	-4.170	1.207	-0.498	-0.122	1.929	127.738365	37.885063
1595920823302	1595920823299	-10.982	-4.802	1.406	-0.868	-0.114	1.621	127.738365	37.885063
1595920823320	1595920823318	-9.931	-5.202	1.511	-1.022	-0.133	1.238	127.738365	37.885063
1595920823341	1595920823339	-9.174	-4.831	1.540	-1.065	-0.035	0.838	127.738365	37.885063
1595920823360	1595920823360	-10.620	-4.936	1.669	-1.197	0.175	0.416	127.738365	37.885063
1595920823390	1595920823390	-13.574	-5.574	1.823	-1.145	0.391	-0.097	127.738365	37.885063
1595920823404	1595920823403	-13.533	-5.389	1.835	-0.686	0.263	-0.676	127.738365	37.885063
1595920823424	1595920823425	-13.002	-5.044	1.217	-0.066	0.194	-1.254	127.738365	37.885063
1595920823440	1595920823438	-15.512	-4.992	0.601	0.473	0.497	-1.829	127.738365	37.885063
1595920823463	1595920823460	-17.105	-4.500	0.450	0.966	0.558	-2.489	127.738365	37.885063
1595920823482	1595920823477	-16.614	-3.643	0.309	1.542	0.491	-3.216	127.738365	37.885063
1595920823505	1595920823503	-16.521	-2.395	-0.173	2.016	0.574	-3.863	127.738365	37.885063
1595920823520	1595920823516	-16.269	-1.703	-0.393	2.165	0.637	-4.275	127.738365	37.885063
1595920823539	1595920823536	-14.868	-1.643	-0.297	2.132	0.578	-4.477	127.738365	37.885063
1595920823561	1595920823561	-13.145	-1.355	-0.257	2.180	0.536	-4.518	127.738365	37.885063
1595920823579	1595920823577	-11.282	-0.900	-0.084	2.222	0.450	-4.379	127.738365	37.885063
1595920823610	1595920823596	-9.595	-0.819	0.107	2.112	0.373	-4.161	127.738365	37.885063
1595920823621	1595920823616	-8.529	-0.814	0.299	1.940	0.337	-3.893	127.738365	37.885063
1595920823639	1595920823637	-8.565	-0.586	0.548	1.763	0.340	-3.588	127.738365	37.885063
1595920823659	1595920823656	-9.087	-0.148	0.646	1.571	0.295	-3.276	127.738365	37.885063
1595920823680	1595920823679	-8.750	0.461	0.297	1.453	0.079	-2.947	127.738365	37.885063
1595920823699	1595920823695	-8.608	0.659	0.371	1.322	-0.042	-2.605	127.738365	37.885063
1595920823717	1595920823714	-9.262	0.738	0.711	1.131	-0.117	-2.256	127.738365	37.885063
1595920823744	1595920823742	-9.777	1.433	0.819	0.982	-0.266	-1.929	127.738365	37.885063
1595920823760	1595920823759	-10.127	2.375	0.754	0.847	-0.415	-1.579	127.738365	37.885048
1595920823779	1595920823778	-10.180	2.863	0.788	0.534	-0.492	-1.218	127.738365	37.885048
1595920823798	1595920823797	-9.430	2.633	1.293	0.162	-0.563	-0.820	127.738365	37.885048
1595920823822	1595920823821	-9.044	2.233	1.883	-0.080	-0.549	-0.404	127.738365	37.885048
1595920823839	1595920823835	-10.067	1.850	2.144	-0.275	-0.440	0.046	127.738365	37.885048
1595920823862	1595920823854	-11.854	1.639	1.413	-0.437	-0.355	0.545	127.738365	37.885048
1595920823882	1595920823873	-12.374	1.479	0.373	-0.793	-0.360	1.042	127.738365	37.885048
1595920823894	1595920823892	-13.747	0.283	-0.036	-1.444	-0.166	1.583	127.738365	37.885048
1595920823913	1595920823912	-16.315	-1.394	0.802	-1.887	0.159	2.242	127.738365	37.885048
1595920823935	1595920823933	-16.056	-2.404	1.883	-1.701	0.077	2.866	127.738365	37.885048
1595920823955	1595920823953	-14.913	-2.390	2.441	-1.199	0.124	3.363	127.738365	37.885048
1595920823974	1595920823974	-14.719	-2.388	2.503	-0.847	0.313	3.749	127.738365	37.885048
1595920824000	1595920823997	-13.624	-2.922	2.319	-0.613	0.284	3.984	127.738365	37.885048
1595920824018	1595920824018	-12.024	-3.118	2.196	-0.376	0.203	4.037	127.738365	37.885048
1595920824047	1595920824046	-10.697	-3.073	1.964	-0.241	0.157	3.983	127.738365	37.885048
1595920824054	1595920824051	-9.413	-3.054	1.516	-0.246	0.068	3.825	127.738365	37.885048
1595920824078	1595920824072	-8.350	-3.080	1.159	-0.282	-0.020	3.603	127.738365	37.885048
1595920824094	1595920824092	-7.693	-2.955	1.219	-0.317	-0.057	3.344	127.738365	37.885048
1595920824113	1595920824111	-7.324	-2.922	1.300	-0.410	-0.092	3.094	127.738365	37.885048
1595920824133	1595920824131	-7.818	-3.068	1.157	-0.570	-0.077	2.873	127.738365	37.885048
1595920824153	1595920824151	-9.281	-3.389	1.085	-0.726	-0.009	2.672	127.738365	37.885048
1595920824173	1595920824173	-10.273	-3.533	0.929	-0.917	-0.012	2.446	127.738365	37.885048
1595920824193	1595920824192	-10.685	-3.981	1.092	-1.097	-0.036	2.206	127.738365	37.885048
1595920824213	1595920824212	-11.464	-5.063	1.581	-0.975	0.014	1.979	127.738365	37.885048
1595920824241	1595920824241	-11.904	-5.473	1.851	-0.488	0.070	1.718	127.738365	37.885048
1595920824256	1595920824251	-10.848	-4.711	2.026	-0.108	0.059	1.407	127.738365	37.885048
1595920824273	1595920824270	-9.322	-4.268	2.486	-0.095	0.062	1.049	127.738365	37.885048
1595920824293	1595920824290	-9.344	-4.189	2.419	-0.240	0.187	0.626	127.738365	37.885048
1595920824311	1595920824309	-11.995	-4.048	2.613	-0.315	0.377	0.165	127.738365	37.885048
1595920824336	1595920824332	-13.148	-4.354	2.975	-0.392	0.261	-0.332	127.738365	37.885048
1595920824352	1595920824350	-12.415	-4.486	2.251	-0.259	-0.021	-0.853	127.738365	37.885048
1595920824372	1595920824372	-14.583	-4.548	1.379	0.229	0.137	-1.295	127.738365	37.885048
1595920824393	1595920824390	-16.664	-4.086	1.039	0.618	0.150	-1.758	127.738365	37.885048
1595920824410	1595920824410	-15.989	-3.176	0.599	0.775	-0.119	-2.366	127.738365	37.885048
1595920824434	1595920824434	-14.889	-2.328	0.239	0.964	-0.148	-2.963	127.738365	37.885048
1595920824467	1595920824449	-14.537	-1.741	0.244	1.143	-0.010	-3.392	127.738365	37.885048
1595920824479	1595920824479	-13.241	-1.753	0.254	1.220	-0.004	-3.637	127.738365	37.885048
1595920824490	1595920824488	-11.550	-2.107	0.268	1.346	-0.018	-3.745	127.738365	37.885048
1595920824510	1595920824508	-10.383	-2.213	0.361	1.535	0.016	-3.728	127.738365	37.885048
1595920824530	1595920824528	-9.540	-1.973	0.242	1.612	0.032	-3.669	127.738365	37.885048
1595920824550	1595920824548	-8.742	-1.650	0.098	1.548	0.013	-3.592	127.738365	37.885048
1595920824570	1595920824570	-8.484	-1.283	0.182	1.434	0.022	-3.503	127.738365	37.885048
1595920824591	1595920824591	-8.647	-0.859	0.146	1.316	0.035	-3.382	127.738365	37.885048
1595920824610	1595920824610	-8.076	-0.395	-0.041	1.250	-0.080	-3.215	127.738365	37.885048
1595920824634	1595920824634	-7.928	0.111	0.220	1.265	-0.132	-2.961	127.738365	37.885048
1595920824650	1595920824648	-9.370	0.135	0.800	1.322	-0.115	-2.610	127.738365	37.885048
1595920824672	1595920824672	-10.826	0.394	0.910	1.308	-0.228	-2.297	127.738365	37.885048
1595920824690	1595920824687	-11.492	1.031	0.440	1.158	-0.441	-1.991	127.738365	37.885048
1595920824710	1595920824709	-11.662	1.505	0.072	0.893	-0.607	-1.616	127.738365	37.885048
1595920824728	1595920824728	-11.353	1.754	-0.019	0.549	-0.703	-1.240	127.738365	37.885048
1595920824748	1595920824747	-10.254	1.689	0.383	0.224	-0.714	-0.887	127.738365	37.885033
1595920824770	1595920824769	-8.824	1.596	1.245	0.113	-0.692	-0.558	127.738365	37.885033
1595920824789	1595920824785	-9.351	1.570	1.554	0.084	-0.432	-0.211	127.738365	37.885033
1595920824806	1595920824805	-10.999	1.234	1.205	-0.153	-0.091	0.218	127.738365	37.885033
1595920824828	1595920824827	-11.262	1.026	0.927	-0.607	0.000	0.701	127.738365	37.885033
1595920824849	1595920824845	-13.545	0.238	1.188	-1.053	0.433	1.370	127.738365	37.885033
1595920824869	1595920824865	-15.926	-0.807	1.696	-1.312	0.702	2.184	127.738365	37.885033
1595920824892	1595920824889	-15.598	-1.350	2.194	-1.395	0.651	2.911	127.738365	37.885033
1595920824908	1595920824906	-15.196	-2.069	3.246	-1.301	0.764	3.520	127.738365	37.885033
1595920824928	1595920824928	-14.956	-2.907	4.146	-0.983	0.826	3.982	127.738365	37.885033
1595920824947	1595920824945	-13.356	-3.195	3.981	-0.519	0.682	4.185	127.738365	37.885033
1595920824966	1595920824965	-11.267	-3.216	3.044	-0.069	0.585	4.110	127.738365	37.885033
1595920824987	1595920824984	-10.137	-2.325	4.027	-0.593	0.442	3.681	127.738365	37.885033
1595920825007	1595920825007	-8.865	-6.343	1.693	-0.652	-0.157	3.405	127.738365	37.885033
1595920825027	1595920825026	-6.397	-3.305	1.324	0.470	-0.038	3.281	127.738365	37.885033
1595920825057	1595920825057	-6.462	-1.295	1.528	0.433	0.246	2.971	127.738365	37.885033
1595920825067	1595920825065	-6.965	-3.269	0.970	0.208	0.170	2.686	127.738365	37.885033
1595920825096	1595920825095	-6.967	-3.006	1.456	0.612	0.182	2.497	127.738365	37.885033
1595920825106	1595920825107	-7.937	-2.325	2.053	0.670	0.316	2.269	127.738365	37.885033
1595920825130	1595920825130	-8.814	-2.529	1.789	0.281	0.322	2.045	127.738365	37.885033
1595920825148	1595920825148	-9.284	-2.642	1.677	-0.198	0.299	1.835	127.738365	37.885033
1595920825165	1595920825163	-10.002	-3.087	1.995	-0.689	0.294	1.622	127.738365	37.885033
1595920825186	1595920825184	-10.774	-3.609	2.151	-0.952	0.291	1.422	127.738365	37.885033
1595920825205	1595920825203	-10.544	-3.679	2.544	-1.053	0.228	1.189	127.738365	37.885033
1595920825232	1595920825232	-9.808	-3.684	2.841	-1.228	0.166	0.890	127.738365	37.885033
1595920825251	1595920825250	-10.553	-3.799	2.709	-1.368	0.238	0.554	127.738365	37.885033
1595920825271	1595920825264	-12.721	-4.342	2.754	-1.298	0.286	0.281	127.738365	37.885033
1595920825290	1595920825282	-14.286	-4.709	2.927	-1.076	0.174	-0.062	127.738365	37.885033
1595920825307	1595920825308	-15.229	-4.503	2.014	-0.710	0.015	-0.545	127.738365	37.885033
1595920825331	1595920825323	-17.352	-4.637	1.691	-0.183	0.063	-0.998	127.738365	37.885033
1595920825349	1595920825343	-17.553	-4.282	1.739	0.267	-0.094	-1.547	127.738365	37.885033
1595920825364	1595920825362	-16.317	-3.394	1.195	0.721	-0.215	-2.276	127.738365	37.885033
1595920825388	1595920825384	-16.044	-2.601	0.999	1.247	-0.114	-2.931	127.738365	37.885033
1595920825404	1595920825401	-14.959	-2.047	0.697	1.586	-0.170	-3.403	127.738365	37.885033
1595920825424	1595920825424	-12.894	-1.786	0.469	1.697	-0.243	-3.695	127.738365	37.885033
1595920825443	1595920825441	-10.757	-1.417	0.213	1.727	-0.273	-3.847	127.738365	37.885033
1595920825469	1595920825461	-9.169	-1.068	0.072	1.767	-0.273	-3.854	127.738365	37.885033
1595920825486	1595920825482	-8.218	-0.696	0.143	1.833	-0.246	-3.746	127.738365	37.885033
1595920825511	1595920825505	-7.760	-0.342	0.364	1.881	-0.252	-3.583	127.738365	37.885033
1595920825533	1595920825531	-7.595	-0.102	0.407	1.758	-0.281	-3.420	127.738365	37.885033
1595920825548	1595920825541	-7.530	0.286	0.222	1.529	-0.343	-3.242	127.738365	37.885033
1595920825562	1595920825562	-7.806	0.633	0.134	1.383	-0.401	-2.970	127.738365	37.885033
1595920825583	1595920825581	-8.675	0.789	0.424	1.359	-0.449	-2.654	127.738365	37.885033
1595920825603	1595920825601	-9.883	1.071	0.575	1.287	-0.491	-2.341	127.738365	37.885033
1595920825621	1595920825621	-10.668	1.436	0.378	1.092	-0.613	-2.018	127.738365	37.885033
1595920825645	1595920825645	-10.994	2.343	0.095	0.875	-0.756	-1.655	127.738365	37.885033
1595920825668	1595920825663	-10.788	3.675	0.270	0.593	-0.829	-1.251	127.738365	37.885033
1595920825687	1595920825684	-9.729	4.202	0.989	0.090	-0.864	-0.840	127.738365	37.885033
1595920825708	1595920825702	-9.310	3.148	1.672	-0.403	-0.764	-0.389	127.738365	37.885033
1595920825736	1595920825732	-10.307	2.308	1.564	-0.623	-0.633	0.068	127.738365	37.885033
1595920825763	1595920825763	-12.520	2.830	0.589	-0.922	-0.407	0.564	127.738365	37.885033
1595920825765	1595920825764	-13.335	2.835	-0.120	-1.631	-0.307	1.059	127.738365	37.885033
1595920825782	1595920825780	-14.978	0.882	0.129	-2.397	-0.007	1.569	127.738365	37.885017
1595920825801	1595920825801	-17.421	-0.955	0.646	-2.700	0.355	2.144	127.738365	37.885017
1595920825823	1595920825823	-16.377	-1.319	1.051	-2.367	0.264	2.622	127.738365	37.885017
1595920825843	1595920825841	-15.270	-1.628	2.002	-1.940	0.378	2.939	127.738365	37.885017
1595920825863	1595920825863	-15.270	-2.543	2.807	-1.556	0.502	3.184	127.738365	37.885017
1595920825884	1595920825882	-13.581	-2.903	2.996	-1.005	0.342	3.266	127.738365	37.885017
1595920825910	1595920825904	-11.456	-2.598	2.745	-0.470	0.267	3.238	127.738365	37.885017
1595920825923	1595920825922	-9.899	-2.498	2.278	-0.248	0.228	3.161	127.738365	37.885017
1595920825943	1595920825938	-8.505	-2.392	1.978	-0.341	0.109	3.048	127.738365	37.885017
1595920825964	1595920825960	-7.569	-2.158	1.825	-0.674	0.054	2.900	127.738365	37.885017
1595920825981	1595920825978	-7.221	-2.285	1.720	-1.149	0.024	2.767	127.738365	37.885017
1595920826002	1595920825999	-7.003	-2.677	1.698	-1.541	-0.043	2.676	127.738365	37.885017
1595920826020	1595920826017	-7.513	-3.209	1.653	-1.574	-0.022	2.687	127.738365	37.885017
1595920826040	1595920826039	-8.579	-3.411	1.648	-1.322	0.008	2.758	127.738365	37.885017
1595920826059	1595920826059	-9.135	-3.825	1.578	-1.154	-0.065	2.811	127.738365	37.885017
1595920826081	1595920826080	-9.301	-4.414	1.221	-1.038	-0.147	2.793	127.738365	37.885017
1595920826108	1595920826108	-10.053	-4.673	0.939	-0.756	-0.140	2.767	127.738365	37.885017
1595920826130	1595920826117	-11.512	-5.013	0.845	-0.512	-0.082	2.677	127.738365	37.885017
1595920826139	1595920826136	-11.471	-5.552	0.709	-0.608	-0.162	2.364	127.738365	37.885017
1595920826159	1595920826157	-10.019	-5.964	0.706	-1.066	-0.233	1.839	127.738365	37.885017
1595920826178	1595920826176	-9.837	-6.058	1.130	-1.699	-0.067	1.206	127.738365	37.885017
1595920826199	1595920826195	-12.396	-5.897	1.478	-2.222	0.268	0.469	127.738365	37.885017
1595920826218	1595920826215	-13.905	-5.959	1.947	-1.968	0.392	-0.242	127.738365	37.885017
1595920826238	1595920826237	-14.125	-5.789	1.267	-0.884	0.345	-0.871	127.738365	37.885017
1595920826263	1595920826255	-16.748	-5.955	0.776	0.095	0.647	-1.583	127.738365	37.885017
1595920826281	1595920826280	-18.229	-6.194	0.503	0.653	0.727	-2.320	127.738365	37.885017
1595920826305	1595920826295	-17.325	-5.344	0.179	1.628	0.643	-3.044	127.738365	37.885017
1595920826329	1595920826329	-17.064	-3.255	-0.156	2.800	0.686	-3.744	127.738365	37.885017
1595920826338	1595920826337	-16.710	-1.736	-0.360	3.324	0.602	-4.241	127.738365	37.885017
1595920826357	1595920826356	-14.918	-1.377	-0.228	3.230	0.371	-4.502	127.738365	37.885017
1595920826378	1595920826375	-13.026	-1.322	-0.053	3.003	0.213	-4.607	127.738365	37.885017
1595920826396	1595920826394	-11.571	-0.893	0.093	2.766	0.125	-4.554	127.738365	37.885017
1595920826414	1595920826414	-10.031	-0.483	0.148	2.472	0.010	-4.371	127.738365	37.885017
1595920826440	1595920826440	-8.618	-0.201	0.297	2.316	-0.096	-4.113	127.738365	37.885017
1595920826455	1595920826455	-8.294	-0.054	0.369	2.246	-0.114	-3.817	127.738365	37.885017
1595920826485	1595920826480	-8.448	0.128	0.127	2.032	-0.141	-3.543	127.738365	37.885017
1595920826495	1595920826494	-7.894	0.870	-0.441	1.745	-0.295	-3.250	127.738365	37.885017
1595920826529	1595920826523	-7.827	1.472	-0.594	1.491	-0.355	-2.873	127.738365	37.885017
1595920826535	1595920826533	-9.753	1.730	-0.460	1.157	-0.263	-2.464	127.738365	37.885017
1595920826559	1595920826556	-11.442	1.745	-0.271	0.650	-0.298	-2.066	127.738365	37.885017
1595920826576	1595920826574	-11.169	1.577	-0.420	0.242	-0.487	-1.714	127.738365	37.885017
1595920826595	1595920826593	-10.228	1.601	-0.300	0.098	-0.551	-1.295	127.738365	37.885017
1595920826614	1595920826612	-9.550	1.673	0.383	0.106	-0.515	-0.816	127.738365	37.885017
1595920826634	1595920826632	-9.768	1.733	1.356	0.140	-0.413	-0.388	127.738365	37.885017
1595920826655	1595920826655	-11.442	1.929	1.801	0.099	-0.270	0.016	127.738365	37.885017
1595920826680	1595920826678	-13.222	2.394	1.602	-0.248	-0.189	0.497	127.738365	37.885017
1595920826694	1595920826694	-13.275	1.910	1.207	-1.002	-0.232	1.019	127.738365	37.885017
1595920826716	1595920826716	-14.547	0.219	1.566	-1.771	-0.055	1.650	127.738365	37.885017
1595920826747	1595920826747	-16.317	-0.718	2.644	-1.898	0.109	2.348	127.738365	37.885002
1595920826753	1595920826753	-15.007	-0.569	3.174	-1.728	-0.066	2.831	127.738365	37.885002
1595920826773	1595920826770	-13.926	-1.104	2.984	-1.835	-0.070	3.179	127.738365	37.885002
1595920826800	1595920826800	-13.965	-2.107	2.822	-1.957	0.010	3.469	127.738365	37.885002
1595920826816	1595920826813	-12.405	-2.359	2.599	-1.878	-0.154	3.649	127.738365	37.885002
1595920826836	1595920826832	-10.901	-2.539	2.359	-1.702	-0.212	3.737	127.738365	37.885002
1595920826853	1595920826850	-10.254	-3.025	2.065	-1.415	-0.216	3.806	127.738365	37.885002
1595920826874	1595920826870	-9.669	-3.075	1.502	-1.081	-0.277	3.839	127.738365	37.885002
1595920826892	1595920826892	-9.272	-2.725	0.908	-0.911	-0.309	3.796	127.738365	37.885002
1595920826913	1595920826910	-9.150	-2.560	0.493	-1.016	-0.344	3.705	127.738365	37.885002
1595920826932	1595920826931	-9.195	-2.912	0.474	-1.197	-0.384	3.623	127.738365	37.885002
1595920826952	1595920826952	-9.847	-3.566	0.829	-1.210	-0.360	3.570	127.738365	37.885002
1595920826978	1595920826977	-10.326	-4.043	1.090	-1.100	-0.400	3.467	127.738365	37.885002
1595920826997	1595920826990	-10.625	-4.515	1.092	-1.019	-0.442	3.314	127.738365	37.885002
1595920827015	1595920827010	-10.997	-4.958	0.726	-1.038	-0.419	3.036	127.738365	37.885002
1595920827030	1595920827030	-10.855	-5.013	0.337	-1.163	-0.422	2.646	127.738365	37.885002
1595920827050	1595920827049	-10.628	-4.999	0.579	-1.505	-0.320	2.130	127.738365	37.885002
1595920827071	1595920827070	-10.060	-5.495	0.881	-1.824	-0.188	1.542	127.738365	37.885002
1595920827091	1595920827089	-9.375	-4.893	1.061	-1.790	-0.036	0.929	127.738365	37.885002
1595920827111	1595920827111	-9.269	-4.021	1.621	-1.693	0.137	0.410	127.738365	37.885002
1595920827139	1595920827137	-11.344	-4.747	1.739	-1.690	0.381	-0.102	127.738365	37.885002
1595920827153	1595920827149	-12.479	-5.638	1.430	-1.383	0.452	-0.584	127.738365	37.885002
1595920827181	1595920827167	-12.400	-5.473	0.488	-0.755	0.358	-0.990	127.738365	37.885002
1595920827197	1595920827191	-15.071	-5.650	0.206	-0.036	0.703	-1.418	127.738365	37.885002
1595920827216	1595920827212	-16.695	-5.622	0.685	0.749	0.811	-1.924	127.738365	37.885002
1595920827230	1595920827228	-16.180	-4.414	0.807	1.649	0.755	-2.553	127.738365	37.885002
1595920827250	1595920827248	-16.025	-2.912	0.687	2.368	0.877	-3.166	127.738365	37.885002
1595920827270	1595920827268	-15.881	-1.954	0.333	2.630	0.972	-3.636	127.738365	37.885002
1595920827295	1595920827293	-13.869	-1.485	-0.077	2.567	0.848	-3.885	127.738365	37.885002
1595920827312	1595920827312	-12.297	-1.226	0.175	2.440	0.813	-3.972	127.738365	37.885002
1595920827335	1595920827335	-11.706	-0.799	0.666	2.187	0.810	-3.965	127.738365	37.885002
1595920827353	1595920827347	-10.331	0.003	0.953	1.807	0.615	-3.854	127.738365	37.885002
1595920827374	1595920827370	-8.814	0.542	1.205	1.240	0.412	-3.716	127.738365	37.885002
1595920827390	1595920827387	-7.937	0.547	1.097	0.510	0.333	-3.526	127.738365	37.885002
1595920827412	1595920827412	-7.363	0.432	0.785	-0.099	0.273	-3.259	127.738365	37.885002
1595920827430	1595920827427	-8.021	0.104	0.716	-0.424	0.324	-2.954	127.738365	37.885002
1595920827449	1595920827447	-8.783	-0.095	0.673	-0.370	0.293	-2.663	127.738365	37.885002
1595920827468	1595920827466	-8.522	0.451	0.644	0.088	0.117	-2.374	127.738365	37.885002
1595920827488	1595920827486	-9.590	0.904	1.097	0.623	0.120	-2.025	127.738365	37.885002
1595920827508	1595920827506	-11.306	1.424	1.691	0.959	0.107	-1.667	127.738365	37.885002
1595920827530	1595920827526	-11.049	2.547	1.887	1.197	-0.108	-1.298	127.738365	37.885002
1595920827555	1595920827551	-9.504	3.230	2.110	1.262	-0.257	-0.919	127.738365	37.885002
1595920827571	1595920827565	-9.166	2.588	2.520	1.017	-0.213	-0.490	127.738365	37.885002
1595920827587	1595920827585	-9.971	1.678	2.503	0.705	-0.199	-0.036	127.738365	37.885002
1595920827606	1595920827605	-12.101	1.737	1.760	0.456	-0.205	0.463	127.738365	37.885002
1595920827626	1595920827625	-14.070	1.876	0.745	-0.104	-0.202	0.955	127.738365	37.885002
1595920827647	1595920827645	-15.141	0.810	1.090	-0.916	-0.257	1.425	127.738365	37.885002
1595920827667	1595920827665	-16.545	-0.629	1.729	-1.491	-0.238	1.913	127.738365	37.885002
1595920827686	1595920827685	-16.190	-1.176	1.475	-1.783	-0.302	2.367	127.738365	37.885002
1595920827705	1595920827705	-14.532	-1.784	1.662	-1.834	-0.298	2.862	127.738365	37.885002
1595920827726	1595920827725	-14.360	-2.776	2.848	-1.629	-0.053	3.298	127.738365	37.885002
1595920827746	1595920827746	-13.881	-3.571	4.000	-1.146	0.004	3.622	127.738365	37.885002
1595920827772	1595920827771	-12.225	-3.669	3.943	-0.503	-0.075	3.771	127.738365	37.884987
1595920827793	1595920827782	-10.642	-3.523	2.939	0.057	-0.093	3.750	127.738365	37.884987
1595920827804	1595920827802	-9.219	-3.264	1.700	0.351	-0.154	3.615	127.738365	37.884987
1595920827824	1595920827822	-7.820	-3.049	1.126	0.380	-0.230	3.398	127.738365	37.884987
1595920827844	1595920827841	-6.768	-2.991	1.245	0.297	-0.251	3.125	127.738365	37.884987
1595920827864	1595920827862	-6.402	-3.147	1.281	0.281	-0.246	2.867	127.738365	37.884987
1595920827889	1595920827886	-6.965	-3.145	1.044	0.331	-0.197	2.664	127.738365	37.884987
1595920827904	1595920827903	-8.304	-3.422	1.284	0.388	-0.141	2.518	127.738365	37.884987
1595920827932	1595920827925	-9.116	-3.770	1.360	0.371	-0.155	2.369	127.738365	37.884987
1595920827944	1595920827942	-8.982	-3.629	1.288	0.308	-0.215	2.192	127.738365	37.884987
1595920827972	1595920827965	-9.909	-3.693	1.329	0.088	-0.124	2.044	127.738365	37.884987
1595920827985	1595920827983	-11.397	-4.194	1.715	-0.183	-0.017	1.871	127.738365	37.884987
1595920828009	1595920828007	-11.495	-4.754	2.048	-0.409	-0.027	1.683	127.738365	37.884987
1595920828024	1595920828022	-10.050	-4.865	1.971	-0.748	-0.072	1.329	127.738365	37.884987
1595920828044	1595920828042	-9.456	-4.690	2.084	-1.146	0.024	0.867	127.738365	37.884987
1595920828065	1595920828063	-11.598	-4.642	2.053	-1.408	0.261	0.281	127.738365	37.884987
1595920828082	1595920828081	-12.932	-4.685	2.249	-1.199	0.273	-0.299	127.738365	37.884987
1595920828104	1595920828101	-11.842	-4.740	1.629	-0.646	0.033	-0.856	127.738365	37.884987
1595920828125	1595920828123	-14.056	-5.107	0.694	-0.035	0.219	-1.398	127.738365	37.884987
1595920828145	1595920828142	-17.376	-4.855	0.019	0.280	0.389	-2.027	127.738365	37.884987
1595920828168	1595920828161	-17.771	-3.969	0.002	0.543	0.205	-2.857	127.738365	37.884987
1595920828182	1595920828181	-16.913	-2.668	-0.290	0.961	0.183	-3.667	127.738365	37.884987
1595920828203	1595920828201	-16.588	-1.501	-0.460	1.288	0.350	-4.283	127.738365	37.884987
1595920828224	1595920828224	-15.471	-1.250	-0.338	1.363	0.399	-4.630	127.738365	37.884987
1595920828243	1595920828242	-13.505	-1.489	-0.065	1.405	0.386	-4.745	127.738365	37.884987
1595920828264	1595920828262	-11.821	-1.758	0.153	1.539	0.405	-4.667	127.738365	37.884987
1595920828282	1595920828281	-10.611	-1.609	0.311	1.639	0.441	-4.455	127.738365	37.884987
1595920828303	1595920828301	-9.830	-0.998	0.452	1.673	0.442	-4.147	127.738365	37.884987
1595920828323	1595920828321	-9.396	-0.301	0.455	1.717	0.436	-3.817	127.738365	37.884987
1595920828352	1595920828346	-8.594	0.214	0.270	1.758	0.358	-3.488	127.738365	37.884987
1595920828373	1595920828361	-7.360	0.559	0.067	1.693	0.251	-3.184	127.738365	37.884987
1595920828389	1595920828384	-7.109	0.614	0.275	1.551	0.265	-2.835	127.738365	37.884987
1595920828403	1595920828400	-8.874	0.480	0.800	1.409	0.354	-2.421	127.738365	37.884987
1595920828430	1595920828424	-10.256	0.712	1.015	1.370	0.187	-1.957	127.738365	37.884987
1595920828444	1595920828440	-9.284	1.275	0.785	1.344	-0.189	-1.553	127.738365	37.884987
1595920828466	1595920828465	-8.088	1.495	1.090	1.095	-0.410	-1.193	127.738365	37.884987
1595920828481	1595920828479	-9.483	1.012	1.708	0.631	-0.434	-0.758	127.738365	37.884987
1595920828505	1595920828503	-10.144	0.944	1.715	0.052	-0.606	-0.360	127.738365	37.884987
1595920828525	1595920828525	-8.081	1.162	1.928	-0.498	-0.923	-0.052	127.738365	37.884987
1595920828547	1595920828546	-7.387	0.837	2.455	-1.014	-0.904	0.186	127.738365	37.884987
1595920828568	1595920828565	-10.592	0.389	1.389	-1.560	-0.585	0.511	127.738365	37.884987
1595920828579	1595920828579	-15.277	0.027	-0.072	-2.230	-0.214	0.977	127.738365	37.884987
1595920828601	1595920828599	-18.001	-1.444	0.666	-2.619	-0.068	1.617	127.738365	37.884987
1595920828620	1595920828618	-16.652	-2.951	2.266	-2.218	-0.156	2.244	127.738365	37.884987
1595920828641	1595920828638	-15.397	-3.212	3.461	-1.330	0.065	2.769	127.738365	37.884987
1595920828663	1595920828663	-14.932	-3.113	4.635	-0.318	0.353	3.262	127.738365	37.884987
1595920828681	1595920828681	-13.078	-2.766	5.469	0.617	0.289	3.566	127.738365	37.884987
1595920828701	1595920828698	-11.301	-2.740	5.207	1.245	0.209	3.701	127.738365	37.884987
1595920828720	1595920828717	-10.290	-2.354	3.600	1.198	0.166	3.762	127.738365	37.884987
1595920828756	1595920828738	-9.497	-1.552	3.272	-0.087	0.096	3.686	127.738365	37.884972
1595920828758	1595920828756	-9.097	-2.122	2.834	-3.100	-0.316	3.128	127.738365	37.884972
1595920828797	1595920828779	-8.388	-5.420	-0.161	-5.194	-0.864	2.666	127.738365	37.884972
1595920828801	1595920828801	-6.668	-5.792	-0.901	-4.887	-1.436	2.377	127.738365	37.884972
1595920828819	1595920828818	-5.844	-3.652	-0.139	-3.581	-1.375	2.095	127.738365	37.884972
1595920828842	1595920828841	-7.595	-2.862	0.062	-2.902	-1.195	1.784	127.738365	37.884972
1595920828861	1595920828861	-8.393	-3.923	-0.441	-2.270	-1.271	1.700	127.738365	37.884972
1595920828883	1595920828877	-8.203	-4.232	-0.839	-1.534	-1.244	1.635	127.738365	37.884972
1595920828899	1595920828895	-8.951	-4.287	-0.891	-0.986	-1.030	1.603	127.738365	37.884972
1595920828920	1595920828915	-10.889	-4.831	-0.714	-0.573	-0.751	1.681	127.738365	37.884972
1595920828939	1595920828936	-11.727	-5.152	-0.863	-0.157	-0.624	1.725	127.738365	37.884972
1595920828959	1595920828956	-10.582	-5.190	-0.750	0.302	-0.606	1.672	127.738365	37.884972
1595920828989	1595920828977	-10.321	-5.356	-0.489	0.525	-0.369	1.554	127.738365	37.884972
