1595920799221	1595920799219	-7.430	1.019	0.232	1.505	-0.401	-2.902	127.738380	37.885403
1595920799241	1595920799239	-9.145	1.584	0.666	1.442	-0.366	-2.463	127.738380	37.885403
1595920799260	1595920799259	-10.158	1.943	1.114	1.596	-0.528	-1.923	127.738380	37.885403
1595920799281	1595920799281	-9.765	1.884	1.279	1.792	-0.772	-1.497	127.738380	37.885403
1595920799301	1595920799299	-9.483	2.312	1.360	1.874	-0.870	-1.053	127.738380	37.885403
1595920799322	1595920799319	-9.389	2.588	1.744	1.637	-0.866	-0.617	127.738380	37.885403
1595920799340	1595920799338	-9.559	2.130	1.990	1.073	-0.809	-0.222	127.738380	37.885403
1595920799360	1595920799359	-11.387	1.689	1.413	0.387	-0.599	0.182	127.738380	37.885403
1595920799380	1595920799378	-13.373	1.654	0.611	-0.484	-0.268	0.717	127.738380	37.885403
1595920799400	1595920799398	-12.178	1.012	0.922	-1.354	-0.219	1.333	127.738380	37.885403
1595920799421	1595920799419	-11.718	-0.390	1.758	-1.757	0.131	2.007	127.738380	37.885403
1595920799439	1595920799437	-12.827	-1.238	2.647	-1.699	0.635	2.764	127.738380	37.885403
1595920799461	1595920799459	-12.534	-1.029	2.723	-1.672	0.849	3.399	127.738380	37.885403
1595920799479	1595920799477	-12.642	-1.226	2.635	-1.820	1.131	3.868	127.738380	37.885403
1595920799503	1595920799499	-13.502	-1.417	2.822	-2.169	1.343	4.193	127.738380	37.885403
1595920799521	1595920799518	-13.850	-1.571	2.838	-2.947	1.248	4.315	127.738380	37.885403
1595920799539	1595920799537	-13.593	-3.121	2.400	-3.738	0.843	4.286	127.738380	37.885403
1595920799562	1595920799562	-11.995	-5.274	1.756	-3.788	0.322	4.146	127.738380	37.885403
1595920799578	1595920799575	-9.808	-6.295	1.523	-3.087	-0.027	3.804	127.738380	37.885403
1595920799598	1595920799596	-8.376	-5.928	1.207	-2.209	-0.183	3.353	127.738380	37.885403
1595920799618	1595920799615	-7.602	-5.428	1.039	-1.548	-0.250	2.910	127.738380	37.885403
1595920799637	1595920799634	-7.616	-5.241	1.090	-1.175	-0.255	2.493	127.738380	37.885403
1595920799658	1595920799654	-8.287	-5.229	1.286	-1.000	-0.182	2.125	127.738380	37.885403
1595920799677	1595920799675	-8.124	-5.334	1.482	-0.886	-0.217	1.825	127.738380	37.885403
1595920799699	1595920799694	-7.616	-5.207	1.526	-0.735	-0.244	1.557	127.738380	37.885403
1595920799717	1595920799714	-8.045	-5.087	1.370	-0.638	-0.142	1.331	127.738380	37.885403
1595920799739	1595920799739	-9.027	-5.195	1.116	-0.637	-0.074	1.113	127.738380	37.885403
1595920799777	1595920799777	-9.583	-5.334	0.987	-0.533	-0.056	0.927	127.738388	37.885372
1595920799778	1595920799778	-9.032	-5.214	0.922	-0.374	-0.061	0.733	127.738388	37.885372
1595920799796	1595920799794	-8.972	-5.150	0.687	-0.238	0.035	0.528	127.738388	37.885372
1595920799816	1595920799813	-12.063	-5.552	0.230	-0.138	0.314	0.316	127.738388	37.885372
1595920799838	1595920799836	-15.347	-6.163	0.742	0.048	0.466	0.100	127.738388	37.885372
1595920799859	1595920799855	-14.860	-6.838	0.874	0.501	0.222	-0.258	127.738388	37.885372
1595920799878	1595920799872	-15.960	-6.302	0.021	1.245	0.377	-0.799	127.738388	37.885372
1595920799895	1595920799892	-18.312	-5.176	-0.266	1.894	0.682	-1.445	127.738388	37.885372
1595920799914	1595920799912	-16.906	-4.041	-0.214	2.348	0.539	-2.248	127.738388	37.885372
1595920799938	1595920799935	-15.313	-2.886	-0.226	2.781	0.563	-3.043	127.738388	37.885372
1595920799954	1595920799952	-15.843	-2.352	-0.077	3.007	0.710	-3.611	127.738388	37.885372
1595920799979	1595920799976	-15.500	-2.368	0.014	3.015	0.587	-3.886	127.738388	37.885372
1595920799994	1595920799991	-14.492	-2.237	0.170	3.056	0.405	-4.004	127.738388	37.885372
1595920800017	1595920800016	-13.349	-1.473	0.251	3.075	0.246	-3.994	127.738388	37.885372
1595920800036	1595920800033	-11.032	-0.251	0.064	2.882	-0.081	-3.844	127.738388	37.885372
1595920800061	1595920800059	-8.783	0.281	-0.070	2.592	-0.347	-3.625	127.738388	37.885372
1595920800075	1595920800071	-7.513	0.343	-0.127	2.275	-0.396	-3.381	127.738388	37.885372
1595920800095	1595920800094	-7.803	0.228	0.230	1.957	-0.317	-3.080	127.738388	37.885372
1595920800112	1595920800110	-8.498	0.401	0.539	1.604	-0.315	-2.791	127.738388	37.885372
1595920800132	1595920800130	-8.029	0.892	0.577	1.260	-0.494	-2.520	127.738388	37.885372
1595920800153	1595920800150	-7.406	1.426	0.651	1.050	-0.620	-2.235	127.738388	37.885372
1595920800172	1595920800170	-7.743	1.824	0.879	0.997	-0.607	-1.919	127.738388	37.885372
1595920800194	1595920800193	-8.476	1.958	1.145	0.978	-0.626	-1.536	127.738388	37.885372
1595920800222	1595920800212	-8.795	1.922	1.042	0.819	-0.678	-1.182	127.738388	37.885372
1595920800234	1595920800234	-8.702	1.761	0.898	0.557	-0.663	-0.825	127.738388	37.885372
1595920800255	1595920800250	-8.436	1.440	1.118	0.379	-0.578	-0.443	127.738388	37.885372
1595920800273	1595920800271	-8.647	0.784	1.636	0.423	-0.434	-0.045	127.738388	37.885372
1595920800293	1595920800290	-10.685	0.293	1.521	0.647	-0.168	0.399	127.738388	37.885372
1595920800311	1595920800310	-13.279	0.693	0.215	0.466	0.160	0.881	127.738388	37.885372
1595920800334	1595920800331	-13.979	0.899	-0.223	-0.353	0.303	1.457	127.738388	37.885372
1595920800352	1595920800350	-15.014	-0.186	0.388	-1.226	0.537	2.061	127.738388	37.885372
1595920800373	1595920800370	-16.928	-1.497	1.423	-1.705	0.917	2.649	127.738388	37.885372
1595920800392	1595920800389	-15.555	-2.004	2.014	-1.884	0.847	3.099	127.738388	37.885372
1595920800411	1595920800411	-14.020	-2.062	2.491	-1.754	0.863	3.424	127.738388	37.885372
1595920800436	1595920800434	-14.355	-1.870	2.441	-1.348	1.032	3.677	127.738388	37.885372
1595920800455	1595920800449	-13.447	-2.107	2.548	-0.978	0.818	3.732	127.738388	37.885372
1595920800476	1595920800472	-11.727	-2.872	2.587	-0.985	0.532	3.590	127.738388	37.885372
1595920800491	1595920800489	-10.134	-3.324	2.659	-1.262	0.342	3.423	127.738388	37.885372
1595920800512	1595920800511	-8.450	-3.068	3.047	-1.748	0.181	3.158	127.738388	37.885372
1595920800530	1595920800529	-7.607	-3.593	2.582	-2.427	-0.075	2.740	127.738388	37.885372
1595920800552	1595920800549	-6.807	-3.334	1.633	-2.401	-0.153	2.511	127.738388	37.885372
1595920800570	1595920800568	-7.293	-3.030	1.346	-2.304	-0.037	2.239	127.738388	37.885372
1595920800590	1595920800588	-7.856	-3.652	1.262	-2.270	-0.088	2.037	127.738388	37.885372
1595920800612	1595920800612	-7.947	-4.215	1.351	-1.862	-0.119	1.924	127.738388	37.885372
1595920800631	1595920800628	-8.122	-4.350	1.166	-1.187	-0.105	1.883	127.738388	37.885372
1595920800653	1595920800647	-8.445	-4.330	1.444	-0.607	-0.109	1.874	127.738388	37.885372
1595920800670	1595920800667	-9.526	-4.728	1.348	-0.276	-0.040	1.855	127.738388	37.885372
1595920800689	1595920800687	-10.585	-4.920	1.128	0.038	0.047	1.752	127.738388	37.885372
1595920800709	1595920800709	-10.299	-4.496	1.387	0.220	0.026	1.550	127.738388	37.885372
1595920800730	1595920800728	-9.449	-4.491	1.801	0.088	0.019	1.204	127.738388	37.885372
1595920800749	1595920800748	-10.465	-4.759	1.619	-0.099	0.168	0.745	127.738388	37.885372
1595920800772	1595920800770	-13.814	-4.647	1.784	-0.079	0.410	0.232	127.738388	37.885357
1595920800794	1595920800794	-15.050	-4.371	2.862	0.031	0.352	-0.320	127.738388	37.885357
1595920800818	1595920800806	-12.999	-4.371	2.814	0.078	-0.007	-0.892	127.738388	37.885357
1595920800834	1595920800829	-14.125	-4.309	1.688	0.225	0.139	-1.442	127.738388	37.885357
1595920800849	1595920800846	-16.727	-4.098	1.133	0.374	0.244	-1.918	127.738388	37.885357
1595920800869	1595920800867	-16.341	-3.537	0.742	0.465	-0.014	-2.422	127.738388	37.885357
1595920800888	1595920800886	-15.510	-2.713	0.119	0.605	-0.073	-2.938	127.738388	37.885357
1595920800907	1595920800905	-15.445	-2.318	-0.125	0.717	0.040	-3.330	127.738388	37.885357
1595920800929	1595920800926	-13.850	-2.352	-0.036	0.830	0.049	-3.568	127.738388	37.885357
1595920800948	1595920800945	-11.490	-2.316	-0.010	1.071	0.064	-3.717	127.738388	37.885357
1595920800969	1595920800965	-9.614	-1.971	-0.003	1.375	0.126	-3.777	127.738388	37.885357
1595920800986	1595920800985	-8.457	-1.602	-0.017	1.594	0.193	-3.731	127.738388	37.885357
1595920801009	1595920801005	-8.218	-1.475	0.088	1.670	0.281	-3.628	127.738388	37.885357
1595920801026	1595920801026	-8.649	-1.394	0.297	1.748	0.338	-3.499	127.738388	37.885357
1595920801047	1595920801044	-8.848	-0.924	0.400	1.931	0.283	-3.321	127.738388	37.885357
1595920801068	1595920801068	-8.060	-0.090	0.151	2.191	0.109	-3.097	127.738388	37.885357
1595920801086	1595920801084	-7.890	0.353	0.206	2.414	-0.018	-2.838	127.738388	37.885357
1595920801107	1595920801104	-9.490	0.300	0.872	2.499	-0.035	-2.548	127.738388	37.885357
1595920801127	1595920801124	-10.613	1.337	1.200	2.483	-0.213	-2.177	127.738388	37.885357
1595920801147	1595920801144	-10.237	2.619	0.881	2.393	-0.471	-1.651	127.738388	37.885357
1595920801166	1595920801163	-9.701	3.472	0.651	1.903	-0.621	-1.083	127.738388	37.885357
1595920801185	1595920801183	-9.238	3.481	0.838	0.969	-0.635	-0.485	127.738388	37.885357
1595920801206	1595920801203	-8.893	2.698	1.528	0.027	-0.590	0.108	127.738388	37.885357
1595920801225	1595920801224	-9.672	1.872	1.978	-0.600	-0.503	0.649	127.738388	37.885357
1595920801245	1595920801243	-12.082	1.450	1.176	-1.101	-0.294	1.159	127.738388	37.885357
1595920801269	1595920801266	-12.820	1.095	0.230	-1.729	-0.265	1.629	127.738388	37.885357
1595920801284	1595920801283	-13.330	0.245	0.187	-2.417	-0.172	2.052	127.738388	37.885357
1595920801305	1595920801302	-15.780	-1.391	1.241	-2.921	0.164	2.546	127.738388	37.885357
1595920801324	1595920801322	-16.516	-2.831	2.050	-2.828	0.124	3.102	127.738388	37.885357
1595920801347	1595920801345	-15.560	-2.627	2.378	-2.200	0.123	3.585	127.738388	37.885357
1595920801365	1595920801362	-14.920	-2.306	2.577	-1.717	0.291	3.861	127.738388	37.885357
1595920801389	1595920801384	-13.373	-2.728	2.527	-1.542	0.263	3.894	127.738388	37.885357
1595920801404	1595920801401	-11.143	-3.334	2.443	-1.338	0.186	3.742	127.738388	37.885357
1595920801423	1595920801422	-9.202	-3.844	2.481	-0.908	0.133	3.528	127.738388	37.885357
1595920801444	1595920801441	-7.765	-3.765	2.381	-0.295	0.094	3.301	127.738388	37.885357
1595920801463	1595920801461	-6.929	-3.329	2.204	0.231	0.104	3.057	127.738388	37.885357
1595920801484	1595920801481	-6.527	-3.145	1.909	0.450	0.080	2.799	127.738388	37.885357
1595920801504	1595920801502	-6.539	-3.080	1.803	0.395	0.067	2.550	127.738388	37.885357
1595920801524	1595920801523	-7.188	-3.090	2.357	0.180	0.091	2.316	127.738388	37.885357
1595920801550	1595920801544	-8.017	-3.624	2.757	-0.043	0.077	2.119	127.738388	37.885357
1595920801564	1595920801560	-8.141	-3.808	2.352	-0.208	0.030	1.943	127.738388	37.885357
1595920801582	1595920801580	-8.730	-4.441	2.623	-0.313	0.033	1.784	127.738388	37.885357
1595920801603	1595920801600	-10.134	-5.705	3.131	0.016	0.090	1.656	127.738388	37.885357
1595920801624	1595920801623	-10.886	-5.622	2.996	0.839	0.146	1.430	127.738388	37.885357
1595920801643	1595920801642	-10.299	-4.467	2.972	1.357	0.122	1.158	127.738388	37.885357
1595920801662	1595920801660	-9.382	-4.096	3.485	1.163	0.097	0.868	127.738388	37.885357
1595920801682	1595920801680	-9.677	-4.091	3.614	0.497	0.104	0.515	127.738388	37.885357
1595920801704	1595920801704	-12.249	-4.029	2.886	-0.243	0.189	-0.023	127.738388	37.885357
1595920801727	1595920801720	-15.052	-3.444	2.184	-0.845	0.193	-0.719	127.738388	37.885357
1595920801749	1595920801749	-16.075	-3.276	2.520	-1.325	-0.057	-1.501	127.738388	37.885357
1595920801762	1595920801760	-16.008	-4.088	1.775	-1.319	-0.265	-2.274	127.738388	37.885357
1595920801782	1595920801780	-16.861	-4.081	0.759	-0.606	-0.159	-2.949	127.738380	37.885342
1595920801802	1595920801800	-17.551	-3.142	0.345	0.262	-0.117	-3.531	127.738380	37.885342
1595920801821	1595920801819	-17.112	-1.731	0.151	0.849	-0.184	-3.909	127.738380	37.885342
1595920801843	1595920801840	-16.109	0.029	0.249	0.911	-0.222	-3.978	127.738380	37.885342
1595920801862	1595920801860	-14.535	0.935	0.936	0.363	-0.252	-3.851	127.738380	37.885342
1595920801886	1595920801883	-12.122	0.947	1.411	-0.517	-0.255	-3.606	127.738380	37.885342
1595920801902	1595920801900	-9.665	0.667	1.250	-1.291	-0.152	-3.311	127.738380	37.885342
1595920801923	1595920801920	-8.144	-0.292	0.735	-1.641	0.068	-3.021	127.738380	37.885342
1595920801944	1595920801939	-7.413	-1.259	0.472	-1.482	0.263	-2.770	127.738380	37.885342
1595920801961	1595920801959	-7.173	-1.901	0.297	-0.888	0.466	-2.610	127.738380	37.885342
1595920801980	1595920801979	-6.871	-1.688	0.230	0.031	0.568	-2.490	127.738380	37.885342
1595920802002	1595920802000	-6.639	-1.003	0.452	1.033	0.548	-2.326	127.738380	37.885342
1595920802020	1595920802019	-7.724	-0.692	0.896	1.846	0.545	-2.168	127.738380	37.885342
1595920802041	1595920802041	-9.365	-0.150	1.056	2.431	0.476	-1.999	127.738380	37.885342
1595920802064	1595920802063	-9.600	1.431	1.094	2.662	0.221	-1.827	127.738380	37.885342
1595920802085	1595920802083	-9.262	2.588	1.557	2.335	-0.028	-1.592	127.738380	37.885342
1595920802102	1595920802100	-9.907	2.430	2.141	1.650	-0.097	-1.266	127.738380	37.885342
1595920802120	1595920802117	-10.285	2.034	2.122	1.065	-0.176	-0.830	127.738380	37.885342
1595920802143	1595920802137	-9.284	2.183	2.074	0.689	-0.326	-0.300	127.738380	37.885342
1595920802160	1595920802157	-8.383	2.001	2.786	0.350	-0.484	0.233	127.738380	37.885342
1595920802179	1595920802177	-9.542	1.136	3.085	-0.133	-0.525	0.751	127.738380	37.885342
1595920802199	1595920802196	-12.249	0.590	1.935	-0.705	-0.477	1.272	127.738380	37.885342
1595920802219	1595920802216	-13.694	0.755	0.400	-1.524	-0.484	1.737	127.738380	37.885342
1595920802240	1595920802236	-14.623	-0.296	0.009	-2.555	-0.403	2.161	127.738380	37.885342
1595920802260	1595920802255	-15.732	-2.230	0.699	-3.101	-0.213	2.640	127.738380	37.885342
1595920802280	1595920802276	-16.051	-3.145	1.820	-2.790	-0.050	3.150	127.738380	37.885342
1595920802300	1595920802295	-15.220	-3.537	3.303	-1.895	0.039	3.627	127.738380	37.885342
1595920802319	1595920802315	-14.492	-3.842	4.096	-0.740	0.148	3.999	127.738380	37.885342
1595920802339	1595920802335	-13.265	-4.069	4.038	0.371	0.161	4.157	127.738380	37.885342
1595920802358	1595920802355	-11.291	-4.148	3.140	1.090	0.028	4.077	127.738380	37.885342
1595920802379	1595920802374	-9.327	-4.366	2.457	1.374	-0.115	3.862	127.738380	37.885342
1595920802398	1595920802394	-8.105	-4.328	2.292	1.312	-0.136	3.522	127.738380	37.885342
1595920802417	1595920802414	-7.264	-3.870	2.156	0.916	-0.138	3.030	127.738380	37.885342
1595920802442	1595920802441	-6.167	-3.202	1.724	0.218	-0.206	2.403	127.738380	37.885342
1595920802464	1595920802456	-5.688	-2.625	1.303	-0.527	-0.172	1.814	127.738380	37.885342
1595920802480	1595920802478	-6.177	-2.560	1.205	-0.991	-0.080	1.357	127.738380	37.885342
1595920802499	1595920802493	-6.821	-2.919	1.150	-1.073	-0.001	1.004	127.738380	37.885342
1595920802518	1595920802514	-7.437	-2.802	0.829	-1.083	0.098	0.719	127.738380	37.885342
1595920802535	1595920802533	-8.726	-2.972	1.063	-1.254	0.234	0.541	127.738380	37.885342
1595920802556	1595920802553	-10.364	-4.124	1.727	-1.298	0.295	0.550	127.738380	37.885342
1595920802574	1595920802573	-10.949	-4.565	1.696	-0.929	0.232	0.636	127.738380	37.885342
1595920802595	1595920802593	-10.319	-4.060	1.516	-0.507	0.173	0.780	127.738380	37.885342
1595920802614	1595920802612	-9.559	-4.426	1.906	-0.456	0.136	0.860	127.738380	37.885342
1595920802634	1595920802632	-9.835	-5.154	2.386	-0.538	0.163	0.796	127.738380	37.885342
1595920802656	1595920802655	-11.662	-5.226	2.620	-0.377	0.259	0.558	127.738380	37.885342
1595920802676	1595920802672	-12.951	-4.946	2.941	-0.085	0.272	0.149	127.738380	37.885342
1595920802696	1595920802696	-13.198	-4.786	2.685	0.139	0.138	-0.442	127.738380	37.885342
1595920802713	1595920802712	-15.632	-4.651	1.782	0.471	0.280	-1.051	127.738380	37.885342
1595920802740	1595920802731	-18.042	-4.033	1.454	0.720	0.356	-1.705	127.738380	37.885342
1595920802753	1595920802751	-17.428	-3.296	1.214	0.773	0.100	-2.473	127.738380	37.885342
1595920802777	1595920802772	-16.437	-2.733	0.709	0.918	0.045	-3.147	127.738373	37.885334
1595920802794	1595920802794	-16.267	-2.304	0.443	1.161	0.162	-3.586	127.738373	37.885334
1595920802817	1595920802815	-14.722	-2.139	0.280	1.339	0.148	-3.815	127.738373	37.885334
1595920802837	1595920802834	-12.424	-2.162	0.170	1.530	0.124	-3.903	127.738373	37.885334
1595920802855	1595920802850	-10.719	-2.007	0.227	1.760	0.150	-3.899	127.738373	37.885334
1595920802872	1595920802871	-9.617	-1.820	0.278	1.870	0.163	-3.837	127.738373	37.885334
1595920802893	1595920802890	-8.898	-1.664	0.167	1.847	0.177	-3.767	127.738373	37.885334
1595920802912	1595920802911	-8.282	-1.317	0.189	1.874	0.143	-3.654	127.738373	37.885334
1595920802936	1595920802932	-7.894	-0.744	0.357	2.013	0.083	-3.477	127.738373	37.885334
1595920802954	1595920802954	-7.940	-0.184	0.651	2.197	-0.004	-3.225	127.738373	37.885334
1595920802977	1595920802972	-8.323	0.211	0.855	2.361	-0.127	-2.916	127.738373	37.885334
1595920802992	1595920802991	-8.623	1.069	0.723	2.357	-0.296	-2.592	127.738373	37.885334
1595920803014	1595920803013	-8.292	2.149	0.515	2.164	-0.523	-2.196	127.738373	37.885334
1595920803030	1595920803030	-8.443	3.019	0.697	1.657	-0.625	-1.755	127.738373	37.885334
1595920803053	1595920803053	-8.841	3.383	1.049	0.906	-0.666	-1.214	127.738373	37.885334
1595920803071	1595920803070	-8.304	2.978	1.300	0.139	-0.755	-0.634	127.738373	37.885334
1595920803091	1595920803089	-7.763	1.781	1.748	-0.506	-0.739	-0.082	127.738373	37.885334
1595920803114	1595920803109	-8.110	1.100	2.117	-0.809	-0.696	0.468	127.738373	37.885334
1595920803130	1595920803129	-9.720	1.186	1.521	-0.950	-0.620	0.971	127.738373	37.885334
1595920803151	1595920803149	-12.958	1.249	0.002	-1.529	-0.334	1.485	127.738373	37.885334
1595920803171	1595920803168	-15.490	-0.016	-0.008	-2.450	-0.165	2.077	127.738373	37.885334
1595920803191	1595920803189	-16.377	-1.937	1.054	-3.029	-0.116	2.709	127.738373	37.885334
1595920803210	1595920803208	-16.808	-2.874	2.139	-2.910	0.030	3.349	127.738373	37.885334
1595920803230	1595920803228	-16.978	-3.030	3.135	-2.305	0.182	3.849	127.738373	37.885334
1595920803250	1595920803248	-16.231	-2.857	3.466	-1.639	0.227	4.162	127.738373	37.885334
1595920803270	1595920803269	-14.357	-2.929	3.195	-1.119	0.234	4.270	127.738373	37.885334
1595920803290	1595920803287	-12.240	-3.389	3.042	-0.634	0.189	4.190	127.738373	37.885334
1595920803315	1595920803314	-10.362	-3.875	2.893	-0.098	0.129	4.058	127.738373	37.885334
1595920803334	1595920803330	-8.910	-3.863	2.340	0.447	0.132	3.894	127.738373	37.885334
1595920803349	1595920803347	-8.108	-3.097	1.801	0.835	0.173	3.667	127.738373	37.885334
1595920803371	1595920803368	-7.537	-2.531	1.494	0.860	0.156	3.402	127.738373	37.885334
1595920803391	1595920803388	-7.121	-2.471	1.260	0.597	0.096	3.170	127.738373	37.885334
1595920803408	1595920803406	-7.595	-2.656	1.437	0.257	0.098	2.994	127.738373	37.885334
1595920803430	1595920803427	-8.738	-3.145	1.945	-0.080	0.093	2.804	127.738373	37.885334
1595920803449	1595920803446	-9.166	-3.818	2.172	-0.331	-0.019	2.584	127.738373	37.885334
1595920803471	1595920803469	-9.056	-4.048	1.871	-0.509	-0.088	2.326	127.738373	37.885334
1595920803489	1595920803487	-9.566	-4.182	1.626	-0.711	-0.032	2.026	127.738373	37.885334
1595920803514	1595920803507	-10.695	-4.419	1.581	-0.998	0.081	1.665	127.738373	37.885334
1595920803528	1595920803526	-11.121	-4.582	1.959	-1.347	0.124	1.194	127.738373	37.885334
1595920803549	1595920803546	-10.172	-4.467	2.136	-1.735	0.130	0.612	127.738373	37.885334
1595920803567	1595920803565	-9.861	-4.462	1.930	-1.944	0.239	0.008	127.738373	37.885334
1595920803593	1595920803589	-12.501	-4.611	1.916	-1.649	0.550	-0.575	127.738373	37.885334
1595920803607	1595920803605	-13.382	-5.159	2.323	-1.034	0.561	-1.156	127.738373	37.885334
1595920803628	1595920803625	-12.134	-5.543	1.677	-0.090	0.343	-1.682	127.738373	37.885334
1595920803647	1595920803645	-13.909	-4.881	1.015	1.016	0.538	-2.128	127.738373	37.885334
1595920803667	1595920803665	-16.808	-3.906	0.709	1.642	0.602	-2.576	127.738373	37.885334
1595920803686	1595920803686	-18.502	-3.106	0.594	1.900	0.419	-3.103	127.738373	37.885334
1595920803707	1595920803705	-18.823	-1.930	0.486	1.918	0.246	-3.661	127.738373	37.885334
1595920803728	1595920803727	-17.309	-1.164	0.785	1.702	0.094	-4.072	127.738373	37.885334
1595920803746	1595920803745	-14.796	-1.269	1.250	1.444	0.058	-4.281	127.738373	37.885334
1595920803772	1595920803768	-12.755	-1.554	1.332	1.323	0.116	-4.338	127.738365	37.885323
1595920803792	1595920803784	-10.750	-1.485	1.023	1.327	0.098	-4.272	127.738365	37.885323
1595920803806	1595920803804	-8.776	-1.101	0.685	1.349	0.060	-4.128	127.738365	37.885323
1595920803827	1595920803824	-7.691	-0.893	0.831	1.434	0.074	-3.882	127.738365	37.885323
1595920803845	1595920803843	-8.510	-0.905	1.044	1.618	0.186	-3.636	127.738365	37.885323
1595920803865	1595920803863	-9.205	-0.356	0.862	1.788	0.160	-3.429	127.738365	37.885323
1595920803887	1595920803885	-8.055	0.774	0.654	1.951	-0.127	-3.139	127.738365	37.885323
1595920803905	1595920803903	-8.043	1.644	0.761	2.039	-0.194	-2.774	127.738365	37.885323
1595920803924	1595920803922	-9.274	2.274	1.013	1.938	-0.203	-2.357	127.738365	37.885323
1595920803945	1595920803945	-9.729	3.036	1.087	1.688	-0.395	-1.866	127.738365	37.885323
1595920803963	1595920803962	-9.794	3.191	1.087	1.271	-0.530	-1.352	127.738365	37.885323
1595920803988	1595920803982	-9.420	2.973	1.073	0.669	-0.618	-0.807	127.738365	37.885323
1595920804004	1595920804002	-8.754	2.521	1.262	0.090	-0.644	-0.269	127.738365	37.885323
1595920804023	1595920804022	-8.682	2.025	1.636	-0.303	-0.583	0.213	127.738365	37.885323
1595920804044	1595920804041	-10.177	1.395	1.559	-0.531	-0.425	0.702	127.738365	37.885323
1595920804063	1595920804061	-13.121	0.767	0.745	-0.839	-0.133	1.247	127.738365	37.885323
1595920804082	1595920804081	-13.675	0.128	0.361	-1.347	-0.082	1.897	127.738365	37.885323
1595920804106	1595920804102	-12.954	-0.507	0.809	-1.849	-0.025	2.501	127.738365	37.885323
1595920804126	1595920804124	-15.074	-1.700	2.414	-2.015	0.371	3.135	127.738365	37.885323
1595920804148	1595920804148	-16.080	-2.385	3.214	-1.747	0.392	3.709	127.738365	37.885323
1595920804162	1595920804161	-15.263	-2.127	3.119	-1.451	0.365	4.037	127.738365	37.885323
1595920804182	1595920804180	-14.860	-2.210	2.728	-1.333	0.490	4.165	127.738365	37.885323
1595920804203	1595920804201	-13.895	-2.625	2.527	-1.220	0.492	4.131	127.738365	37.885323
1595920804222	1595920804221	-12.017	-2.917	2.448	-1.059	0.357	3.942	127.738365	37.885323
1595920804243	1595920804240	-10.285	-3.308	2.479	-0.790	0.265	3.681	127.738365	37.885323
1595920804262	1595920804260	-8.833	-3.334	2.366	-0.460	0.194	3.387	127.738365	37.885323
1595920804282	1595920804281	-7.758	-2.819	1.983	-0.327	0.147	3.045	127.738365	37.885323
1595920804303	1595920804303	-7.133	-2.517	1.772	-0.540	0.099	2.690	127.738365	37.885323
1595920804324	1595920804321	-7.025	-2.876	1.729	-0.917	0.061	2.374	127.738365	37.885323
1595920804345	1595920804344	-7.461	-3.446	1.679	-1.071	0.068	2.119	127.738365	37.885323
1595920804364	1595920804362	-8.376	-3.732	1.832	-0.893	0.115	1.937	127.738365	37.885323
1595920804384	1595920804384	-8.999	-3.890	2.079	-0.643	0.112	1.803	127.738365	37.885323
1595920804402	1595920804400	-8.999	-3.973	2.261	-0.505	0.073	1.681	127.738365	37.885323
1595920804426	1595920804423	-8.869	-3.851	2.551	-0.556	0.072	1.559	127.738365	37.885323
1595920804443	1595920804440	-9.181	-4.148	2.786	-0.754	0.088	1.415	127.738365	37.885323
1595920804463	1595920804461	-9.475	-4.606	2.714	-0.941	0.076	1.256	127.738365	37.885323
1595920804485	1595920804483	-8.874	-4.886	2.640	-1.070	-0.006	1.029	127.738365	37.885323
1595920804505	1595920804501	-8.500	-5.669	2.642	-1.100	-0.073	0.719	127.738365	37.885323
1595920804525	1595920804523	-9.188	-7.286	2.060	-0.648	-0.100	0.455	127.738365	37.885323
1595920804544	1595920804539	-10.132	-6.968	0.579	0.326	-0.012	0.151	127.738365	37.885323
1595920804560	1595920804560	-11.998	-5.768	0.438	1.250	0.171	-0.394	127.738365	37.885323
1595920804581	1595920804579	-14.053	-4.589	1.013	1.677	0.246	-1.099	127.738365	37.885323
1595920804602	1595920804599	-16.894	-3.363	1.413	1.673	0.355	-1.956	127.738365	37.885323
1595920804620	1595920804619	-19.584	-2.733	1.447	1.213	0.325	-3.021	127.738365	37.885323
1595920804641	1595920804639	-20.047	-2.778	0.572	0.688	0.130	-4.067	127.738365	37.885323
1595920804660	1595920804659	-20.751	-2.361	-0.570	0.557	0.180	-4.833	127.738365	37.885323
1595920804680	1595920804678	-21.537	-1.535	-0.693	0.608	0.228	-5.283	127.738365	37.885323
1595920804701	1595920804700	-18.947	-0.763	-0.396	0.750	-0.009	-5.303	127.738365	37.885323
1595920804721	1595920804718	-14.626	-0.656	-0.058	1.157	-0.214	-4.986	127.738365	37.885323
1595920804748	1595920804748	-11.382	-0.474	0.134	1.628	-0.240	-4.519	127.738365	37.885323
1595920804761	1595920804761	-9.899	0.463	0.306	1.939	-0.152	-3.991	127.738358	37.885311
1595920804779	1595920804777	-8.929	1.424	0.464	1.850	-0.119	-3.591	127.738358	37.885311
1595920804800	1595920804798	-7.463	1.759	0.390	1.469	-0.143	-3.265	127.738358	37.885311
1595920804820	1595920804818	-6.309	1.716	0.469	1.112	-0.098	-2.949	127.738358	37.885311
1595920804839	1595920804838	-6.644	1.586	0.754	0.977	0.062	-2.570	127.738358	37.885311
1595920804858	1595920804857	-7.638	1.519	0.896	1.065	0.152	-2.173	127.738358	37.885311
1595920804880	1595920804879	-7.880	1.800	0.908	1.212	0.052	-1.857	127.738358	37.885311
1595920804900	1595920804900	-8.021	2.966	0.575	1.283	-0.059	-1.502	127.738358	37.885311
1595920804921	1595920804917	-8.575	3.378	0.515	1.130	-0.105	-1.009	127.738358	37.885311
1595920804941	1595920804941	-9.308	2.581	0.817	0.655	-0.165	-0.472	127.738358	37.885311
1595920804958	1595920804955	-9.128	2.046	1.286	0.359	-0.301	0.118	127.738358	37.885311
1595920804980	1595920804978	-8.484	1.654	1.827	0.268	-0.400	0.622	127.738358	37.885311
1595920805000	1595920804995	-10.242	0.983	1.494	0.000	-0.272	1.071	127.738358	37.885311
1595920805018	1595920805016	-12.855	0.827	0.122	-0.702	-0.057	1.618	127.738358	37.885311
1595920805037	1595920805034	-14.029	0.338	-0.305	-1.540	0.005	2.281	127.738358	37.885311
1595920805057	1595920805053	-16.137	-0.634	0.615	-2.108	0.271	3.039	127.738358	37.885311
1595920805077	1595920805074	-17.543	-1.588	1.449	-2.349	0.392	3.766	127.738358	37.885311
1595920805097	1595920805097	-17.905	-2.244	1.823	-2.463	0.480	4.311	127.738358	37.885311
1595920805116	1595920805115	-18.157	-3.743	2.278	-2.567	0.545	4.618	127.738358	37.885311
1595920805136	1595920805134	-16.863	-4.663	2.453	-2.387	0.367	4.722	127.738358	37.885311
1595920805155	1595920805153	-13.996	-4.225	2.410	-1.611	0.120	4.625	127.738358	37.885311
1595920805175	1595920805173	-11.186	-3.643	2.647	-0.628	0.013	4.372	127.738358	37.885311
1595920805195	1595920805193	-8.920	-3.717	2.795	-0.057	-0.020	3.953	127.738358	37.885311
1595920805215	1595920805213	-7.255	-3.600	2.618	0.000	-0.033	3.458	127.738358	37.885311
1595920805235	1595920805235	-6.507	-3.188	2.304	-0.379	-0.039	2.920	127.738358	37.885311
1595920805255	1595920805252	-6.313	-2.872	1.820	-1.071	-0.070	2.386	127.738358	37.885311
1595920805275	1595920805272	-6.610	-2.941	1.466	-1.659	-0.089	1.937	127.738358	37.885311
1595920805295	1595920805292	-7.209	-3.334	1.451	-1.955	-0.100	1.587	127.738358	37.885311
1595920805314	1595920805314	-7.336	-3.624	1.432	-2.019	-0.189	1.364	127.738358	37.885311
1595920805337	1595920805334	-7.803	-3.799	0.958	-1.956	-0.214	1.227	127.738358	37.885311
1595920805359	1595920805359	-8.783	-3.911	0.809	-1.845	-0.143	1.084	127.738358	37.885311
1595920805374	1595920805372	-9.559	-4.282	1.013	-1.694	-0.094	1.009	127.738358	37.885311
1595920805394	1595920805392	-9.705	-4.620	1.159	-1.477	-0.085	0.896	127.738358	37.885311
1595920805413	1595920805412	-9.138	-4.821	1.171	-1.205	-0.068	0.731	127.738358	37.885311
1595920805437	1595920805437	-9.832	-5.164	1.027	-0.933	0.009	0.547	127.738358	37.885311
1595920805455	1595920805452	-12.990	-5.988	1.183	-0.344	0.217	0.324	127.738358	37.885311
1595920805477	1595920805472	-14.499	-6.489	1.832	0.573	0.179	0.045	127.738358	37.885311
1595920805494	1595920805491	-14.774	-6.108	1.152	1.473	0.033	-0.422	127.738358	37.885311
1595920805522	1595920805514	-16.681	-5.480	0.364	2.164	0.181	-1.033	127.738358	37.885311
1595920805533	1595920805531	-17.613	-4.584	0.201	2.574	0.113	-1.754	127.738358	37.885311
1595920805556	1595920805550	-17.117	-3.231	0.081	2.768	-0.024	-2.561	127.738358	37.885311
1595920805573	1595920805570	-17.860	-2.261	0.055	2.664	0.067	-3.346	127.738358	37.885311
1595920805593	1595920805591	-18.451	-1.990	0.428	2.326	0.108	-3.992	127.738358	37.885311
1595920805614	1595920805612	-16.945	-1.952	0.984	1.989	-0.034	-4.498	127.738358	37.885311
1595920805634	1595920805633	-14.949	-1.877	1.042	1.728	-0.121	-4.904	127.738358	37.885311
1595920805653	1595920805650	-13.507	-1.657	0.582	1.516	-0.159	-5.161	127.738358	37.885311
1595920805672	1595920805669	-12.051	-0.792	0.081	1.419	-0.209	-5.232	127.738358	37.885311
1595920805692	1595920805689	-10.314	0.166	-0.178	1.529	-0.290	-5.036	127.738358	37.885311
1595920805713	1595920805712	-8.627	0.111	-0.194	1.826	-0.371	-4.726	127.738358	37.885311
1595920805743	1595920805743	-8.776	-0.059	0.043	2.096	-0.267	-4.383	127.738358	37.885311
1595920805751	1595920805749	-10.252	0.319	0.472	2.103	-0.236	-3.968	127.738358	37.885311
1595920805771	1595920805769	-10.292	0.676	0.656	1.837	-0.495	-3.555	127.738358	37.885303
1595920805794	1595920805794	-9.032	1.146	0.560	1.445	-0.729	-3.156	127.738358	37.885303
1595920805811	1595920805809	-8.381	1.826	0.371	1.088	-0.731	-2.675	127.738358	37.885303
1595920805834	1595920805833	-8.381	2.454	0.436	0.796	-0.640	-2.127	127.738358	37.885303
1595920805850	1595920805848	-8.299	2.514	0.996	0.550	-0.562	-1.553	127.738358	37.885303
1595920805871	1595920805869	-7.528	2.185	2.160	0.426	-0.572	-1.026	127.738358	37.885303
1595920805890	1595920805888	-6.809	1.711	3.212	0.570	-0.608	-0.566	127.738358	37.885303
1595920805909	1595920805907	-7.212	1.558	3.025	0.793	-0.584	-0.151	127.738358	37.885303
1595920805932	1595920805931	-9.368	2.363	1.090	0.431	-0.304	0.331	127.738358	37.885303
1595920805950	1595920805947	-11.785	2.370	-0.523	-0.777	0.120	1.004	127.738358	37.885303
1595920805973	1595920805973	-13.330	0.657	0.107	-1.895	0.472	1.931	127.738358	37.885303
1595920805994	1595920805989	-14.024	-0.754	1.073	-2.138	0.689	2.967	127.738358	37.885303
1595920806013	1595920806010	-15.316	-1.331	1.902	-1.975	1.077	3.953	127.738358	37.885303
1595920806033	1595920806027	-17.060	-2.253	3.032	-2.005	1.236	4.844	127.738358	37.885303
1595920806050	1595920806048	-17.706	-3.686	4.060	-1.909	0.975	5.520	127.738358	37.885303
1595920806068	1595920806066	-16.422	-3.645	3.828	-1.445	0.650	5.824	127.738358	37.885303
1595920806089	1595920806086	-14.894	-3.039	2.302	-1.044	0.464	5.765	127.738358	37.885303
1595920806108	1595920806106	-13.945	-3.748	1.720	-1.066	0.265	5.455	127.738358	37.885303
1595920806129	1595920806127	-12.381	-4.627	2.153	-1.280	-0.009	4.972	127.738358	37.885303
1595920806150	1595920806146	-10.079	-4.524	2.271	-1.565	-0.217	4.253	127.738358	37.885303
1595920806170	1595920806166	-7.935	-4.026	1.863	-2.200	-0.358	3.372	127.738358	37.885303
1595920806189	1595920806189	-7.149	-3.691	1.375	-3.105	-0.400	2.553	127.738358	37.885303
1595920806210	1595920806206	-8.179	-3.830	1.384	-3.668	-0.326	1.944	127.738358	37.885303
1595920806228	1595920806226	-8.965	-4.524	1.597	-3.448	-0.343	1.570	127.738358	37.885303
1595920806248	1595920806245	-8.692	-5.068	1.521	-2.573	-0.460	1.417	127.738358	37.885303
1595920806267	1595920806265	-9.056	-5.274	1.217	-1.457	-0.470	1.453	127.738358	37.885303
1595920806287	1595920806285	-10.594	-5.715	0.740	-0.447	-0.400	1.584	127.738358	37.885303
1595920806307	1595920806304	-11.756	-6.434	0.531	0.376	-0.368	1.651	127.738358	37.885303
1595920806330	1595920806325	-10.625	-6.683	0.838	0.937	-0.479	1.571	127.738358	37.885303
1595920806354	1595920806345	-8.766	-6.070	1.262	1.012	-0.493	1.346	127.738358	37.885303
1595920806368	1595920806365	-9.147	-5.768	1.648	0.601	-0.267	0.944	127.738358	37.885303
1595920806390	1595920806390	-11.763	-5.732	1.957	0.021	0.044	0.371	127.738358	37.885303
1595920806408	1595920806404	-12.185	-5.519	1.998	-0.364	0.007	-0.239	127.738358	37.885303
1595920806430	1595920806424	-13.119	-5.348	0.840	-0.281	0.049	-0.889	127.738358	37.885303
1595920806446	1595920806444	-16.846	-5.231	-0.170	0.123	0.469	-1.540	127.738358	37.885303
1595920806465	1595920806464	-17.805	-4.661	-0.022	0.415	0.490	-2.247	127.738358	37.885303
1595920806486	1595920806484	-16.125	-4.033	-0.417	0.733	0.419	-3.002	127.738358	37.885303
1595920806506	1595920806503	-16.638	-3.111	-1.095	1.231	0.764	-3.697	127.738358	37.885303
1595920806528	1595920806523	-17.033	-2.409	-0.982	1.691	0.930	-4.172	127.738358	37.885303
1595920806546	1595920806544	-15.201	-2.086	-0.479	2.043	0.846	-4.439	127.738358	37.885303
1595920806568	1595920806565	-13.495	-1.988	-0.206	2.327	0.814	-4.543	127.738358	37.885303
1595920806586	1595920806586	-12.293	-2.067	-0.108	2.482	0.750	-4.553	127.738358	37.885303
1595920806605	1595920806603	-11.289	-2.021	-0.029	2.513	0.645	-4.520	127.738358	37.885303
1595920806625	1595920806622	-10.676	-1.274	0.340	2.567	0.546	-4.423	127.738358	37.885303
1595920806645	1595920806642	-10.038	0.552	0.862	2.820	0.327	-4.191	127.738358	37.885303
1595920806664	1595920806662	-9.296	2.348	1.221	3.269	0.028	-3.796	127.738358	37.885303
1595920806684	1595920806682	-9.109	2.894	1.356	3.432	-0.156	-3.386	127.738358	37.885303
1595920806704	1595920806701	-9.051	2.892	1.435	3.008	-0.330	-2.994	127.738358	37.885303
1595920806724	1595920806722	-8.819	3.824	1.387	2.338	-0.511	-2.535	127.738358	37.885303
1595920806749	1595920806749	-9.056	5.053	1.341	1.613	-0.580	-1.907	127.738358	37.885303
1595920806773	1595920806773	-9.902	4.967	1.190	0.720	-0.584	-1.265	127.738358	37.885296
1595920806783	1595920806781	-10.280	3.819	0.977	-0.114	-0.632	-0.645	127.738358	37.885296
1595920806803	1595920806801	-9.526	2.708	1.243	-0.573	-0.716	-0.010	127.738358	37.885296
1595920806823	1595920806821	-9.327	1.876	1.686	-0.789	-0.698	0.606	127.738358	37.885296
1595920806844	1595920806842	-11.114	1.397	1.075	-1.067	-0.466	1.184	127.738358	37.885296
1595920806864	1595920806861	-12.163	1.376	0.019	-1.640	-0.306	1.746	127.738358	37.885296
1595920806886	1595920806883	-13.186	0.195	-0.465	-2.330	-0.106	2.358	127.738358	37.885296
1595920806903	1595920806900	-16.101	-1.446	-0.027	-2.794	0.374	3.034	127.738358	37.885296
1595920806923	1595920806921	-17.218	-2.136	1.018	-2.844	0.476	3.732	127.738358	37.885296
1595920806944	1595920806944	-16.662	-2.390	2.249	-2.658	0.518	4.283	127.738358	37.885296
1595920806962	1595920806960	-16.892	-2.970	3.052	-2.275	0.698	4.705	127.738358	37.885296
1595920806982	1595920806981	-16.135	-3.679	3.619	-1.595	0.612	4.898	127.738358	37.885296
1595920807004	1595920807002	-13.804	-4.086	3.641	-0.670	0.353	4.792	127.738358	37.885296
1595920807023	1595920807020	-11.258	-3.885	2.881	0.223	0.222	4.500	127.738358	37.885296
1595920807044	1595920807040	-9.257	-3.116	2.019	0.703	0.208	4.179	127.738358	37.885296
1595920807062	1595920807060	-8.218	-2.706	1.739	0.733	0.210	3.813	127.738358	37.885296
1595920807082	1595920807080	-7.607	-2.826	1.902	0.334	0.100	3.361	127.738358	37.885296
1595920807102	1595920807100	-7.327	-3.106	1.885	-0.306	-0.048	2.918	127.738358	37.885296
1595920807122	1595920807120	-8.029	-3.432	2.117	-0.893	-0.099	2.522	127.738358	37.885296
1595920807142	1595920807140	-8.718	-3.736	2.386	-1.325	-0.165	2.168	127.738358	37.885296
1595920807166	1595920807160	-8.527	-3.803	2.493	-1.646	-0.270	1.838	127.738358	37.885296
1595920807181	1595920807180	-8.639	-4.088	2.378	-1.886	-0.291	1.570	127.738358	37.885296
1595920807204	1595920807204	-9.511	-4.556	2.146	-2.038	-0.231	1.324	127.738358	37.885296
1595920807222	1595920807219	-10.290	-5.126	2.065	-1.993	-0.204	1.077	127.738358	37.885296
1595920807241	1595920807240	-10.225	-5.396	1.631	-1.786	-0.176	0.817	127.738358	37.885296
1595920807261	1595920807259	-9.748	-5.174	1.073	-1.594	-0.112	0.498	127.738358	37.885296
1595920807282	1595920807280	-10.072	-5.262	1.200	-1.447	0.057	0.162	127.738358	37.885296
1595920807301	1595920807298	-12.223	-5.763	1.296	-1.052	0.305	-0.278	127.738358	37.885296
1595920807321	1595920807318	-15.462	-5.641	1.356	-0.136	0.604	-0.728	127.738358	37.885296
1595920807344	1595920807338	-14.528	-5.152	2.304	0.822	0.424	-1.157	127.738358	37.885296
1595920807360	1595920807360	-11.260	-4.929	1.669	1.570	0.095	-1.639	127.738358	37.885296
1595920807385	1595920807381	-13.538	-4.534	0.242	2.328	0.485	-2.167	127.738358	37.885296
1595920807403	1595920807398	-17.460	-3.813	0.079	3.010	0.653	-2.720	127.738358	37.885296
1595920807421	1595920807418	-18.332	-2.555	0.009	3.369	0.328	-3.405	127.738358	37.885296
1595920807440	1595920807438	-18.058	-1.108	-0.252	3.394	0.041	-4.081	127.738358	37.885296
1595920807458	1595920807458	-17.472	-0.133	-0.202	2.990	-0.110	-4.509	127.738358	37.885296
1595920807483	1595920807478	-15.531	-0.431	0.258	2.272	-0.272	-4.740	127.738358	37.885296
1595920807500	1595920807497	-13.620	-1.238	0.778	1.775	-0.338	-4.908	127.738358	37.885296
1595920807520	1595920807518	-12.247	-1.274	1.027	1.567	-0.304	-4.949	127.738358	37.885296
1595920807539	1595920807536	-10.733	-1.053	0.960	1.310	-0.319	-4.884	127.738358	37.885296
1595920807558	1595920807556	-9.174	-1.001	0.555	1.008	-0.310	-4.768	127.738358	37.885296
1595920807578	1595920807576	-8.366	-0.919	0.208	0.941	-0.200	-4.572	127.738358	37.885296
1595920807607	1595920807595	-8.728	-0.778	0.474	1.216	-0.096	-4.357	127.738358	37.885296
1595920807618	1595920807615	-9.806	-0.447	0.570	1.620	-0.051	-4.077	127.738358	37.885296
1595920807639	1595920807635	-9.969	0.497	0.196	1.915	-0.143	-3.682	127.738358	37.885296
1595920807660	1595920807659	-8.690	1.929	-0.185	1.973	-0.307	-3.138	127.738358	37.885296
1595920807678	1595920807678	-7.928	2.583	0.122	1.918	-0.313	-2.420	127.738358	37.885296
1595920807698	1595920807694	-8.673	2.377	0.862	1.734	-0.156	-1.626	127.738358	37.885296
1595920807717	1595920807714	-8.936	2.406	1.320	1.433	-0.148	-0.731	127.738358	37.885296
1595920807750	1595920807750	-8.141	2.197	1.684	0.997	-0.143	0.121	127.738358	37.885281
1595920807756	1595920807754	-8.294	1.198	2.177	0.413	0.023	0.827	127.738358	37.885281
1595920807777	1595920807774	-10.206	0.413	2.376	-0.142	0.238	1.438	127.738358	37.885281
1595920807797	1595920807793	-11.095	0.736	1.686	-0.834	0.376	1.993	127.738358	37.885281
1595920807817	1595920807815	-9.164	0.808	1.245	-1.670	0.323	2.444	127.738358	37.885281
1595920807838	1595920807837	-10.050	0.161	1.159	-2.188	0.580	2.889	127.738358	37.885281
1595920807857	1595920807853	-14.228	-0.864	1.770	-2.158	0.941	3.487	127.738358	37.885281
1595920807878	1595920807873	-16.683	-1.889	2.029	-1.943	0.845	4.117	127.738358	37.885281
1595920807895	1595920807893	-18.068	-2.287	1.906	-1.662	0.803	4.673	127.738358	37.885281
1595920807915	1595920807913	-18.595	-2.213	2.041	-1.451	0.851	5.035	127.738358	37.885281
1595920807938	1595920807936	-17.024	-2.428	2.168	-1.511	0.734	5.114	127.738358	37.885281
1595920807955	1595920807952	-14.769	-2.812	2.041	-1.677	0.598	4.938	127.738358	37.885281
1595920807982	1595920807974	-12.556	-2.975	2.347	-1.801	0.505	4.538	127.738358	37.885281
1595920807997	1595920807996	-10.891	-4.151	2.896	-1.622	0.321	4.142	127.738358	37.885281
1595920808024	1595920808018	-9.145	-4.005	2.417	-0.665	0.279	3.833	127.738358	37.885281
1595920808038	1595920808035	-8.062	-2.438	2.206	-0.302	0.325	3.405	127.738358	37.885281
1595920808055	1595920808052	-7.801	-3.149	1.777	-0.655	0.231	2.956	127.738358	37.885281
1595920808077	1595920808071	-7.827	-3.904	1.629	-0.820	0.110	2.523	127.738358	37.885281
1595920808094	1595920808091	-8.160	-3.626	1.964	-0.850	0.049	2.092	127.738358	37.885281
1595920808113	1595920808111	-8.728	-3.466	2.323	-0.989	-0.008	1.741	127.738358	37.885281
1595920808132	1595920808131	-8.615	-3.710	2.702	-1.232	-0.106	1.503	127.738358	37.885281
1595920808153	1595920808151	-8.381	-4.261	2.788	-1.400	-0.140	1.378	127.738358	37.885281
1595920808173	1595920808172	-9.377	-4.659	2.582	-1.383	-0.037	1.304	127.738358	37.885281
1595920808199	1595920808194	-10.084	-4.632	2.347	-1.311	-0.026	1.159	127.738358	37.885281
1595920808213	1595920808211	-9.353	-4.488	2.184	-1.333	-0.132	0.903	127.738358	37.885281
1595920808234	1595920808232	-9.339	-4.728	2.031	-1.398	-0.119	0.521	127.738358	37.885281
1595920808253	1595920808250	-11.749	-5.107	1.763	-1.353	0.068	0.039	127.738358	37.885281
1595920808272	1595920808271	-12.970	-5.032	1.998	-1.180	0.067	-0.485	127.738358	37.885281
1595920808292	1595920808290	-12.657	-4.795	1.332	-0.965	-0.092	-1.074	127.738358	37.885281
1595920808312	1595920808309	-15.665	-4.776	0.177	-0.576	0.223	-1.723	127.738358	37.885281
1595920808334	1595920808330	-18.466	-4.275	-0.094	-0.077	0.457	-2.404	127.738358	37.885281
1595920808351	1595920808350	-17.896	-3.375	-0.144	0.371	0.323	-3.188	127.738358	37.885281
1595920808371	1595920808371	-17.749	-2.699	-0.685	0.884	0.494	-3.939	127.738358	37.885281
1595920808395	1595920808391	-18.394	-2.057	-0.822	1.424	0.742	-4.469	127.738358	37.885281
1595920808412	1595920808409	-17.136	-1.789	-0.455	1.822	0.720	-4.761	127.738358	37.885281
1595920808435	1595920808432	-15.026	-1.942	-0.103	2.114	0.671	-4.897	127.738358	37.885281
1595920808450	1595920808448	-13.006	-1.810	0.014	2.243	0.605	-4.924	127.738358	37.885281
1595920808478	1595920808472	-11.219	-0.718	0.299	2.318	0.491	-4.729	127.738358	37.885281
1595920808490	1595920808488	-9.442	0.655	0.270	2.763	0.309	-4.168	127.738358	37.885281
1595920808512	1595920808511	-7.890	1.838	-0.017	3.262	0.214	-3.663	127.738358	37.885281
1595920808529	1595920808528	-7.255	2.727	0.244	3.091	0.199	-3.244	127.738358	37.885281
1595920808551	1595920808549	-6.953	3.632	0.824	2.506	0.133	-2.753	127.738358	37.885281
1595920808569	1595920808569	-6.862	3.810	1.535	1.893	0.086	-2.260	127.738358	37.885281
1595920808590	1595920808589	-6.989	3.297	1.899	1.425	0.011	-1.786	127.738358	37.885281
1595920808612	1595920808612	-7.545	3.129	1.978	1.134	-0.086	-1.301	127.738358	37.885281
1595920808640	1595920808638	-8.520	3.175	1.770	0.756	-0.201	-0.840	127.738358	37.885281
1595920808649	1595920808647	-9.202	3.041	1.341	0.268	-0.348	-0.382	127.738358	37.885281
1595920808668	1595920808667	-9.332	2.600	1.166	-0.149	-0.486	0.059	127.738358	37.885281
1595920808689	1595920808687	-9.566	2.025	1.276	-0.411	-0.539	0.483	127.738358	37.885281
1595920808709	1595920808707	-10.752	1.433	1.437	-0.541	-0.519	0.915	127.738358	37.885281
1595920808728	1595920808727	-12.903	1.115	0.460	-0.802	-0.412	1.370	127.738358	37.885281
1595920808754	1595920808747	-13.576	1.028	-0.376	-1.417	-0.329	1.882	127.738358	37.885273
1595920808771	1595920808771	-14.904	-0.059	-0.611	-2.099	-0.083	2.462	127.738358	37.885273
1595920808796	1595920808796	-17.383	-1.152	-0.295	-2.425	0.377	3.114	127.738358	37.885273
1595920808815	1595920808815	-17.874	-2.203	1.061	-2.444	0.504	3.698	127.738358	37.885273
1595920808834	1595920808828	-17.982	-3.183	2.846	-2.260	0.655	4.141	127.738358	37.885273
1595920808848	1595920808845	-17.833	-3.147	4.247	-1.852	0.761	4.417	127.738358	37.885273
1595920808868	1595920808866	-15.673	-3.015	4.213	-1.250	0.616	4.446	127.738358	37.885273
1595920808888	1595920808886	-13.009	-3.514	3.502	-0.462	0.467	4.232	127.738358	37.885273
1595920808907	1595920808905	-10.120	-3.605	2.829	0.246	0.256	3.872	127.738358	37.885273
1595920808928	1595920808926	-7.561	-3.166	2.455	0.494	0.133	3.459	127.738358	37.885273
1595920808947	1595920808945	-6.241	-2.345	2.242	0.059	0.099	2.980	127.738358	37.885273
1595920808968	1595920808967	-5.858	-2.122	2.065	-0.780	0.008	2.525	127.738358	37.885273
1595920808987	1595920808985	-5.928	-2.582	1.823	-1.511	-0.141	2.107	127.738358	37.885273
1595920809011	1595920809011	-6.670	-3.049	1.418	-1.808	-0.194	1.737	127.738358	37.885273
1595920809026	1595920809024	-7.875	-3.317	1.209	-1.701	-0.182	1.461	127.738358	37.885273
1595920809047	1595920809047	-8.464	-3.458	1.142	-1.404	-0.214	1.283	127.738358	37.885273
1595920809065	1595920809064	-8.448	-3.451	1.073	-1.117	-0.251	1.167	127.738358	37.885273
1595920809087	1595920809085	-9.114	-3.640	1.217	-0.892	-0.152	1.131	127.738358	37.885273
1595920809106	1595920809104	-10.017	-4.199	1.435	-0.605	-0.055	1.135	127.738358	37.885273
1595920809125	1595920809124	-10.141	-4.733	2.115	-0.124	-0.038	1.120	127.738358	37.885273
