1595324875688	1595324875687	-12.149	-2.358	1.131	0.233	1.159	2.442	127.738335	37.885120
1595324875706	1595324875704	-12.848	-2.610	1.306	0.159	1.174	3.154	127.738335	37.885120
1595324875728	1595324875724	-12.647	-3.293	2.185	0.120	1.040	3.743	127.738335	37.885120
1595324875747	1595324875746	-12.537	-3.683	3.045	0.193	0.915	4.130	127.738335	37.885120
1595324875766	1595324875764	-12.695	-3.657	3.148	0.247	0.739	4.288	127.738335	37.885120
1595324875786	1595324875783	-12.688	-2.909	2.626	0.073	0.524	4.286	127.738335	37.885120
1595324875804	1595324875803	-12.566	-1.939	2.006	-0.371	0.373	4.196	127.738335	37.885120
1595324875825	1595324875823	-12.587	-1.630	1.558	-0.940	0.322	4.063	127.738335	37.885120
1595324875844	1595324875842	-12.633	-2.030	1.699	-1.413	0.322	3.889	127.738335	37.885120
1595324875864	1595324875862	-12.566	-2.727	2.362	-1.683	0.338	3.683	127.738335	37.885120
1595324875884	1595324875881	-12.211	-3.417	2.772	-1.834	0.313	3.501	127.738335	37.885120
1595324875903	1595324875902	-11.449	-4.050	2.655	-1.889	0.205	3.391	127.738335	37.885120
1595324875923	1595324875921	-10.620	-4.153	2.133	-1.908	0.083	3.282	127.738335	37.885120
1595324875946	1595324875942	-10.189	-3.836	1.749	-1.921	0.055	3.123	127.738335	37.885120
1595324875968	1595324875965	-9.962	-3.788	1.632	-1.815	0.063	2.939	127.738335	37.885120
1595324875984	1595324875981	-9.840	-4.203	1.440	-1.518	0.090	2.753	127.738335	37.885120
1595324876008	1595324876004	-10.022	-4.739	1.493	-1.013	0.194	2.574	127.738335	37.885120
1595324876022	1595324876021	-10.232	-5.056	1.972	-0.392	0.315	2.397	127.738335	37.885120
1595324876050	1595324876045	-10.319	-5.092	2.600	0.196	0.421	2.223	127.738335	37.885120
1595324876063	1595324876061	-10.431	-4.941	3.242	0.628	0.521	2.056	127.738335	37.885120
1595324876085	1595324876085	-10.216	-4.787	3.888	0.850	0.525	1.878	127.738335	37.885120
1595324876102	1595324876100	-9.497	-4.490	4.188	0.823	0.423	1.653	127.738335	37.885120
1595324876125	1595324876123	-9.095	-3.956	4.111	0.526	0.348	1.374	127.738335	37.885120
1595324876146	1595324876142	-9.454	-3.549	3.929	0.049	0.306	1.039	127.738335	37.885120
1595324876164	1595324876160	-10.237	-3.542	3.639	-0.499	0.224	0.633	127.738335	37.885120
1595324876181	1595324876178	-11.559	-3.891	3.328	-0.978	0.183	0.162	127.738335	37.885120
1595324876199	1595324876198	-13.512	-4.593	3.685	-1.205	0.219	-0.404	127.738335	37.885120
1595324876219	1595324876218	-15.088	-5.334	4.494	-1.137	0.195	-1.024	127.738335	37.885120
1595324876239	1595324876237	-14.417	-5.674	5.043	-0.903	0.008	-1.630	127.738335	37.885120
1595324876262	1595324876261	-12.098	-5.480	4.660	-0.535	-0.206	-2.229	127.738335	37.885120
1595324876279	1595324876275	-10.637	-5.041	3.704	-0.040	-0.255	-2.855	127.738335	37.885120
1595324876298	1595324876296	-10.882	-4.694	2.810	0.553	-0.221	-3.466	127.738335	37.885120
1595324876329	1595324876318	-12.515	-4.447	2.221	1.334	-0.174	-3.950	127.738335	37.885128
1595324876343	1595324876334	-14.386	-3.930	1.912	2.154	-0.214	-4.253	127.738335	37.885128
1595324876357	1595324876354	-15.411	-3.139	1.845	2.742	-0.407	-4.408	127.738335	37.885128
1595324876377	1595324876374	-15.095	-2.416	1.847	2.927	-0.700	-4.406	127.738335	37.885128
1595324876396	1595324876394	-14.056	-1.920	2.020	2.731	-0.987	-4.303	127.738335	37.885128
1595324876415	1595324876413	-12.944	-1.637	2.248	2.287	-1.195	-4.160	127.738335	37.885128
1595324876435	1595324876433	-11.991	-1.563	2.216	1.637	-1.360	-3.985	127.738335	37.885128
1595324876456	1595324876453	-11.102	-1.740	1.766	0.883	-1.471	-3.798	127.738335	37.885128
1595324876475	1595324876473	-10.328	-1.975	1.222	0.218	-1.472	-3.597	127.738335	37.885128
1595324876494	1595324876492	-9.713	-2.186	0.805	-0.205	-1.381	-3.394	127.738335	37.885128
1595324876513	1595324876512	-9.207	-2.366	0.542	-0.344	-1.242	-3.188	127.738335	37.885128
1595324876534	1595324876533	-8.865	-2.531	0.453	-0.212	-1.070	-2.980	127.738335	37.885128
1595324876554	1595324876553	-8.448	-2.586	0.401	0.101	-0.907	-2.765	127.738335	37.885128
1595324876575	1595324876572	-7.676	-2.562	0.494	0.493	-0.761	-2.484	127.738335	37.885128
1595324876596	1595324876592	-6.855	-2.493	0.714	0.873	-0.593	-2.123	127.738335	37.885128
1595324876613	1595324876611	-6.668	-2.392	0.875	1.147	-0.363	-1.715	127.738335	37.885128
1595324876633	1595324876631	-7.274	-2.219	1.026	1.236	-0.113	-1.269	127.738335	37.885128
1595324876653	1595324876650	-7.961	-2.100	1.239	1.131	0.073	-0.812	127.738335	37.885128
1595324876672	1595324876672	-8.304	-2.109	1.479	0.940	0.222	-0.383	127.738335	37.885128
1595324876693	1595324876692	-8.661	-2.138	1.740	0.801	0.447	0.028	127.738335	37.885128
1595324876712	1595324876712	-9.159	-2.004	1.979	0.664	0.692	0.400	127.738335	37.885128
1595324876732	1595324876731	-9.784	-1.822	2.068	0.461	0.933	0.729	127.738335	37.885128
1595324876752	1595324876750	-11.032	-1.757	1.622	0.219	1.203	1.121	127.738335	37.885128
1595324876773	1595324876773	-13.102	-1.805	1.392	-0.078	1.493	1.650	127.738335	37.885128
1595324876791	1595324876789	-14.063	-2.267	1.958	-0.408	1.547	2.227	127.738335	37.885128
1595324876810	1595324876808	-12.417	-2.969	2.700	-0.656	1.321	2.713	127.738335	37.885128
1595324876830	1595324876828	-11.200	-3.451	3.043	-0.670	1.248	3.123	127.738335	37.885128
1595324876850	1595324876847	-11.191	-3.259	3.060	-0.623	1.221	3.340	127.738335	37.885128
1595324876869	1595324876869	-11.162	-2.555	2.645	-0.723	1.075	3.379	127.738335	37.885128
1595324876889	1595324876889	-11.071	-1.932	2.089	-0.971	0.957	3.366	127.738335	37.885128
1595324876909	1595324876909	-11.310	-1.759	1.625	-1.267	0.926	3.331	127.738335	37.885128
1595324876928	1595324876928	-11.612	-2.128	1.749	-1.471	0.925	3.258	127.738335	37.885128
1595324876951	1595324876950	-11.341	-2.691	2.422	-1.517	0.878	3.146	127.738335	37.885128
1595324876971	1595324876971	-10.757	-3.194	2.856	-1.491	0.811	3.051	127.738335	37.885128
1595324876990	1595324876986	-10.196	-3.539	2.839	-1.485	0.724	3.037	127.738335	37.885128
1595324877010	1595324877009	-9.756	-3.525	2.569	-1.515	0.613	3.038	127.738335	37.885128
1595324877027	1595324877025	-9.629	-3.302	2.281	-1.581	0.545	2.975	127.738335	37.885128
1595324877052	1595324877047	-9.842	-3.293	2.068	-1.627	0.519	2.881	127.738335	37.885128
1595324877066	1595324877064	-10.223	-3.650	1.977	-1.567	0.507	2.773	127.738335	37.885128
1595324877090	1595324877088	-10.661	-4.004	2.233	-1.362	0.535	2.642	127.738335	37.885128
1595324877105	1595324877105	-11.131	-4.251	2.729	-1.104	0.580	2.518	127.738335	37.885128
1595324877129	1595324877129	-11.435	-4.493	3.136	-0.924	0.589	2.401	127.738335	37.885128
1595324877145	1595324877145	-11.282	-4.660	3.397	-0.793	0.567	2.276	127.738335	37.885128
1595324877167	1595324877167	-10.659	-4.668	3.726	-0.640	0.539	2.105	127.738335	37.885128
1595324877186	1595324877183	-9.943	-4.713	4.044	-0.492	0.494	1.880	127.738335	37.885128
1595324877204	1595324877202	-9.875	-4.934	4.159	-0.350	0.482	1.614	127.738335	37.885128
1595324877223	1595324877221	-10.438	-5.111	4.190	-0.139	0.473	1.288	127.738335	37.885128
1595324877244	1595324877242	-11.274	-5.096	4.130	0.100	0.424	0.918	127.738335	37.885128
1595324877264	1595324877263	-12.513	-4.991	4.195	0.272	0.376	0.469	127.738335	37.885128
1595324877284	1595324877283	-14.185	-4.838	4.665	0.346	0.302	-0.072	127.738335	37.885128
1595324877303	1595324877301	-14.798	-4.385	5.431	0.240	0.066	-0.675	127.738335	37.885128
1595324877327	1595324877325	-12.702	-3.693	5.165	-0.041	-0.374	-1.306	127.738342	37.885136
1595324877348	1595324877345	-10.582	-3.199	4.185	-0.193	-0.645	-1.966	127.738342	37.885136
1595324877371	1595324877368	-9.978	-3.448	3.419	-0.092	-0.766	-2.670	127.738342	37.885136
1595324877384	1595324877381	-10.774	-3.741	2.839	0.202	-0.848	-3.337	127.738342	37.885136
1595324877402	1595324877400	-12.602	-3.983	2.489	0.709	-0.881	-3.840	127.738342	37.885136
1595324877422	1595324877420	-14.216	-4.071	2.168	1.254	-0.976	-4.160	127.738342	37.885136
1595324877442	1595324877440	-14.882	-3.791	1.970	1.702	-1.116	-4.289	127.738342	37.885136
1595324877463	1595324877463	-14.712	-3.235	2.015	1.970	-1.254	-4.255	127.738342	37.885136
1595324877482	1595324877481	-14.113	-2.581	2.269	2.002	-1.380	-4.113	127.738342	37.885136
1595324877502	1595324877503	-13.129	-2.109	2.312	1.773	-1.513	-3.890	127.738342	37.885136
1595324877521	1595324877520	-11.938	-2.009	1.766	1.293	-1.626	-3.648	127.738342	37.885136
1595324877544	1595324877538	-10.798	-1.958	0.966	0.675	-1.664	-3.443	127.738342	37.885136
1595324877562	1595324877560	-9.998	-1.851	0.520	0.113	-1.592	-3.278	127.738342	37.885136
1595324877580	1595324877578	-9.511	-1.942	0.314	-0.268	-1.480	-3.128	127.738342	37.885136
1595324877599	1595324877596	-9.001	-2.116	0.166	-0.432	-1.359	-3.015	127.738342	37.885136
1595324877619	1595324877616	-8.448	-2.243	0.101	-0.373	-1.205	-2.917	127.738342	37.885136
1595324877639	1595324877635	-8.184	-2.413	0.120	-0.148	-1.002	-2.771	127.738342	37.885136
1595324877657	1595324877655	-8.287	-2.461	0.264	0.149	-0.785	-2.545	127.738342	37.885136
1595324877677	1595324877676	-8.357	-2.212	0.353	0.432	-0.647	-2.237	127.738342	37.885136
1595324877696	1595324877696	-8.397	-1.654	0.362	0.608	-0.525	-1.819	127.738342	37.885136
1595324877716	1595324877716	-8.718	-1.400	0.520	0.629	-0.337	-1.269	127.738342	37.885136
1595324877737	1595324877735	-9.169	-1.556	0.995	0.508	-0.127	-0.697	127.738342	37.885136
1595324877755	1595324877755	-9.466	-1.609	1.400	0.313	0.067	-0.172	127.738342	37.885136
1595324877775	1595324877775	-9.612	-1.455	1.550	0.113	0.279	0.325	127.738342	37.885136
1595324877796	1595324877796	-10.060	-1.290	1.318	-0.121	0.543	0.785	127.738342	37.885136
1595324877815	1595324877813	-11.562	-1.261	0.928	-0.382	0.911	1.249	127.738342	37.885136
1595324877835	1595324877832	-13.677	-1.831	1.165	-0.627	1.284	1.770	127.738342	37.885136
1595324877854	1595324877852	-14.175	-3.089	2.044	-0.721	1.364	2.263	127.738342	37.885136
1595324877873	1595324877872	-12.288	-3.839	2.743	-0.457	1.249	2.623	127.738342	37.885136
1595324877894	1595324877892	-10.941	-3.812	2.897	0.080	1.286	2.857	127.738342	37.885136
1595324877913	1595324877913	-10.877	-3.228	2.722	0.442	1.377	2.926	127.738342	37.885136
1595324877934	1595324877932	-10.961	-2.287	2.398	0.494	1.367	2.888	127.738342	37.885136
1595324877952	1595324877952	-10.795	-1.539	1.922	0.256	1.337	2.841	127.738342	37.885136
1595324877972	1595324877972	-10.752	-1.393	1.653	-0.166	1.358	2.829	127.738342	37.885136
1595324877995	1595324877994	-11.020	-1.771	2.003	-0.555	1.408	2.850	127.738342	37.885136
1595324878012	1595324878010	-11.076	-2.619	2.710	-0.763	1.402	2.869	127.738342	37.885136
1595324878032	1595324878029	-10.479	-3.393	3.036	-0.778	1.333	2.894	127.738342	37.885136
1595324878051	1595324878049	-9.789	-4.028	3.146	-0.598	1.291	2.942	127.738342	37.885136
1595324878070	1595324878069	-9.643	-4.272	3.129	-0.250	1.305	2.908	127.738342	37.885136
1595324878093	1595324878091	-9.823	-3.848	3.127	0.156	1.355	2.770	127.738342	37.885136
1595324878111	1595324878109	-10.184	-3.168	3.194	0.408	1.391	2.590	127.738342	37.885136
1595324878131	1595324878130	-10.520	-2.907	3.206	0.405	1.362	2.448	127.738342	37.885136
1595324878150	1595324878149	-10.848	-3.048	3.167	0.237	1.317	2.345	127.738342	37.885136
1595324878171	1595324878170	-11.294	-3.271	3.342	0.084	1.276	2.253	127.738342	37.885136
1595324878192	1595324878189	-11.550	-3.470	3.857	-0.040	1.191	2.152	127.738342	37.885136
1595324878211	1595324878208	-11.392	-3.733	4.451	-0.189	1.049	2.019	127.738342	37.885136
1595324878228	1595324878226	-10.814	-4.093	4.895	-0.304	0.880	1.844	127.738342	37.885136
1595324878248	1595324878246	-10.247	-4.359	5.225	-0.306	0.711	1.617	127.738342	37.885136
1595324878268	1595324878266	-10.074	-4.603	5.402	-0.191	0.539	1.325	127.738342	37.885136
1595324878297	1595324878297	-10.230	-4.656	5.338	0.025	0.358	0.947	127.738342	37.885136
1595324878309	1595324878309	-10.522	-4.287	5.053	0.230	0.162	0.482	127.738342	37.885136
1595324878326	1595324878325	-11.301	-3.798	4.832	0.303	-0.016	-0.050	127.738342	37.885151
1595324878347	1595324878346	-12.834	-3.614	5.213	0.278	-0.190	-0.611	127.738342	37.885151
1595324878367	1595324878364	-14.209	-3.712	5.987	0.217	-0.450	-1.158	127.738342	37.885151
1595324878387	1595324878387	-13.567	-3.705	5.836	0.124	-0.909	-1.684	127.738342	37.885151
1595324878406	1595324878403	-12.084	-3.609	4.612	0.092	-1.358	-2.223	127.738342	37.885151
1595324878425	1595324878423	-11.799	-3.388	3.440	0.213	-1.599	-2.747	127.738342	37.885151
1595324878444	1595324878442	-12.678	-3.233	2.794	0.433	-1.724	-3.203	127.738342	37.885151
1595324878468	1595324878465	-14.156	-3.283	2.461	0.801	-1.802	-3.511	127.738342	37.885151
1595324878485	1595324878483	-15.629	-3.113	2.178	1.224	-1.880	-3.636	127.738342	37.885151
1595324878509	1595324878507	-16.262	-2.658	1.979	1.441	-2.021	-3.573	127.738342	37.885151
1595324878524	1595324878524	-15.431	-2.258	1.879	1.314	-2.238	-3.346	127.738342	37.885151
1595324878549	1595324878547	-14.024	-2.112	1.881	0.995	-2.378	-3.084	127.738342	37.885151
1595324878564	1595324878564	-12.642	-1.834	1.709	0.511	-2.474	-2.903	127.738342	37.885151
1595324878590	1595324878587	-11.186	-1.553	1.296	-0.160	-2.543	-2.797	127.738342	37.885151
1595324878604	1595324878604	-9.856	-1.573	0.841	-0.901	-2.501	-2.744	127.738342	37.885151
1595324878628	1595324878625	-8.888	-1.858	0.508	-1.471	-2.329	-2.743	127.738342	37.885151
1595324878643	1595324878641	-8.421	-2.255	0.257	-1.701	-2.041	-2.771	127.738342	37.885151
1595324878664	1595324878662	-8.414	-2.586	0.034	-1.590	-1.712	-2.785	127.738342	37.885151
1595324878682	1595324878682	-8.558	-2.837	-0.026	-1.239	-1.399	-2.772	127.738342	37.885151
1595324878702	1595324878702	-8.560	-2.950	0.063	-0.755	-1.135	-2.735	127.738342	37.885151
1595324878722	1595324878720	-8.505	-2.835	0.149	-0.275	-0.897	-2.653	127.738342	37.885151
1595324878742	1595324878741	-8.611	-2.516	0.113	0.111	-0.663	-2.479	127.738342	37.885151
1595324878761	1595324878761	-8.795	-2.231	0.125	0.337	-0.430	-2.178	127.738342	37.885151
1595324878782	1595324878779	-8.661	-1.987	0.305	0.380	-0.241	-1.788	127.738342	37.885151
1595324878800	1595324878797	-8.206	-1.882	0.448	0.323	-0.050	-1.337	127.738342	37.885151
1595324878820	1595324878817	-7.878	-1.985	0.640	0.281	0.228	-0.851	127.738342	37.885151
1595324878840	1595324878836	-8.294	-2.174	0.913	0.307	0.618	-0.338	127.738342	37.885151
1595324878859	1595324878856	-9.152	-2.327	1.311	0.446	1.023	0.184	127.738342	37.885151
1595324878879	1595324878877	-10.103	-2.303	1.529	0.652	1.357	0.684	127.738342	37.885151
1595324878898	1595324878897	-11.370	-1.937	1.474	0.774	1.658	1.207	127.738342	37.885151
1595324878919	1595324878917	-11.569	-1.537	1.517	0.616	1.779	1.770	127.738342	37.885151
1595324878938	1595324878937	-10.699	-1.798	1.749	0.268	1.812	2.358	127.738342	37.885151
1595324878957	1595324878957	-10.884	-2.531	2.420	0.083	1.968	2.953	127.738342	37.885151
1595324878977	1595324878976	-11.648	-2.787	2.990	0.100	1.981	3.403	127.738342	37.885151
1595324878997	1595324878997	-11.816	-2.651	3.096	0.071	1.793	3.682	127.738342	37.885151
1595324879019	1595324879019	-11.933	-2.373	2.930	-0.087	1.633	3.863	127.738342	37.885151
1595324879036	1595324879034	-12.288	-2.028	2.624	-0.354	1.516	3.971	127.738342	37.885151
1595324879054	1595324879054	-12.623	-1.872	2.374	-0.717	1.425	4.011	127.738342	37.885151
1595324879075	1595324879073	-12.717	-1.975	2.547	-1.105	1.367	3.966	127.738342	37.885151
1595324879094	1595324879093	-12.439	-2.361	3.167	-1.439	1.294	3.857	127.738342	37.885151
1595324879115	1595324879114	-11.909	-3.170	3.654	-1.640	1.205	3.729	127.738342	37.885151
1595324879135	1595324879134	-11.353	-4.011	3.761	-1.620	1.106	3.588	127.738342	37.885151
1595324879154	1595324879154	-10.992	-4.246	3.620	-1.419	1.022	3.374	127.738342	37.885151
1595324879174	1595324879174	-10.846	-3.944	3.505	-1.193	0.962	3.104	127.738342	37.885151
1595324879194	1595324879193	-10.714	-3.863	3.381	-1.032	0.887	2.822	127.738342	37.885151
1595324879216	1595324879216	-10.486	-4.098	3.139	-0.832	0.822	2.539	127.738342	37.885151
1595324879235	1595324879232	-10.443	-4.280	2.933	-0.514	0.822	2.255	127.738342	37.885151
1595324879251	1595324879251	-10.709	-4.419	3.203	-0.136	0.866	1.977	127.738342	37.885151
1595324879271	1595324879270	-10.908	-4.660	3.783	0.207	0.861	1.717	127.738342	37.885151
1595324879295	1595324879293	-10.812	-4.819	4.473	0.498	0.810	1.468	127.738342	37.885151
1595324879314	1595324879314	-10.055	-4.567	4.847	0.677	0.688	1.224	127.738342	37.885151
1595324879331	1595324879328	-9.459	-4.327	4.942	0.694	0.554	0.971	127.738335	37.885162
1595324879350	1595324879348	-9.301	-4.169	4.880	0.586	0.405	0.653	127.738335	37.885162
1595324879370	1595324879368	-9.734	-3.975	4.741	0.441	0.265	0.300	127.738335	37.885162
1595324879391	1595324879388	-11.056	-4.006	4.722	0.310	0.142	-0.066	127.738335	37.885162
1595324879414	1595324879410	-12.616	-4.260	4.787	0.224	-0.026	-0.469	127.738335	37.885162
1595324879430	1595324879427	-14.300	-4.545	5.419	0.237	-0.217	-0.923	127.738335	37.885162
1595324879449	1595324879447	-15.150	-4.646	6.080	0.316	-0.545	-1.394	127.738335	37.885162
1595324879470	1595324879468	-13.799	-4.169	5.537	0.285	-1.030	-1.886	127.738335	37.885162
1595324879490	1595324879486	-11.823	-3.604	3.953	0.207	-1.458	-2.476	127.738335	37.885162
1595324879511	1595324879510	-11.811	-3.506	2.590	0.319	-1.611	-3.117	127.738335	37.885162
1595324879529	1595324879527	-13.442	-3.539	1.862	0.776	-1.624	-3.701	127.738335	37.885162
1595324879550	1595324879550	-15.459	-3.156	1.428	1.489	-1.624	-4.112	127.738335	37.885162
1595324879567	1595324879567	-16.973	-2.581	1.397	2.059	-1.705	-4.260	127.738335	37.885162
1595324879593	1595324879588	-17.179	-2.282	1.709	2.084	-1.939	-4.191	127.738335	37.885162
1595324879618	1595324879610	-16.070	-2.310	2.077	1.615	-2.217	-4.016	127.738335	37.885162
1595324879633	1595324879629	-14.554	-2.294	2.331	0.943	-2.368	-3.861	127.738335	37.885162
1595324879645	1595324879644	-13.196	-2.150	2.147	0.253	-2.389	-3.731	127.738335	37.885162
1595324879666	1595324879664	-11.857	-1.922	1.366	-0.509	-2.355	-3.611	127.738335	37.885162
1595324879686	1595324879683	-10.510	-1.886	0.458	-1.225	-2.200	-3.477	127.738335	37.885162
1595324879706	1595324879703	-9.454	-2.246	-0.119	-1.633	-1.883	-3.317	127.738335	37.885162
1595324879725	1595324879723	-8.850	-2.742	-0.258	-1.578	-1.514	-3.153	127.738335	37.885162
1595324879744	1595324879744	-8.488	-3.223	-0.256	-1.088	-1.172	-3.019	127.738335	37.885162
1595324879764	1595324879764	-8.388	-3.491	-0.268	-0.327	-0.857	-2.905	127.738335	37.885162
1595324879785	1595324879784	-8.457	-3.372	-0.079	0.533	-0.582	-2.806	127.738335	37.885162
1595324879804	1595324879804	-8.247	-2.622	0.099	1.236	-0.432	-2.689	127.738335	37.885162
1595324879824	1595324879822	-7.681	-1.491	0.190	1.566	-0.365	-2.496	127.738335	37.885162
1595324879845	1595324879842	-7.027	-0.447	0.159	1.451	-0.280	-2.217	127.738335	37.885162
1595324879864	1595324879862	-6.658	0.370	0.242	0.939	-0.088	-1.837	127.738335	37.885162
1595324879884	1595324879882	-7.008	0.159	0.640	0.290	0.252	-1.315	127.738335	37.885162
1595324879904	1595324879903	-8.045	-1.029	1.170	-0.207	0.658	-0.690	127.738335	37.885162
1595324879923	1595324879923	-8.968	-2.090	1.653	-0.319	0.987	-0.007	127.738335	37.885162
1595324879943	1595324879943	-9.286	-2.696	2.106	-0.075	1.231	0.693	127.738335	37.885162
1595324879968	1595324879966	-10.613	-3.020	2.178	0.298	1.594	1.460	127.738335	37.885162
1595324879983	1595324879982	-13.505	-3.185	2.480	0.681	2.010	2.274	127.738335	37.885162
1595324880031	1595324880030	-13.933	-2.881	2.818	0.912	1.978	2.884	127.738335	37.885162
1595324880033	1595324880031	-11.564	-2.416	3.218	0.856	1.827	3.258	127.738335	37.885162
1595324880043	1595324880041	-11.150	-2.442	3.769	0.635	1.995	3.647	127.738335	37.885162
1595324880060	1595324880058	-11.840	-2.315	3.994	0.347	2.023	3.858	127.738335	37.885162
1595324880082	1595324880079	-12.108	-1.863	3.718	-0.067	1.878	3.858	127.738335	37.885162
1595324880099	1595324880097	-12.245	-1.661	3.503	-0.480	1.748	3.761	127.738335	37.885162
1595324880120	1595324880116	-12.484	-1.621	3.261	-0.796	1.632	3.566	127.738335	37.885162
1595324880140	1595324880138	-12.503	-1.716	3.390	-0.996	1.546	3.336	127.738335	37.885162
1595324880160	1595324880158	-11.912	-1.956	3.764	-1.079	1.411	3.106	127.738335	37.885162
1595324880180	1595324880178	-11.243	-2.363	3.812	-1.164	1.258	2.975	127.738335	37.885162
1595324880200	1595324880197	-10.925	-2.933	3.512	-1.308	1.074	2.969	127.738335	37.885162
1595324880219	1595324880219	-10.659	-3.063	3.189	-1.569	0.862	2.954	127.738335	37.885162
1595324880238	1595324880235	-10.364	-2.926	2.901	-1.957	0.655	2.882	127.738335	37.885162
1595324880256	1595324880255	-10.316	-3.355	2.569	-2.179	0.527	2.814	127.738335	37.885162
1595324880277	1595324880274	-10.333	-3.846	2.434	-2.078	0.458	2.749	127.738335	37.885162
1595324880295	1595324880294	-10.482	-4.093	2.458	-1.832	0.440	2.702	127.738335	37.885162
1595324880322	1595324880314	-10.688	-4.419	2.621	-1.617	0.430	2.658	127.738327	37.885178
1595324880336	1595324880333	-10.611	-4.809	2.837	-1.421	0.380	2.578	127.738327	37.885178
1595324880355	1595324880353	-10.438	-5.096	3.088	-1.126	0.368	2.467	127.738327	37.885178
1595324880375	1595324880373	-10.398	-5.276	3.632	-0.747	0.410	2.296	127.738327	37.885178
1595324880394	1595324880392	-10.275	-5.310	4.059	-0.415	0.427	2.028	127.738327	37.885178
1595324880414	1595324880412	-10.319	-5.427	4.288	-0.155	0.433	1.689	127.738327	37.885178
1595324880440	1595324880440	-10.771	-5.477	4.449	0.098	0.442	1.256	127.738327	37.885178
1595324880455	1595324880453	-11.574	-5.343	4.597	0.308	0.432	0.737	127.738327	37.885178
1595324880473	1595324880471	-12.575	-5.070	4.947	0.403	0.373	0.149	127.738327	37.885178
1595324880495	1595324880492	-13.924	-4.807	5.580	0.389	0.240	-0.498	127.738327	37.885178
1595324880513	1595324880511	-14.470	-4.234	5.855	0.260	-0.042	-1.163	127.738327	37.885178
1595324880534	1595324880532	-12.879	-3.539	5.206	-0.038	-0.496	-1.826	127.738327	37.885178
1595324880552	1595324880552	-11.171	-3.319	4.073	-0.287	-0.850	-2.508	127.738327	37.885178
1595324880572	1595324880572	-10.858	-3.439	3.261	-0.278	-1.005	-3.177	127.738327	37.885178
1595324880592	1595324880591	-11.804	-3.633	2.552	0.043	-1.081	-3.759	127.738327	37.885178
1595324880611	1595324880611	-13.725	-3.839	2.006	0.699	-1.081	-4.193	127.738327	37.885178
1595324880633	1595324880633	-15.304	-3.590	1.704	1.448	-1.144	-4.484	127.738327	37.885178
1595324880652	1595324880649	-15.601	-3.046	1.697	1.944	-1.307	-4.586	127.738327	37.885178
1595324880670	1595324880668	-15.174	-2.727	2.156	2.096	-1.474	-4.516	127.738327	37.885178
1595324880690	1595324880688	-14.374	-2.351	2.674	1.918	-1.613	-4.375	127.738327	37.885178
1595324880710	1595324880707	-13.229	-2.071	2.846	1.489	-1.742	-4.205	127.738327	37.885178
1595324880731	1595324880729	-11.983	-2.016	2.420	0.853	-1.835	-4.026	127.738327	37.885178
1595324880749	1595324880749	-10.901	-2.011	1.402	0.089	-1.824	-3.844	127.738327	37.885178
1595324880769	1595324880769	-10.098	-2.016	0.568	-0.574	-1.668	-3.658	127.738327	37.885178
1595324880789	1595324880789	-9.487	-2.109	0.207	-0.926	-1.435	-3.457	127.738327	37.885178
1595324880811	1595324880811	-8.905	-2.318	0.041	-0.915	-1.216	-3.264	127.738327	37.885178
1595324880832	1595324880832	-8.424	-2.507	-0.071	-0.635	-0.992	-3.095	127.738327	37.885178
1595324880848	1595324880846	-8.043	-2.622	-0.098	-0.200	-0.778	-2.913	127.738327	37.885178
1595324880867	1595324880865	-7.755	-2.514	0.029	0.252	-0.578	-2.704	127.738327	37.885178
1595324880887	1595324880885	-7.583	-2.138	0.137	0.560	-0.391	-2.421	127.738327	37.885178
1595324880906	1595324880905	-7.554	-1.750	0.374	0.667	-0.185	-2.020	127.738327	37.885178
1595324880927	1595324880925	-7.442	-1.568	0.714	0.608	0.012	-1.536	127.738327	37.885178
1595324880946	1595324880946	-7.444	-1.671	1.031	0.465	0.232	-0.999	127.738327	37.885178
1595324880969	1595324880967	-8.038	-2.001	1.467	0.295	0.547	-0.410	127.738327	37.885178
1595324880987	1595324880986	-8.929	-2.318	1.977	0.176	0.850	0.182	127.738327	37.885178
1595324881008	1595324881007	-9.583	-2.306	2.377	0.200	1.073	0.753	127.738327	37.885178
1595324881024	1595324881022	-10.477	-2.131	2.236	0.287	1.312	1.362	127.738327	37.885178
1595324881049	1595324881045	-11.622	-2.071	1.927	0.270	1.583	2.036	127.738327	37.885178
1595324881063	1595324881061	-11.859	-2.282	2.116	0.116	1.730	2.704	127.738327	37.885178
1595324881089	1595324881085	-11.298	-2.792	2.830	0.007	1.778	3.308	127.738327	37.885178
1595324881104	1595324881102	-11.397	-3.309	3.730	0.111	1.817	3.779	127.738327	37.885178
1595324881127	1595324881127	-11.892	-3.297	4.030	0.294	1.729	4.008	127.738327	37.885178
1595324881144	1595324881143	-12.266	-2.641	3.591	0.290	1.559	4.059	127.738327	37.885178
1595324881165	1595324881162	-12.594	-1.922	3.002	0.019	1.440	4.029	127.738327	37.885178
1595324881184	1595324881181	-12.843	-1.757	2.595	-0.405	1.345	3.918	127.738327	37.885178
1595324881203	1595324881202	-12.937	-2.061	2.755	-0.717	1.286	3.735	127.738327	37.885178
1595324881222	1595324881221	-12.448	-2.339	3.524	-0.820	1.216	3.471	127.738327	37.885178
1595324881243	1595324881240	-11.430	-2.579	4.054	-0.907	1.108	3.201	127.738327	37.885178
1595324881262	1595324881260	-10.513	-2.962	3.941	-1.092	0.975	2.998	127.738327	37.885178
1595324881283	1595324881280	-10.074	-3.139	3.412	-1.364	0.817	2.831	127.738327	37.885178
1595324881305	1595324881299	-9.928	-3.065	2.813	-1.653	0.681	2.651	127.738327	37.885178
1595324881327	1595324881325	-10.184	-3.168	2.322	-1.809	0.611	2.488	127.738327	37.885193
1595324881347	1595324881345	-10.963	-3.621	2.291	-1.747	0.639	2.369	127.738327	37.885193
1595324881361	1595324881358	-11.238	-4.145	2.657	-1.542	0.615	2.276	127.738327	37.885193
1595324881381	1595324881378	-10.585	-4.629	3.136	-1.290	0.525	2.234	127.738327	37.885193
1595324881400	1595324881398	-9.907	-5.008	3.656	-1.020	0.478	2.204	127.738327	37.885193
1595324881419	1595324881416	-9.612	-5.180	4.011	-0.737	0.454	2.144	127.738327	37.885193
1595324881439	1595324881437	-9.662	-5.307	4.324	-0.421	0.444	2.056	127.738327	37.885193
1595324881461	1595324881456	-9.844	-5.580	4.595	-0.045	0.397	1.883	127.738327	37.885193
1595324881479	1595324881476	-9.844	-5.482	4.562	0.343	0.297	1.566	127.738327	37.885193
1595324881500	1595324881495	-10.002	-4.926	4.360	0.595	0.211	1.134	127.738327	37.885193
1595324881518	1595324881515	-10.836	-4.445	4.118	0.548	0.131	0.600	127.738327	37.885193
1595324881537	1595324881536	-11.806	-4.136	4.047	0.297	0.034	-0.044	127.738327	37.885193
1595324881565	1595324881558	-13.090	-3.944	4.413	0.060	-0.026	-0.780	127.738327	37.885193
1595324881577	1595324881576	-15.277	-3.918	5.431	-0.009	-0.042	-1.535	127.738327	37.885193
1595324881602	1595324881598	-15.874	-3.803	6.195	-0.074	-0.311	-2.225	127.738327	37.885193
1595324881616	1595324881616	-13.962	-3.882	5.424	-0.274	-0.787	-2.809	127.738327	37.885193
1595324881641	1595324881641	-12.206	-4.179	4.080	-0.350	-1.074	-3.363	127.738327	37.885193
1595324881655	1595324881655	-11.890	-4.234	2.995	-0.100	-1.154	-3.909	127.738327	37.885193
1595324881675	1595324881672	-12.980	-4.138	2.133	0.535	-1.102	-4.362	127.738327	37.885193
1595324881694	1595324881692	-14.585	-3.781	1.658	1.454	-1.035	-4.641	127.738327	37.885193
1595324881714	1595324881712	-15.534	-3.113	1.498	2.252	-1.098	-4.724	127.738327	37.885193
1595324881734	1595324881733	-15.364	-2.421	1.656	2.597	-1.284	-4.609	127.738327	37.885193
1595324881753	1595324881753	-14.460	-2.059	2.154	2.489	-1.495	-4.338	127.738327	37.885193
1595324881773	1595324881773	-13.203	-1.949	2.552	2.071	-1.706	-4.029	127.738327	37.885193
1595324881793	1595324881792	-11.845	-1.874	2.329	1.458	-1.882	-3.732	127.738327	37.885193
1595324881812	1595324881812	-10.716	-1.786	1.603	0.734	-1.955	-3.460	127.738327	37.885193
1595324881833	1595324881832	-9.828	-1.700	0.817	0.022	-1.915	-3.227	127.738327	37.885193
1595324881856	1595324881855	-9.087	-1.755	0.434	-0.489	-1.769	-3.043	127.738327	37.885193
1595324881871	1595324881870	-8.431	-1.949	0.247	-0.681	-1.578	-2.912	127.738327	37.885193
1595324881892	1595324881889	-8.017	-2.203	0.127	-0.584	-1.330	-2.813	127.738327	37.885193
1595324881910	1595324881909	-7.772	-2.356	0.168	-0.270	-1.071	-2.715	127.738327	37.885193
1595324881931	1595324881928	-7.463	-2.229	0.310	0.129	-0.864	-2.588	127.738327	37.885193
1595324881950	1595324881950	-7.097	-1.685	0.403	0.453	-0.696	-2.358	127.738327	37.885193
1595324881970	1595324881970	-6.821	-0.749	0.326	0.576	-0.517	-1.959	127.738327	37.885193
1595324881990	1595324881990	-6.347	0.586	0.276	0.433	-0.324	-1.351	127.738327	37.885193
1595324882010	1595324882010	-5.578	1.546	0.544	0.133	-0.074	-0.558	127.738327	37.885193
1595324882031	1595324882031	-5.439	0.708	1.189	-0.140	0.327	0.354	127.738327	37.885193
1595324882054	1595324882054	-6.642	-1.570	1.960	-0.258	0.824	1.255	127.738327	37.885193
1595324882069	1595324882066	-8.553	-2.802	2.597	0.018	1.176	2.055	127.738327	37.885193
1595324882094	1595324882090	-10.486	-2.095	2.386	0.686	1.347	2.720	127.738327	37.885193
1595324882108	1595324882106	-13.411	-1.151	1.622	1.142	1.648	3.277	127.738327	37.885193
1595324882130	1595324882128	-16.717	-1.635	1.627	1.042	1.984	3.676	127.738327	37.885193
1595324882147	1595324882146	-17.146	-2.873	2.628	0.701	1.874	3.878	127.738327	37.885193
1595324882168	1595324882167	-14.669	-3.154	3.630	0.659	1.691	3.941	127.738327	37.885193
1595324882187	1595324882187	-13.244	-2.593	3.805	0.732	1.820	3.904	127.738327	37.885193
1595324882206	1595324882206	-13.112	-1.671	3.258	0.375	1.917	3.650	127.738327	37.885193
1595324882226	1595324882226	-12.865	-1.062	2.906	-0.423	1.842	3.316	127.738327	37.885193
1595324882246	1595324882246	-12.096	-1.144	2.798	-1.210	1.692	2.960	127.738327	37.885193
1595324882266	1595324882264	-12.043	-1.793	2.880	-1.575	1.658	2.660	127.738327	37.885193
1595324882295	1595324882283	-12.518	-2.433	3.409	-1.534	1.662	2.404	127.738327	37.885193
1595324882308	1595324882302	-11.976	-2.859	3.752	-1.480	1.494	2.209	127.738327	37.885208
1595324882327	1595324882325	-11.025	-3.333	3.261	-1.502	1.289	2.173	127.738327	37.885208
1595324882347	1595324882347	-10.695	-3.645	2.597	-1.499	1.166	2.196	127.738327	37.885208
1595324882365	1595324882362	-10.604	-3.494	2.487	-1.476	1.067	2.195	127.738327	37.885208
1595324882384	1595324882382	-10.278	-3.357	2.674	-1.406	0.975	2.209	127.738327	37.885208
1595324882403	1595324882401	-9.883	-3.551	2.775	-1.293	0.919	2.255	127.738327	37.885208
1595324882424	1595324882422	-9.593	-3.944	2.985	-1.146	0.879	2.315	127.738327	37.885208
1595324882444	1595324882443	-9.416	-4.308	3.261	-0.949	0.850	2.365	127.738327	37.885208
1595324882468	1595324882465	-9.535	-4.476	3.635	-0.715	0.850	2.373	127.738327	37.885208
1595324882484	1595324882482	-9.698	-4.462	4.099	-0.479	0.809	2.310	127.738327	37.885208
1595324882508	1595324882505	-9.389	-4.299	4.327	-0.313	0.692	2.158	127.738327	37.885208
1595324882523	1595324882521	-9.169	-4.179	4.432	-0.209	0.596	1.957	127.738327	37.885208
1595324882547	1595324882545	-9.614	-4.050	4.540	-0.151	0.527	1.684	127.738327	37.885208
1595324882563	1595324882562	-10.446	-4.033	4.533	-0.191	0.404	1.309	127.738327	37.885208
1595324882585	1595324882583	-11.272	-4.217	4.557	-0.332	0.245	0.836	127.738327	37.885208
1595324882601	1595324882601	-11.849	-4.289	4.705	-0.463	0.086	0.269	127.738327	37.885208
1595324882624	1595324882622	-12.551	-4.246	4.921	-0.564	-0.021	-0.377	127.738327	37.885208
1595324882643	1595324882643	-13.771	-4.459	5.342	-0.645	-0.096	-1.078	127.738327	37.885208
1595324882663	1595324882664	-15.193	-4.718	6.030	-0.589	-0.205	-1.785	127.738327	37.885208
1595324882681	1595324882677	-15.191	-4.627	5.944	-0.424	-0.471	-2.413	127.738327	37.885208
1595324882700	1595324882697	-13.164	-4.332	4.887	-0.256	-0.821	-2.999	127.738327	37.885208
1595324882719	1595324882716	-11.473	-4.150	3.654	0.018	-1.023	-3.587	127.738327	37.885208
1595324882739	1595324882736	-11.610	-3.971	2.607	0.560	-1.030	-4.119	127.738327	37.885208
1595324882759	1595324882757	-13.327	-3.688	1.943	1.378	-0.950	-4.494	127.738327	37.885208
1595324882779	1595324882777	-15.124	-3.257	1.737	2.196	-0.970	-4.648	127.738327	37.885208
1595324882797	1595324882797	-15.936	-2.619	1.788	2.673	-1.166	-4.578	127.738327	37.885208
1595324882817	1595324882817	-15.519	-2.102	2.008	2.725	-1.441	-4.326	127.738327	37.885208
1595324882837	1595324882837	-14.264	-1.853	2.252	2.442	-1.707	-3.985	127.738327	37.885208
1595324882860	1595324882854	-12.930	-1.757	2.171	1.863	-1.947	-3.644	127.738327	37.885208
1595324882878	1595324882875	-11.924	-1.659	1.802	1.040	-2.099	-3.354	127.738327	37.885208
1595324882896	1595324882894	-11.155	-1.530	1.285	0.187	-2.140	-3.132	127.738327	37.885208
1595324882915	1595324882913	-10.323	-1.400	0.683	-0.546	-2.122	-2.971	127.738327	37.885208
1595324882935	1595324882933	-9.248	-1.434	0.223	-1.109	-2.042	-2.875	127.738327	37.885208
1595324882955	1595324882954	-8.203	-1.656	-0.129	-1.431	-1.843	-2.825	127.738327	37.885208
1595324882975	1595324882974	-7.578	-2.059	-0.277	-1.405	-1.497	-2.788	127.738327	37.885208
1595324882994	1595324882994	-7.312	-2.339	-0.210	-1.062	-1.114	-2.721	127.738327	37.885208
1595324883014	1595324883014	-7.233	-2.504	-0.038	-0.561	-0.774	-2.584	127.738327	37.885208
1595324883035	1595324883033	-7.267	-2.425	0.053	-0.073	-0.495	-2.358	127.738327	37.885208
1595324883054	1595324883054	-7.478	-2.193	0.099	0.291	-0.250	-2.016	127.738327	37.885208
1595324883074	1595324883071	-7.724	-1.975	0.223	0.478	-0.020	-1.571	127.738327	37.885208
1595324883093	1595324883091	-7.878	-1.920	0.525	0.504	0.212	-1.024	127.738327	37.885208
1595324883112	1595324883110	-7.995	-2.080	0.947	0.460	0.452	-0.402	127.738327	37.885208
1595324883133	1595324883130	-8.287	-2.241	1.301	0.380	0.718	0.249	127.738327	37.885208
1595324883152	1595324883151	-8.771	-2.303	1.534	0.268	1.010	0.922	127.738327	37.885208
1595324883171	1595324883171	-9.911	-2.373	1.543	0.176	1.341	1.638	127.738327	37.885208
1595324883191	1595324883191	-11.871	-2.399	1.395	0.104	1.695	2.400	127.738327	37.885208
1595324883210	1595324883211	-12.609	-2.198	1.457	-0.078	1.849	3.110	127.738327	37.885208
1595324883231	1595324883231	-11.756	-2.454	1.967	-0.355	1.872	3.743	127.738327	37.885208
1595324883252	1595324883252	-12.048	-3.369	2.928	-0.430	2.017	4.302	127.738327	37.885208
1595324883269	1595324883269	-13.251	-4.018	3.800	-0.133	2.048	4.652	127.738327	37.885208
1595324883290	1595324883288	-13.576	-3.712	3.788	0.223	1.835	4.725	127.738327	37.885208
1595324883313	1595324883313	-13.553	-2.984	3.177	0.390	1.691	4.675	127.738327	37.885208
1595324883329	1595324883327	-13.854	-2.394	2.609	0.320	1.651	4.547	127.738327	37.885223
1595324883350	1595324883348	-14.008	-2.219	2.628	0.083	1.612	4.306	127.738327	37.885223
1595324883370	1595324883368	-13.311	-2.207	3.376	-0.220	1.527	3.976	127.738327	37.885223
1595324883389	1595324883386	-12.072	-2.191	4.243	-0.575	1.399	3.612	127.738327	37.885223
1595324883408	1595324883406	-11.068	-2.406	4.185	-0.993	1.238	3.273	127.738327	37.885223
1595324883428	1595324883425	-10.644	-2.794	3.618	-1.380	1.066	2.958	127.738327	37.885223
1595324883448	1595324883445	-10.470	-2.814	3.218	-1.806	0.894	2.612	127.738327	37.885223
1595324883469	1595324883467	-10.244	-3.024	2.921	-2.227	0.724	2.259	127.738327	37.885223
1595324883487	1595324883485	-10.194	-3.810	2.743	-2.310	0.617	1.949	127.738327	37.885223
1595324883512	1595324883507	-10.117	-4.548	2.789	-1.972	0.556	1.699	127.738327	37.885223
1595324883526	1595324883524	-9.959	-4.946	2.786	-1.436	0.520	1.515	127.738327	37.885223
1595324883549	1595324883545	-9.969	-5.247	2.870	-0.854	0.524	1.364	127.738327	37.885223
1595324883565	1595324883563	-9.677	-5.451	3.409	-0.237	0.525	1.200	127.738327	37.885223
1595324883590	1595324883588	-9.080	-5.389	4.121	0.377	0.508	1.011	127.738327	37.885223
1595324883604	1595324883604	-9.090	-5.046	4.693	0.881	0.538	0.800	127.738327	37.885223
1595324883628	1595324883628	-9.437	-4.543	4.981	1.166	0.488	0.563	127.738327	37.885223
1595324883644	1595324883644	-9.945	-3.973	4.935	1.115	0.329	0.270	127.738327	37.885223
1595324883664	1595324883664	-10.965	-3.573	4.775	0.834	0.167	-0.085	127.738327	37.885223
1595324883686	1595324883682	-12.321	-3.369	4.986	0.473	-0.015	-0.502	127.738327	37.885223
1595324883705	1595324883703	-14.310	-3.508	5.673	0.190	-0.218	-0.943	127.738327	37.885223
1595324883723	1595324883722	-15.637	-3.712	5.958	-0.012	-0.542	-1.387	127.738327	37.885223
1595324883744	1595324883742	-14.022	-3.693	4.962	-0.293	-1.066	-1.874	127.738327	37.885223
1595324883764	1595324883762	-11.859	-3.638	3.481	-0.411	-1.439	-2.447	127.738327	37.885223
1595324883784	1595324883782	-11.864	-3.537	2.619	-0.196	-1.493	-3.048	127.738327	37.885223
1595324883803	1595324883802	-13.107	-3.520	2.118	0.300	-1.496	-3.583	127.738327	37.885223
1595324883823	1595324883822	-14.508	-3.420	1.625	0.954	-1.524	-3.968	127.738327	37.885223
1595324883843	1595324883843	-15.749	-3.156	1.275	1.496	-1.571	-4.150	127.738327	37.885223
1595324883862	1595324883862	-16.281	-2.917	1.263	1.752	-1.692	-4.136	127.738327	37.885223
1595324883886	1595324883880	-15.673	-2.545	1.668	1.696	-1.847	-4.016	127.738327	37.885223
1595324883901	1595324883900	-14.135	-2.186	2.279	1.354	-2.003	-3.885	127.738327	37.885223
1595324883921	1595324883919	-12.621	-1.846	2.243	0.710	-2.126	-3.817	127.738327	37.885223
1595324883941	1595324883938	-11.452	-1.683	1.663	-0.089	-2.134	-3.756	127.738327	37.885223
1595324883961	1595324883958	-10.364	-1.589	0.858	-0.843	-2.033	-3.695	127.738327	37.885223
1595324883980	1595324883978	-9.540	-1.635	0.192	-1.409	-1.782	-3.615	127.738327	37.885223
1595324884004	1595324883998	-8.929	-2.025	-0.057	-1.678	-1.474	-3.491	127.738327	37.885223
1595324884019	1595324884018	-8.115	-2.495	-0.074	-1.561	-1.189	-3.392	127.738327	37.885223
1595324884044	1595324884038	-7.274	-2.919	0.092	-1.025	-0.868	-3.300	127.738327	37.885223
1595324884058	1595324884057	-6.718	-3.123	0.197	-0.217	-0.523	-3.156	127.738327	37.885223
1595324884079	1595324884077	-6.912	-2.943	0.197	0.646	-0.156	-2.877	127.738327	37.885223
1595324884101	1595324884099	-7.303	-2.287	0.374	1.336	0.095	-2.438	127.738327	37.885223
1595324884117	1595324884115	-7.190	-1.422	0.537	1.668	0.176	-1.891	127.738327	37.885223
1595324884137	1595324884134	-6.903	-1.244	0.920	1.629	0.319	-1.214	127.738327	37.885223
1595324884155	1595324884154	-6.840	-1.839	1.543	1.416	0.556	-0.477	127.738327	37.885223
1595324884177	1595324884175	-7.293	-2.466	2.221	1.238	0.863	0.215	127.738327	37.885223
1595324884195	1595324884195	-8.263	-2.600	2.789	1.163	1.179	0.849	127.738327	37.885223
1595324884215	1595324884215	-9.238	-2.354	2.964	1.118	1.387	1.400	127.738327	37.885223
1595324884235	1595324884235	-10.642	-2.088	2.379	0.969	1.564	1.931	127.738327	37.885223
1595324884255	1595324884255	-11.710	-1.498	1.452	0.559	1.696	2.456	127.738327	37.885223
1595324884276	1595324884276	-11.495	-1.074	1.064	-0.088	1.685	2.949	127.738327	37.885223
1595324884294	1595324884293	-11.936	-1.582	1.325	-0.753	1.733	3.475	127.738327	37.885223
1595324884318	1595324884318	-13.588	-2.663	2.156	-1.148	1.793	3.970	127.738327	37.885242
1595324884334	1595324884331	-14.027	-3.226	2.312	-1.325	1.575	4.199	127.738327	37.885242
1595324884353	1595324884351	-13.574	-3.233	1.917	-1.498	1.399	4.268	127.738327	37.885242
1595324884373	1595324884372	-13.428	-3.463	1.840	-1.627	1.376	4.247	127.738327	37.885242
1595324884393	1595324884390	-13.414	-3.918	2.209	-1.492	1.393	4.042	127.738327	37.885242
1595324884412	1595324884410	-13.018	-4.141	3.160	-0.951	1.479	3.687	127.738327	37.885242
1595324884432	1595324884430	-11.983	-3.810	3.982	-0.277	1.563	3.279	127.738327	37.885242
1595324884451	1595324884449	-10.894	-3.470	4.257	0.094	1.590	2.912	127.738327	37.885242
1595324884472	1595324884472	-10.153	-3.326	4.056	0.102	1.536	2.599	127.738327	37.885242
1595324884497	1595324884493	-10.046	-2.821	3.577	-0.184	1.461	2.316	127.738327	37.885242
1595324884510	1595324884509	-10.455	-2.361	3.457	-0.603	1.363	2.074	127.738327	37.885242
1595324884531	1595324884528	-10.412	-2.612	3.385	-0.932	1.176	1.913	127.738327	37.885242
1595324884550	1595324884548	-10.007	-3.362	3.357	-0.992	1.000	1.815	127.738327	37.885242
1595324884569	1595324884568	-9.873	-3.884	3.512	-0.808	0.924	1.764	127.738327	37.885242
1595324884592	1595324884590	-9.816	-4.347	3.745	-0.458	0.838	1.742	127.738327	37.885242
1595324884609	1595324884609	-9.686	-4.802	4.248	-0.016	0.776	1.734	127.738327	37.885242
1595324884631	1595324884631	-9.190	-4.833	4.844	0.375	0.665	1.677	127.738327	37.885242
1595324884648	1595324884648	-8.802	-4.500	5.228	0.532	0.533	1.590	127.738327	37.885242
1595324884668	1595324884668	-9.360	-4.189	5.268	0.460	0.410	1.478	127.738327	37.885242
1595324884688	1595324884688	-10.302	-4.131	5.249	0.262	0.225	1.275	127.738327	37.885242
1595324884708	1595324884705	-11.085	-4.006	4.998	0.023	-0.004	0.954	127.738327	37.885242
1595324884728	1595324884725	-12.189	-3.731	4.674	-0.254	-0.172	0.523	127.738327	37.885242
1595324884747	1595324884745	-13.684	-3.487	4.696	-0.604	-0.308	-0.010	127.738327	37.885242
1595324884767	1595324884765	-15.186	-3.650	5.002	-0.994	-0.482	-0.643	127.738327	37.885242
1595324884787	1595324884786	-15.284	-4.018	5.050	-1.227	-0.750	-1.321	127.738327	37.885242
1595324884806	1595324884805	-13.172	-4.016	4.344	-1.242	-1.069	-1.993	127.738327	37.885242
1595324884826	1595324884826	-11.634	-3.853	3.474	-1.137	-1.199	-2.654	127.738327	37.885242
1595324884845	1595324884845	-11.732	-3.980	2.952	-0.881	-1.195	-3.261	127.738327	37.885242
1595324884865	1595324884865	-12.637	-4.260	2.425	-0.307	-1.180	-3.734	127.738327	37.885242
1595324884886	1595324884885	-13.823	-4.236	1.821	0.524	-1.154	-4.051	127.738327	37.885242
1595324884907	1595324884907	-14.487	-3.702	1.277	1.287	-1.188	-4.207	127.738327	37.885242
1595324884924	1595324884922	-14.559	-3.103	1.069	1.772	-1.270	-4.171	127.738327	37.885242
1595324884944	1595324884942	-14.077	-2.627	1.445	1.956	-1.375	-3.991	127.738327	37.885242
1595324884968	1595324884965	-12.982	-2.248	2.041	1.876	-1.523	-3.765	127.738327	37.885242
1595324884985	1595324884982	-11.694	-2.006	2.212	1.522	-1.663	-3.546	127.738327	37.885242
1595324885011	1595324885006	-10.558	-1.791	1.785	0.902	-1.762	-3.345	127.738327	37.885242
1595324885023	1595324885022	-9.502	-1.707	1.081	0.173	-1.770	-3.182	127.738327	37.885242
1595324885048	1595324885045	-8.668	-1.709	0.453	-0.449	-1.635	-3.042	127.738327	37.885242
1595324885063	1595324885061	-8.091	-1.843	0.139	-0.778	-1.432	-2.896	127.738327	37.885242
1595324885085	1595324885085	-7.698	-2.071	0.022	-0.812	-1.214	-2.754	127.738327	37.885242
1595324885106	1595324885103	-7.547	-2.428	-0.093	-0.596	-0.981	-2.604	127.738327	37.885242
1595324885127	1595324885125	-7.676	-2.648	-0.100	-0.198	-0.752	-2.416	127.738327	37.885242
1595324885143	1595324885141	-7.856	-2.528	-0.019	0.237	-0.581	-2.174	127.738327	37.885242
1595324885162	1595324885160	-7.947	-2.174	0.060	0.531	-0.456	-1.855	127.738327	37.885242
1595324885182	1595324885180	-8.136	-1.736	0.171	0.575	-0.311	-1.427	127.738327	37.885242
1595324885201	1595324885201	-8.464	-1.649	0.489	0.405	-0.130	-0.890	127.738327	37.885242
1595324885221	1595324885221	-8.702	-1.908	0.916	0.142	0.058	-0.327	127.738327	37.885242
1595324885242	1595324885240	-8.891	-2.255	1.344	-0.089	0.282	0.234	127.738327	37.885242
1595324885260	1595324885260	-9.315	-2.430	1.677	-0.257	0.558	0.775	127.738327	37.885242
1595324885281	1595324885279	-10.470	-2.509	1.776	-0.320	0.885	1.333	127.738327	37.885242
1595324885306	1595324885306	-12.362	-2.564	1.615	-0.292	1.235	1.929	127.738327	37.885242
1595324885326	1595324885326	-12.937	-2.555	1.732	-0.302	1.408	2.498	127.738327	37.885258
1595324885340	1595324885335	-11.756	-2.914	2.410	-0.333	1.449	3.000	127.738327	37.885258
1595324885358	1595324885355	-11.773	-3.690	3.440	-0.145	1.606	3.437	127.738327	37.885258
1595324885378	1595324885375	-12.357	-3.856	4.013	0.250	1.621	3.636	127.738327	37.885258
1595324885396	1595324885394	-11.876	-2.907	3.460	0.468	1.440	3.614	127.738327	37.885258
1595324885416	1595324885414	-11.389	-1.774	2.820	0.264	1.399	3.550	127.738327	37.885258
1595324885436	1595324885434	-11.571	-1.510	2.688	-0.184	1.433	3.463	127.738327	37.885258
1595324885456	1595324885456	-11.811	-1.954	3.107	-0.496	1.413	3.318	127.738327	37.885258
1595324885476	1595324885474	-11.375	-2.210	3.716	-0.557	1.348	3.125	127.738327	37.885258
1595324885498	1595324885498	-10.649	-2.164	3.884	-0.640	1.242	2.941	127.738327	37.885258
1595324885515	1595324885513	-10.280	-2.507	3.567	-0.878	1.100	2.848	127.738327	37.885258
