1595324787063	1595324787062	-10.704	-1.874	2.576	1.002	-1.624	-3.887	127.737816	37.884090
1595324787082	1595324787080	-9.916	-1.937	1.529	0.212	-1.705	-3.683	127.737816	37.884090
1595324787102	1595324787100	-9.449	-2.049	0.822	-0.397	-1.612	-3.429	127.737816	37.884090
1595324787121	1595324787120	-9.195	-2.246	0.542	-0.690	-1.450	-3.155	127.737816	37.884090
1595324787142	1595324787140	-9.006	-2.550	0.480	-0.659	-1.271	-2.903	127.737816	37.884090
1595324787165	1595324787165	-8.742	-2.727	0.492	-0.390	-1.111	-2.672	127.737816	37.884090
1595324787181	1595324787180	-8.381	-2.684	0.535	-0.030	-0.973	-2.441	127.737816	37.884090
1595324787204	1595324787202	-8.069	-2.428	0.528	0.247	-0.829	-2.180	127.737816	37.884090
1595324787220	1595324787218	-7.870	-2.071	0.537	0.334	-0.669	-1.874	127.737816	37.884090
1595324787240	1595324787238	-7.758	-1.827	0.650	0.231	-0.476	-1.509	127.737816	37.884090
1595324787259	1595324787258	-8.007	-1.975	0.853	0.042	-0.210	-1.051	127.737816	37.884090
1595324787279	1595324787277	-8.635	-2.514	1.217	-0.075	0.110	-0.519	127.737816	37.884090
1595324787299	1595324787297	-9.037	-3.024	1.773	-0.011	0.376	0.018	127.737816	37.884090
1595324787326	1595324787317	-9.425	-3.067	2.207	0.156	0.607	0.523	127.737816	37.884090
1595324787347	1595324787336	-10.728	-2.943	2.279	0.294	0.912	1.102	127.737816	37.884090
1595324787357	1595324787356	-11.591	-2.854	2.262	0.332	1.107	1.691	127.737816	37.884090
1595324787377	1595324787376	-10.503	-2.495	2.137	0.228	1.107	2.155	127.737816	37.884090
1595324787398	1595324787395	-9.526	-2.564	2.521	0.029	1.227	2.601	127.737816	37.884090
1595324787416	1595324787415	-9.523	-2.960	3.026	-0.111	1.297	2.972	127.737816	37.884090
1595324787438	1595324787435	-10.249	-3.096	3.067	-0.091	1.276	3.211	127.737816	37.884090
1595324787456	1595324787454	-10.932	-2.761	2.789	-0.054	1.204	3.359	127.737816	37.884090
1595324787476	1595324787474	-10.867	-2.354	2.391	-0.178	1.082	3.405	127.737816	37.884090
1595324787496	1595324787494	-10.860	-2.308	2.130	-0.422	1.052	3.407	127.737816	37.884090
1595324787515	1595324787514	-11.047	-2.701	2.291	-0.583	1.080	3.381	127.737816	37.884090
1595324787535	1595324787533	-10.865	-3.158	2.722	-0.556	1.085	3.285	127.737816	37.884090
1595324787555	1595324787553	-10.434	-3.393	3.076	-0.444	1.080	3.175	127.737816	37.884090
1595324787574	1595324787573	-10.139	-3.499	3.139	-0.423	1.055	3.110	127.737816	37.884090
1595324787595	1595324787592	-10.180	-3.551	2.949	-0.526	1.010	3.043	127.737816	37.884090
1595324787615	1595324787615	-10.462	-3.556	2.882	-0.653	0.977	2.941	127.737816	37.884090
1595324787633	1595324787632	-10.611	-3.697	2.978	-0.752	0.940	2.794	127.737816	37.884090
1595324787655	1595324787652	-10.577	-4.057	3.074	-0.744	0.892	2.631	127.737816	37.884090
1595324787673	1595324787671	-10.738	-4.380	3.304	-0.587	0.884	2.480	127.737816	37.884090
1595324787696	1595324787692	-10.879	-4.514	3.663	-0.394	0.853	2.326	127.737816	37.884090
1595324787713	1595324787711	-10.596	-4.428	4.049	-0.321	0.752	2.153	127.737816	37.884090
1595324787733	1595324787732	-10.069	-4.296	4.157	-0.381	0.608	1.945	127.737816	37.884090
1595324787756	1595324787756	-9.751	-4.201	3.975	-0.492	0.487	1.705	127.737816	37.884090
1595324787771	1595324787770	-10.096	-4.270	4.001	-0.586	0.416	1.429	127.737816	37.884090
1595324787792	1595324787789	-10.702	-4.545	4.068	-0.643	0.321	1.111	127.737816	37.884090
1595324787811	1595324787809	-11.243	-4.871	4.099	-0.647	0.220	0.753	127.737816	37.884090
1595324787831	1595324787829	-11.749	-4.749	4.082	-0.637	0.152	0.335	127.737816	37.884090
1595324787852	1595324787849	-12.860	-4.625	4.272	-0.730	0.123	-0.146	127.737816	37.884090
1595324787870	1595324787870	-14.760	-4.977	4.804	-0.882	0.088	-0.681	127.737816	37.884090
1595324787892	1595324787891	-14.860	-5.197	5.084	-0.943	-0.140	-1.216	127.737816	37.884090
1595324787910	1595324787910	-12.300	-4.828	4.406	-0.811	-0.485	-1.756	127.737816	37.884090
1595324787930	1595324787930	-10.371	-4.258	3.373	-0.534	-0.611	-2.352	127.737816	37.884090
1595324787950	1595324787949	-9.928	-4.057	2.856	-0.166	-0.604	-2.950	127.737816	37.884090
1595324787974	1595324787970	-10.814	-4.224	2.669	0.409	-0.533	-3.451	127.737816	37.884090
1595324787989	1595324787987	-12.362	-4.124	2.444	1.156	-0.495	-3.806	127.737816	37.884090
1595324788008	1595324788006	-13.361	-3.702	2.006	1.814	-0.570	-3.988	127.737816	37.884090
1595324788029	1595324788026	-13.509	-3.319	1.816	2.276	-0.678	-4.009	127.737816	37.884090
1595324788049	1595324788046	-12.570	-2.926	1.843	2.566	-0.823	-3.912	127.737816	37.884090
1595324788067	1595324788067	-11.207	-2.540	1.821	2.681	-0.982	-3.757	127.737816	37.884090
1595324788088	1595324788087	-10.268	-2.162	1.474	2.546	-1.108	-3.575	127.737816	37.884090
1595324788107	1595324788107	-9.825	-1.798	1.126	2.163	-1.178	-3.318	127.737816	37.884090
1595324788127	1595324788126	-9.521	-1.702	0.913	1.574	-1.212	-3.018	127.737816	37.884090
1595324788146	1595324788146	-9.063	-1.800	0.657	0.981	-1.243	-2.721	127.737816	37.884090
1595324788168	1595324788167	-8.759	-1.963	0.549	0.568	-1.206	-2.423	127.737816	37.884090
1595324788194	1595324788188	-8.699	-2.203	0.609	0.324	-1.131	-2.128	127.737816	37.884090
1595324788206	1595324788202	-8.491	-2.351	0.655	0.211	-1.082	-1.853	127.737816	37.884090
1595324788225	1595324788224	-8.158	-2.289	0.571	0.157	-1.030	-1.579	127.737816	37.884090
1595324788246	1595324788243	-7.775	-2.001	0.523	0.047	-0.957	-1.304	127.737816	37.884090
1595324788264	1595324788262	-7.427	-1.759	0.516	-0.179	-0.848	-1.036	127.737816	37.884090
1595324788284	1595324788284	-7.717	-1.913	0.609	-0.458	-0.610	-0.725	127.737816	37.884090
1595324788314	1595324788314	-8.948	-2.536	1.033	-0.664	-0.285	-0.336	127.737816	37.884090
1595324788325	1595324788325	-10.496	-3.139	1.572	-0.664	-0.030	0.065	127.737816	37.884090
1595324788347	1595324788346	-11.576	-3.314	1.881	-0.491	0.116	0.421	127.737816	37.884090
1595324788365	1595324788362	-12.115	-2.924	1.687	-0.337	0.247	0.726	127.737816	37.884090
1595324788386	1595324788381	-13.236	-2.660	1.356	-0.336	0.511	1.063	127.737816	37.884090
1595324788403	1595324788400	-13.881	-2.567	1.555	-0.440	0.757	1.419	127.737816	37.884090
1595324788422	1595324788420	-12.266	-2.655	2.111	-0.525	0.805	1.769	127.737816	37.884090
1595324788442	1595324788440	-9.907	-2.775	2.760	-0.502	0.844	2.058	127.737816	37.884090
1595324788461	1595324788460	-8.666	-2.433	3.019	-0.433	0.926	2.181	127.737816	37.884090
1595324788481	1595324788481	-8.582	-2.040	2.492	-0.516	1.018	2.229	127.737816	37.884090
1595324788502	1595324788500	-8.984	-1.776	2.094	-0.715	1.132	2.342	127.737816	37.884090
1595324788521	1595324788521	-9.336	-2.088	2.168	-0.771	1.204	2.497	127.737816	37.884090
1595324788541	1595324788540	-9.737	-2.900	2.394	-0.573	1.268	2.653	127.737816	37.884090
1595324788560	1595324788560	-10.010	-3.333	2.652	-0.230	1.301	2.784	127.737816	37.884090
1595324788581	1595324788581	-9.931	-3.000	2.928	-0.008	1.276	2.893	127.737816	37.884090
1595324788600	1595324788598	-10.151	-2.797	3.270	-0.060	1.264	3.059	127.737816	37.884090
1595324788620	1595324788617	-10.465	-3.312	3.553	-0.268	1.209	3.227	127.737816	37.884090
1595324788640	1595324788637	-10.455	-3.911	3.730	-0.379	1.091	3.271	127.737816	37.884090
1595324788662	1595324788658	-10.362	-4.244	3.915	-0.290	1.001	3.168	127.737816	37.884090
1595324788677	1595324788677	-10.199	-4.186	4.023	-0.059	0.922	2.962	127.737816	37.884090
1595324788702	1595324788700	-9.950	-3.805	4.116	0.115	0.845	2.698	127.737816	37.884090
1595324788719	1595324788717	-9.950	-3.532	4.159	0.093	0.761	2.400	127.737816	37.884090
1595324788738	1595324788737	-10.055	-3.321	4.126	-0.075	0.646	2.063	127.737816	37.884090
1595324788757	1595324788757	-9.943	-3.010	3.910	-0.338	0.504	1.678	127.737816	37.884090
1595324788780	1595324788780	-9.804	-2.857	3.670	-0.630	0.386	1.287	127.737816	37.884090
1595324788797	1595324788795	-9.801	-3.168	3.536	-0.845	0.291	0.932	127.737816	37.884090
1595324788816	1595324788815	-9.969	-3.834	3.644	-0.885	0.215	0.613	127.737816	37.884090
1595324788836	1595324788834	-10.448	-4.419	3.821	-0.746	0.166	0.328	127.737816	37.884090
1595324788863	1595324788862	-11.145	-4.716	3.948	-0.487	0.149	0.067	127.737816	37.884090
1595324788875	1595324788873	-12.055	-4.622	4.111	-0.278	0.135	-0.206	127.737816	37.884090
1595324788894	1595324788893	-13.761	-4.507	4.554	-0.204	0.134	-0.517	127.737816	37.884090
1595324788916	1595324788912	-15.646	-4.807	5.652	-0.159	0.064	-0.822	127.737816	37.884090
1595324788935	1595324788935	-14.132	-4.759	6.013	-0.108	-0.342	-1.114	127.737816	37.884090
1595324788955	1595324788954	-10.709	-4.229	4.914	-0.041	-0.768	-1.501	127.737816	37.884090
1595324788974	1595324788974	-9.207	-4.141	4.147	0.183	-0.926	-2.071	127.737816	37.884090
1595324788994	1595324788994	-9.612	-4.507	3.148	0.713	-0.984	-2.764	127.737816	37.884090
1595324789017	1595324789015	-11.588	-4.301	1.761	1.624	-0.869	-3.352	127.737816	37.884090
1595324789033	1595324789033	-13.531	-3.257	1.196	2.637	-0.843	-3.682	127.737816	37.884090
1595324789053	1595324789051	-15.455	-2.267	1.594	3.178	-1.020	-3.750	127.737816	37.884090
1595324789072	1595324789070	-15.917	-1.285	2.118	2.981	-1.485	-3.640	127.737816	37.884090
1595324789092	1595324789090	-13.366	-0.320	1.900	2.142	-2.098	-3.498	127.737816	37.884090
1595324789112	1595324789111	-10.992	-0.126	1.524	1.122	-2.358	-3.276	127.737816	37.884090
1595324789131	1595324789131	-9.859	-0.334	1.244	0.208	-2.324	-2.998	127.737816	37.884090
1595324789151	1595324789151	-8.738	-0.476	0.736	-0.575	-2.228	-2.774	127.737816	37.884090
1595324789170	1595324789168	-7.815	-0.991	0.307	-1.218	-2.022	-2.558	127.737816	37.884090
1595324789192	1595324789192	-7.391	-1.748	0.326	-1.667	-1.720	-2.312	127.737816	37.884090
1595324789212	1595324789210	-7.444	-2.536	0.638	-1.781	-1.410	-2.058	127.737816	37.884090
1595324789232	1595324789229	-7.933	-3.063	0.959	-1.565	-1.162	-1.822	127.737816	37.884090
1595324789249	1595324789247	-8.187	-3.163	0.997	-1.163	-1.039	-1.601	127.737816	37.884090
1595324789268	1595324789267	-7.969	-2.943	0.887	-0.725	-0.965	-1.382	127.737816	37.884090
1595324789292	1595324789291	-7.662	-2.593	0.760	-0.371	-0.852	-1.141	127.737816	37.884090
1595324789314	1595324789307	-7.533	-2.289	0.743	-0.166	-0.680	-0.851	127.737816	37.884090
1595324789327	1595324789326	-8.163	-2.188	0.904	-0.129	-0.430	-0.498	127.737816	37.884090
1595324789348	1595324789347	-9.634	-2.504	1.498	-0.179	-0.131	-0.077	127.737816	37.884090
1595324789368	1595324789366	-10.728	-2.878	2.252	-0.226	0.023	0.346	127.737816	37.884090
1595324789388	1595324789385	-10.335	-2.746	2.660	-0.228	0.023	0.696	127.737816	37.884090
1595324789409	1595324789409	-10.259	-2.346	2.803	-0.208	0.162	1.072	127.737816	37.884090
1595324789426	1595324789425	-11.552	-2.313	2.758	-0.278	0.403	1.532	127.737816	37.884090
1595324789447	1595324789444	-11.389	-2.080	2.492	-0.471	0.400	1.905	127.737816	37.884090
1595324789465	1595324789464	-10.017	-1.819	2.099	-0.760	0.393	2.250	127.737816	37.884090
1595324789486	1595324789485	-10.101	-2.219	2.274	-1.057	0.601	2.613	127.737816	37.884090
1595324789506	1595324789505	-11.291	-2.976	2.746	-1.144	0.790	2.868	127.737816	37.884090
1595324789525	1595324789525	-11.421	-3.388	2.954	-0.968	0.816	2.961	127.737816	37.884090
1595324789545	1595324789545	-10.774	-3.501	3.179	-0.669	0.889	2.960	127.737816	37.884090
1595324789565	1595324789565	-10.616	-3.942	3.579	-0.280	1.067	2.933	127.737816	37.884090
1595324789584	1595324789584	-10.424	-4.452	3.860	0.289	1.193	2.833	127.737816	37.884090
1595324789608	1595324789602	-9.787	-4.045	3.668	0.941	1.269	2.663	127.737816	37.884090
1595324789623	1595324789621	-9.368	-3.149	3.160	1.314	1.326	2.536	127.737816	37.884090
1595324789643	1595324789641	-9.387	-2.835	2.660	1.300	1.337	2.485	127.737816	37.884090
1595324789663	1595324789661	-9.526	-2.960	2.564	1.139	1.319	2.434	127.737816	37.884090
1595324789683	1595324789681	-9.564	-2.957	2.866	1.023	1.298	2.356	127.737816	37.884090
1595324789705	1595324789703	-9.583	-2.979	3.191	0.937	1.264	2.263	127.737816	37.884090
1595324789721	1595324789720	-9.753	-3.288	3.393	0.835	1.215	2.155	127.737816	37.884090
1595324789742	1595324789741	-10.031	-3.508	3.747	0.744	1.166	2.046	127.737816	37.884090
1595324789761	1595324789761	-10.093	-3.570	4.250	0.621	1.076	1.946	127.737816	37.884090
1595324789781	1595324789781	-9.765	-3.594	4.487	0.388	0.919	1.827	127.737816	37.884090
1595324789804	1595324789804	-9.598	-3.642	4.554	0.125	0.760	1.687	127.737816	37.884090
1595324789821	1595324789819	-9.849	-3.630	4.674	-0.119	0.608	1.522	127.737816	37.884090
1595324789840	1595324789838	-10.335	-3.810	4.830	-0.336	0.425	1.305	127.737816	37.884090
1595324789859	1595324789858	-10.788	-4.057	4.839	-0.537	0.210	1.007	127.737816	37.884090
1595324789879	1595324789877	-11.363	-4.129	4.701	-0.722	0.026	0.628	127.737816	37.884090
1595324789900	1595324789897	-12.098	-4.143	4.717	-0.901	-0.116	0.155	127.737816	37.884090
1595324789919	1595324789919	-13.435	-4.356	5.089	-1.034	-0.214	-0.401	127.737816	37.884090
1595324789940	1595324789939	-15.189	-4.699	5.707	-1.028	-0.334	-0.989	127.737816	37.884090
1595324789958	1595324789959	-14.391	-4.476	5.371	-0.944	-0.692	-1.551	127.737816	37.884090
1595324789978	1595324789978	-11.804	-4.052	4.008	-0.848	-1.061	-2.097	127.737816	37.884090
1595324789998	1595324789998	-10.894	-3.848	3.086	-0.635	-1.150	-2.659	127.737816	37.884090
1595324790017	1595324790017	-11.294	-3.714	2.592	-0.209	-1.145	-3.194	127.737816	37.884090
1595324790039	1595324790038	-12.546	-3.451	2.418	0.368	-1.110	-3.638	127.737816	37.884090
1595324790056	1595324790055	-13.735	-2.859	2.228	0.830	-1.162	-3.936	127.737816	37.884090
1595324790076	1595324790074	-13.761	-2.195	1.867	0.885	-1.314	-4.063	127.737816	37.884090
1595324790097	1595324790094	-12.568	-1.963	1.653	0.634	-1.473	-4.023	127.737816	37.884090
1595324790116	1595324790114	-11.037	-2.160	1.543	0.355	-1.541	-3.867	127.737816	37.884090
1595324790136	1595324790135	-9.828	-2.284	1.438	0.144	-1.520	-3.647	127.737816	37.884090
1595324790158	1595324790158	-8.972	-2.401	1.304	-0.022	-1.470	-3.354	127.737816	37.884090
1595324790175	1595324790175	-8.520	-2.629	1.165	-0.171	-1.368	-3.032	127.737816	37.884090
1595324790197	1595324790195	-8.290	-2.811	0.870	-0.207	-1.238	-2.711	127.737816	37.884090
1595324790217	1595324790216	-8.124	-2.768	0.501	-0.105	-1.099	-2.385	127.737816	37.884090
1595324790242	1595324790232	-8.143	-2.646	0.420	0.075	-0.928	-2.063	127.737816	37.884090
1595324790256	1595324790253	-8.292	-2.516	0.475	0.242	-0.790	-1.755	127.737816	37.884090
1595324790273	1595324790271	-8.258	-2.435	0.688	0.327	-0.698	-1.457	127.737816	37.884090
1595324790294	1595324790292	-7.763	-2.253	0.834	0.308	-0.648	-1.191	127.737816	37.884090
1595324790314	1595324790314	-7.181	-2.107	0.853	0.202	-0.554	-0.937	127.737816	37.884090
1595324790332	1595324790330	-7.039	-2.193	0.978	0.070	-0.341	-0.666	127.737816	37.884090
1595324790353	1595324790350	-7.581	-2.557	1.335	0.012	-0.047	-0.381	127.737816	37.884090
1595324790372	1595324790370	-8.671	-2.866	1.759	0.104	0.255	-0.061	127.737816	37.884090
1595324790393	1595324790390	-9.669	-3.003	2.310	0.310	0.459	0.301	127.737816	37.884090
1595324790411	1595324790409	-10.206	-3.029	2.839	0.524	0.559	0.671	127.737816	37.884090
1595324790433	1595324790432	-10.838	-2.890	2.700	0.657	0.645	1.052	127.737816	37.884090
1595324790452	1595324790449	-12.084	-2.576	2.216	0.591	0.855	1.518	127.737816	37.884090
1595324790471	1595324790468	-12.594	-2.397	2.286	0.267	1.019	1.998	127.737816	37.884090
1595324790491	1595324790488	-11.140	-2.593	2.755	-0.176	1.009	2.394	127.737816	37.884090
1595324790510	1595324790508	-9.581	-3.290	3.280	-0.391	1.063	2.695	127.737816	37.884090
1595324790529	1595324790529	-8.987	-3.899	3.474	-0.228	1.162	2.813	127.737816	37.884090
1595324790551	1595324790549	-9.382	-3.939	3.158	0.179	1.261	2.771	127.737816	37.884090
1595324790569	1595324790569	-10.271	-3.489	2.928	0.592	1.384	2.652	127.737816	37.884090
1595324790590	1595324790588	-10.666	-3.144	2.815	0.892	1.418	2.492	127.737816	37.884090
1595324790608	1595324790608	-10.479	-3.070	2.636	1.113	1.428	2.296	127.737816	37.884090
1595324790631	1595324790626	-10.302	-2.773	2.710	1.263	1.478	2.109	127.737816	37.884090
1595324790648	1595324790646	-10.172	-2.157	3.122	1.136	1.467	1.968	127.737816	37.884090
1595324790667	1595324790665	-9.784	-1.757	3.421	0.596	1.324	1.895	127.737816	37.884090
1595324790688	1595324790685	-9.380	-1.894	3.448	-0.179	1.133	1.884	127.737816	37.884090
1595324790706	1595324790704	-9.269	-2.421	3.448	-0.878	0.989	1.864	127.737816	37.884090
1595324790727	1595324790725	-9.198	-2.960	3.369	-1.304	0.872	1.780	127.737816	37.884090
1595324790747	1595324790745	-9.008	-3.353	3.282	-1.433	0.794	1.683	127.737816	37.884090
1595324790766	1595324790766	-8.972	-3.697	3.251	-1.368	0.739	1.601	127.737816	37.884090
1595324790786	1595324790786	-9.164	-4.028	3.395	-1.151	0.697	1.525	127.737816	37.884090
1595324790805	1595324790805	-9.243	-4.057	3.591	-0.853	0.646	1.420	127.737816	37.884090
1595324790828	1595324790828	-9.044	-3.812	3.726	-0.605	0.580	1.292	127.737816	37.884090
1595324790845	1595324790844	-9.102	-3.664	3.948	-0.477	0.535	1.163	127.737816	37.884090
1595324790864	1595324790862	-9.504	-3.810	4.257	-0.397	0.490	1.033	127.737816	37.884090
1595324790884	1595324790882	-9.911	-4.018	4.540	-0.295	0.411	0.886	127.737816	37.884090
1595324790904	1595324790902	-10.465	-4.150	4.760	-0.175	0.306	0.703	127.737816	37.884090
1595324790923	1595324790921	-11.298	-4.033	4.844	-0.077	0.191	0.477	127.737816	37.884090
1595324790943	1595324790941	-11.964	-3.559	4.741	-0.114	0.055	0.194	127.737816	37.884090
1595324790962	1595324790963	-12.273	-3.127	4.736	-0.358	-0.094	-0.135	127.737816	37.884090
1595324790982	1595324790982	-13.390	-3.477	5.091	-0.667	-0.182	-0.465	127.737816	37.884090
1595324791002	1595324791002	-14.961	-4.313	5.551	-0.778	-0.287	-0.783	127.737816	37.884090
1595324791022	1595324791022	-13.960	-4.440	5.180	-0.682	-0.606	-1.110	127.737816	37.884090
1595324791042	1595324791041	-10.997	-3.829	4.018	-0.521	-0.936	-1.502	127.737816	37.884090
1595324791063	1595324791060	-9.396	-3.487	3.050	-0.324	-1.020	-1.978	127.737816	37.884090
1595324791081	1595324791079	-9.578	-3.772	2.537	0.127	-0.950	-2.469	127.737816	37.884090
1595324791101	1595324791099	-10.970	-4.052	2.370	0.956	-0.866	-2.833	127.737816	37.884090
1595324791120	1595324791118	-12.968	-3.367	2.257	1.789	-0.885	-3.029	127.737816	37.884090
1595324791141	1595324791138	-13.814	-2.322	1.927	2.056	-1.104	-3.089	127.737816	37.884090
1595324791167	1595324791162	-12.546	-1.580	1.677	1.697	-1.448	-3.024	127.737816	37.884090
1595324791180	1595324791179	-11.258	-1.575	1.761	1.118	-1.608	-2.864	127.737816	37.884090
1595324791203	1595324791201	-10.647	-1.805	1.924	0.514	-1.629	-2.732	127.737816	37.884090
1595324791219	1595324791219	-9.907	-1.913	1.888	-0.047	-1.647	-2.632	127.737816	37.884090
1595324791240	1595324791240	-8.860	-2.112	1.505	-0.553	-1.639	-2.522	127.737816	37.884090
1595324791261	1595324791259	-7.861	-2.399	1.050	-0.870	-1.520	-2.399	127.737816	37.884090
1595324791279	1595324791276	-7.262	-2.615	0.631	-0.933	-1.299	-2.265	127.737816	37.884090
1595324791298	1595324791295	-7.061	-2.701	0.300	-0.759	-1.041	-2.100	127.737816	37.884090
1595324791325	1595324791315	-7.176	-2.725	0.099	-0.449	-0.786	-1.894	127.737816	37.884090
1595324791337	1595324791335	-7.355	-2.675	0.084	-0.124	-0.574	-1.656	127.737816	37.884090
1595324791356	1595324791355	-7.281	-2.533	0.163	0.142	-0.407	-1.398	127.737816	37.884090
1595324791377	1595324791374	-7.022	-2.394	0.238	0.316	-0.231	-1.116	127.737816	37.884090
1595324791397	1595324791394	-7.097	-2.346	0.384	0.378	0.012	-0.798	127.737816	37.884090
1595324791415	1595324791414	-7.571	-2.502	0.734	0.390	0.292	-0.427	127.737816	37.884090
1595324791435	1595324791435	-8.402	-2.739	1.172	0.426	0.571	-0.007	127.737816	37.884090
1595324791456	1595324791455	-9.576	-2.988	1.711	0.474	0.827	0.441	127.737816	37.884090
1595324791476	1595324791473	-10.647	-3.194	2.264	0.514	0.983	0.858	127.737816	37.884090
1595324791495	1595324791493	-11.296	-3.187	2.571	0.544	1.043	1.185	127.737816	37.884090
1595324791514	1595324791512	-12.527	-3.000	2.686	0.542	1.160	1.505	127.737816	37.884090
1595324791534	1595324791532	-13.914	-2.768	2.729	0.437	1.291	1.848	127.737816	37.884090
1595324791555	1595324791553	-13.040	-2.512	2.873	0.104	1.166	2.135	127.737816	37.884090
1595324791574	1595324791573	-11.042	-2.397	3.273	-0.335	1.003	2.426	127.737816	37.884090
1595324791594	1595324791593	-9.825	-2.078	3.685	-0.548	0.926	2.667	127.737816	37.884090
1595324791612	1595324791613	-9.840	-2.057	3.972	-0.521	0.960	2.754	127.737816	37.884090
1595324791633	1595324791633	-10.280	-2.409	4.049	-0.449	0.996	2.685	127.737816	37.884090
1595324791657	1595324791655	-10.101	-2.557	3.896	-0.406	0.928	2.494	127.737816	37.884090
1595324791675	1595324791675	-9.976	-2.773	3.675	-0.321	0.915	2.301	127.737816	37.884090
1595324791693	1595324791690	-10.002	-2.936	3.666	-0.122	0.930	2.121	127.737816	37.884090
1595324791711	1595324791709	-9.811	-2.560	3.781	0.047	0.872	1.929	127.737816	37.884090
1595324791732	1595324791729	-9.574	-2.227	3.833	-0.067	0.763	1.785	127.737816	37.884090
1595324791751	1595324791748	-9.047	-2.404	3.584	-0.460	0.578	1.699	127.737816	37.884090
1595324791770	1595324791769	-8.352	-3.000	3.134	-0.841	0.401	1.599	127.737816	37.884090
1595324791791	1595324791790	-7.866	-3.453	2.707	-0.909	0.341	1.430	127.737816	37.884090
1595324791810	1595324791810	-7.794	-3.388	2.597	-0.733	0.368	1.263	127.737816	37.884090
1595324791831	1595324791829	-8.275	-3.235	2.679	-0.566	0.402	1.137	127.737816	37.884090
1595324791849	1595324791849	-9.003	-3.400	2.942	-0.492	0.401	1.060	127.737816	37.884090
1595324791869	1595324791868	-9.432	-3.578	3.163	-0.481	0.336	0.991	127.737816	37.884090
1595324791889	1595324791886	-9.384	-3.573	3.251	-0.520	0.256	0.932	127.737816	37.884090
1595324791908	1595324791906	-9.106	-3.511	3.230	-0.616	0.188	0.869	127.737816	37.884090
1595324791928	1595324791926	-9.097	-3.496	3.302	-0.700	0.160	0.778	127.737816	37.884090
1595324791948	1595324791945	-9.792	-3.556	3.457	-0.730	0.175	0.668	127.737816	37.884090
1595324791967	1595324791967	-10.541	-3.779	3.618	-0.736	0.143	0.523	127.737816	37.884090
1595324791988	1595324791987	-11.061	-3.983	3.541	-0.714	0.083	0.346	127.737816	37.884090
1595324792007	1595324792006	-11.576	-4.021	3.407	-0.615	0.073	0.141	127.737816	37.884090
1595324792026	1595324792026	-12.475	-3.959	3.555	-0.517	0.110	-0.106	127.737816	37.884090
1595324792048	1595324792044	-14.384	-4.282	4.382	-0.437	0.173	-0.367	127.737816	37.884090
1595324792068	1595324792066	-15.038	-4.680	5.340	-0.337	0.035	-0.623	127.737816	37.884090
1595324792084	1595324792084	-12.003	-4.272	4.770	-0.294	-0.390	-0.877	127.737816	37.884090
1595324792105	1595324792103	-9.782	-3.657	3.438	-0.227	-0.569	-1.244	127.737816	37.884090
1595324792124	1595324792123	-9.562	-3.388	2.648	-0.038	-0.543	-1.708	127.737816	37.884090
1595324792144	1595324792143	-9.887	-3.369	2.231	0.347	-0.511	-2.116	127.737816	37.884090
1595324792165	1595324792162	-10.515	-3.396	2.140	0.872	-0.468	-2.397	127.737816	37.884090
1595324792184	1595324792182	-11.064	-3.247	1.919	1.290	-0.513	-2.522	127.737816	37.884090
1595324792205	1595324792203	-11.279	-3.151	1.749	1.611	-0.574	-2.512	127.737816	37.884090
1595324792223	1595324792223	-10.867	-2.763	1.668	1.815	-0.679	-2.436	127.737816	37.884090
1595324792243	1595324792243	-10.105	-2.385	1.716	1.807	-0.782	-2.313	127.737816	37.884090
1595324792264	1595324792263	-9.327	-2.160	1.814	1.555	-0.859	-2.201	127.737816	37.884090
1595324792283	1595324792281	-8.680	-1.973	1.656	1.130	-0.921	-2.101	127.737816	37.884090
1595324792301	1595324792300	-8.256	-1.985	1.423	0.652	-0.928	-2.007	127.737816	37.884090
1595324792321	1595324792319	-7.988	-2.133	1.184	0.254	-0.892	-1.935	127.737816	37.884090
1595324792348	1595324792341	-7.765	-2.234	0.916	0.021	-0.831	-1.879	127.737816	37.884090
1595324792367	1595324792359	-7.758	-2.334	0.861	-0.062	-0.721	-1.818	127.737816	37.884090
1595324792380	1595324792379	-7.825	-2.483	0.916	-0.040	-0.615	-1.745	127.737816	37.884090
1595324792401	1595324792398	-7.854	-2.526	0.880	0.069	-0.518	-1.664	127.737816	37.884090
1595324792420	1595324792418	-8.273	-2.392	0.762	0.198	-0.364	-1.529	127.737816	37.884090
1595324792440	1595324792438	-9.078	-2.313	0.853	0.257	-0.173	-1.289	127.737816	37.884090
1595324792460	1595324792459	-9.665	-2.361	1.155	0.235	-0.065	-0.979	127.737816	37.884090
1595324792479	1595324792479	-10.062	-2.485	1.538	0.167	0.027	-0.615	127.737816	37.884090
1595324792505	1595324792500	-10.618	-2.701	1.953	0.070	0.137	-0.198	127.737816	37.884090
1595324792522	1595324792518	-11.040	-2.722	2.087	-0.088	0.200	0.223	127.737816	37.884090
1595324792539	1595324792536	-11.732	-2.485	1.840	-0.294	0.283	0.651	127.737816	37.884090
1595324792558	1595324792556	-13.600	-2.416	1.579	-0.524	0.499	1.140	127.737816	37.884090
1595324792577	1595324792575	-14.990	-2.574	1.656	-0.779	0.638	1.620	127.737816	37.884090
1595324792599	1595324792596	-13.124	-2.888	1.982	-1.041	0.539	1.980	127.737816	37.884090
1595324792618	1595324792617	-10.206	-2.763	2.537	-1.157	0.496	2.189	127.737816	37.884090
1595324792637	1595324792637	-8.671	-2.392	2.976	-1.146	0.599	2.266	127.737816	37.884090
1595324792662	1595324792660	-8.498	-2.368	2.842	-1.171	0.696	2.176	127.737816	37.884090
1595324792676	1595324792676	-9.157	-2.667	2.703	-1.047	0.785	2.042	127.737816	37.884090
1595324792700	1595324792700	-9.183	-2.837	2.602	-0.662	0.721	1.885	127.737816	37.884090
1595324792716	1595324792714	-8.745	-2.739	2.240	-0.252	0.635	1.737	127.737816	37.884090
1595324792735	1595324792733	-8.661	-2.481	1.900	-0.006	0.629	1.667	127.737816	37.884090
1595324792755	1595324792753	-8.520	-2.327	1.905	0.004	0.572	1.667	127.737816	37.884090
1595324792774	1595324792772	-8.330	-2.624	2.197	-0.168	0.487	1.748	127.737816	37.884090
1595324792794	1595324792792	-8.438	-3.264	2.487	-0.351	0.435	1.884	127.737816	37.884090
1595324792814	1595324792814	-8.785	-3.714	2.485	-0.428	0.388	1.975	127.737816	37.884090
1595324792834	1595324792834	-8.898	-3.731	2.461	-0.359	0.346	1.994	127.737816	37.884090
1595324792854	1595324792853	-8.886	-3.594	2.542	-0.252	0.336	1.996	127.737816	37.884090
1595324792873	1595324792873	-9.142	-3.642	2.640	-0.229	0.360	1.971	127.737816	37.884090
1595324792893	1595324792891	-9.509	-3.793	2.851	-0.255	0.373	1.873	127.737816	37.884090
1595324792913	1595324792910	-9.600	-3.798	3.124	-0.267	0.356	1.703	127.737816	37.884090
1595324792932	1595324792930	-9.334	-3.561	3.304	-0.315	0.313	1.478	127.737816	37.884090
1595324792952	1595324792950	-8.992	-3.384	3.354	-0.436	0.268	1.236	127.737816	37.884090
1595324792972	1595324792969	-9.231	-3.628	3.390	-0.563	0.259	1.003	127.737816	37.884090
1595324792993	1595324792991	-10.134	-4.260	3.658	-0.545	0.268	0.776	127.737816	37.884090
1595324793011	1595324793010	-10.668	-4.634	3.838	-0.352	0.199	0.532	127.737816	37.884090
1595324793031	1595324793031	-10.716	-4.483	3.690	-0.138	0.117	0.277	127.737816	37.884090
1595324793051	1595324793050	-11.066	-4.141	3.601	-0.058	0.095	0.014	127.737816	37.884090
1595324793070	1595324793070	-12.297	-4.009	3.759	-0.115	0.112	-0.268	127.737816	37.884090
1595324793093	1595324793093	-14.784	-4.613	4.677	-0.189	0.158	-0.551	127.737816	37.884090
1595324793111	1595324793108	-15.903	-5.207	5.647	-0.195	-0.057	-0.809	127.737816	37.884090
1595324793129	1595324793127	-12.925	-4.680	4.859	-0.209	-0.575	-1.049	127.737816	37.884090
1595324793149	1595324793147	-10.352	-3.791	3.342	-0.225	-0.809	-1.440	127.737816	37.884090
1595324793168	1595324793166	-9.828	-3.329	2.545	-0.188	-0.802	-1.972	127.737816	37.884090
1595324793189	1595324793187	-10.213	-3.309	2.092	0.038	-0.776	-2.489	127.737816	37.884090
1595324793208	1595324793208	-11.198	-3.448	1.950	0.480	-0.701	-2.869	127.737816	37.884090
1595324793228	1595324793228	-11.931	-3.297	1.915	0.855	-0.690	-3.084	127.737816	37.884090
1595324793248	1595324793247	-12.144	-2.991	1.800	0.984	-0.731	-3.111	127.737816	37.884090
1595324793267	1595324793265	-11.639	-2.828	1.718	0.925	-0.824	-3.025	127.737816	37.884090
1595324793312	1595324793327	-10.532	-2.658	1.608	0.769	-0.937	-2.929	127.737816	37.884090
1595324793346	1595324793353	-9.473	-2.411	1.514	0.537	-0.987	-2.825	127.737839	37.884136
1595324793348	1595324793355	-8.726	-2.284	1.323	0.196	-0.984	-2.692	127.737839	37.884136
1595324793367	1595324793363	-8.141	-2.310	0.944	-0.202	-0.952	-2.569	127.737839	37.884136
1595324793376	1595324793372	-7.664	-2.406	0.547	-0.402	-0.853	-2.446	127.737839	37.884136
1595324793385	1595324793382	-7.413	-2.483	0.209	-0.400	-0.717	-2.299	127.737839	37.884136
1595324793406	1595324793403	-7.502	-2.562	0.080	-0.303	-0.564	-2.136	127.737839	37.884136
1595324793424	1595324793422	-7.770	-2.675	0.207	-0.133	-0.411	-1.956	127.737839	37.884136
1595324793445	1595324793444	-7.880	-2.643	0.357	0.077	-0.299	-1.768	127.737839	37.884136
1595324793465	1595324793464	-7.839	-2.406	0.468	0.226	-0.196	-1.525	127.737839	37.884136
1595324793483	1595324793483	-7.988	-2.224	0.592	0.220	-0.064	-1.198	127.737839	37.884136
1595324793507	1595324793505	-8.304	-2.370	0.805	0.129	0.074	-0.775	127.737839	37.884136
1595324793529	1595324793522	-8.853	-2.718	1.086	0.090	0.213	-0.275	127.737839	37.884136
1595324793545	1595324793541	-9.741	-3.202	1.519	0.151	0.374	0.274	127.737839	37.884136
1595324793562	1595324793560	-10.843	-3.547	1.970	0.297	0.503	0.821	127.737839	37.884136
1595324793582	1595324793580	-12.132	-3.458	2.154	0.453	0.596	1.354	127.737839	37.884136
1595324793602	1595324793600	-14.034	-3.178	2.077	0.479	0.736	1.921	127.737839	37.884136
1595324793621	1595324793621	-14.729	-3.135	2.346	0.312	0.790	2.451	127.737839	37.884136
1595324793643	1595324793641	-12.568	-3.453	3.050	0.076	0.651	2.797	127.737839	37.884136
1595324793664	1595324793664	-10.350	-3.717	3.589	-0.040	0.594	2.935	127.737839	37.884136
1595324793681	1595324793681	-9.339	-3.590	3.479	-0.061	0.632	2.841	127.737839	37.884136
1595324793703	1595324793701	-9.619	-3.123	3.033	-0.055	0.717	2.610	127.737839	37.884136
1595324793721	1595324793721	-10.230	-2.873	2.887	0.037	0.766	2.353	127.737839	37.884136
1595324793746	1595324793742	-9.890	-2.782	2.669	0.160	0.674	2.032	127.737839	37.884136
1595324793759	1595324793757	-9.303	-2.651	2.298	0.235	0.640	1.722	127.737839	37.884136
1595324793779	1595324793777	-8.920	-2.382	2.145	0.217	0.651	1.455	127.737839	37.884136
1595324793799	1595324793797	-8.536	-2.100	2.509	0.031	0.599	1.266	127.737839	37.884136
1595324793818	1595324793818	-8.429	-2.126	2.798	-0.325	0.504	1.221	127.737839	37.884136
1595324793840	1595324793838	-8.752	-2.617	2.734	-0.734	0.432	1.268	127.737839	37.884136
1595324793858	1595324793858	-8.809	-3.024	2.542	-1.013	0.332	1.309	127.737839	37.884136
1595324793878	1595324793878	-8.520	-3.247	2.506	-1.186	0.274	1.374	127.737839	37.884136
1595324793898	1595324793897	-8.417	-3.666	2.650	-1.222	0.270	1.427	127.737839	37.884136
1595324793920	1595324793920	-8.397	-4.102	2.921	-1.042	0.291	1.486	127.737839	37.884136
1595324793937	1595324793935	-8.405	-4.385	3.251	-0.697	0.347	1.533	127.737839	37.884136
1595324793956	1595324793954	-8.395	-4.411	3.522	-0.312	0.406	1.555	127.737839	37.884136
1595324793975	1595324793974	-8.448	-4.421	3.579	0.018	0.426	1.557	127.737839	37.884136
1595324793996	1595324793993	-8.920	-4.615	3.613	0.308	0.454	1.534	127.737839	37.884136
1595324794015	1595324794013	-9.689	-4.792	3.807	0.638	0.466	1.468	127.737839	37.884136
1595324794035	1595324794033	-10.216	-4.840	4.099	0.978	0.412	1.329	127.737839	37.884136
1595324794055	1595324794053	-10.743	-4.775	4.243	1.198	0.327	1.114	127.737839	37.884136
1595324794074	1595324794074	-11.421	-4.581	4.312	1.237	0.225	0.831	127.737839	37.884136
1595324794096	1595324794096	-11.912	-4.184	4.384	1.075	0.107	0.466	127.737839	37.884136
1595324794114	1595324794114	-13.052	-3.971	4.609	0.750	0.039	0.034	127.737839	37.884136
1595324794134	1595324794133	-14.978	-4.325	5.481	0.443	-0.041	-0.436	127.737839	37.884136
1595324794155	1595324794152	-14.372	-4.474	5.807	0.228	-0.417	-0.883	127.737839	37.884136
1595324794173	1595324794171	-11.502	-4.095	4.523	0.056	-0.892	-1.310	127.737839	37.884136
1595324794195	1595324794192	-10.065	-3.796	2.858	-0.011	-1.096	-1.798	127.737839	37.884136
1595324794212	1595324794210	-10.800	-3.777	2.001	0.139	-1.077	-2.285	127.737839	37.884136
1595324794235	1595324794231	-12.396	-3.903	1.869	0.598	-1.036	-2.691	127.737839	37.884136
1595324794253	1595324794252	-13.478	-3.685	1.850	1.186	-1.070	-3.002	127.737839	37.884136
1595324794273	1595324794272	-13.639	-3.063	1.761	1.577	-1.160	-3.133	127.737839	37.884136
1595324794291	1595324794291	-12.769	-2.490	1.716	1.545	-1.324	-3.138	127.737839	37.884136
1595324794312	1595324794312	-11.531	-2.198	1.740	1.186	-1.468	-3.123	127.737839	37.884136
1595324794331	1595324794331	-10.493	-2.009	1.821	0.708	-1.533	-3.099	127.737877	37.884182
1595324794353	1595324794352	-9.502	-1.791	1.641	0.149	-1.572	-3.065	127.737877	37.884182
1595324794371	1595324794368	-8.591	-1.757	1.277	-0.457	-1.561	-3.030	127.737877	37.884182
1595324794390	1595324794388	-7.983	-2.004	0.865	-0.951	-1.431	-2.982	127.737877	37.884182
1595324794409	1595324794407	-7.686	-2.284	0.587	-1.171	-1.227	-2.905	127.737877	37.884182
1595324794429	1595324794426	-7.566	-2.572	0.563	-1.070	-0.999	-2.809	127.737877	37.884182
1595324794449	1595324794446	-7.559	-2.833	0.662	-0.714	-0.783	-2.686	127.737877	37.884182
1595324794469	1595324794469	-7.655	-2.816	0.568	-0.241	-0.612	-2.507	127.737877	37.884182
1595324794489	1595324794488	-7.698	-2.454	0.525	0.158	-0.489	-2.243	127.737877	37.884182
1595324794508	1595324794507	-7.535	-1.973	0.549	0.322	-0.405	-1.894	127.737877	37.884182
1595324794528	1595324794527	-7.387	-1.736	0.674	0.257	-0.284	-1.433	127.737877	37.884182
1595324794547	1595324794547	-7.494	-1.970	0.937	0.111	-0.094	-0.883	127.737877	37.884182
1595324794574	1595324794574	-7.849	-2.409	1.304	0.018	0.138	-0.289	127.737877	37.884182
1595324794588	1595324794586	-8.258	-2.782	1.804	0.019	0.360	0.312	127.737877	37.884182
1595324794606	1595324794604	-8.886	-2.938	2.391	0.085	0.577	0.899	127.737877	37.884182
1595324794626	1595324794624	-10.299	-2.967	2.473	0.187	0.818	1.525	127.737877	37.884182
1595324794646	1595324794643	-12.661	-2.976	2.166	0.272	1.100	2.223	127.737877	37.884182
1595324794665	1595324794664	-13.737	-2.861	2.276	0.232	1.227	2.863	127.737877	37.884182
1595324794685	1595324794685	-12.115	-2.972	2.861	0.023	1.155	3.321	127.737877	37.884182
1595324794706	1595324794705	-10.807	-3.424	3.493	-0.139	1.150	3.633	127.737877	37.884182
1595324794724	1595324794724	-11.049	-3.664	3.630	-0.126	1.196	3.745	127.737877	37.884182
1595324794746	1595324794745	-11.701	-3.285	3.263	-0.064	1.163	3.650	127.737877	37.884182
1595324794767	1595324794767	-11.871	-2.778	3.026	-0.061	1.100	3.451	127.737877	37.884182
1595324794785	1595324794781	-11.277	-2.720	2.885	-0.106	1.015	3.179	127.737877	37.884182
1595324794804	1595324794801	-10.623	-2.866	2.657	-0.116	0.986	2.859	127.737877	37.884182
1595324794823	1595324794821	-10.113	-2.739	2.537	-0.051	1.012	2.492	127.737877	37.884182
1595324794843	1595324794840	-9.595	-2.390	2.616	-0.049	1.017	2.144	127.737877	37.884182
1595324794862	1595324794862	-9.451	-2.466	2.719	-0.245	0.987	1.911	127.737877	37.884182
1595324794881	1595324794881	-9.739	-2.914	2.906	-0.514	0.920	1.778	127.737877	37.884182
1595324794902	1595324794901	-9.981	-3.226	3.175	-0.770	0.831	1.680	127.737877	37.884182
1595324794922	1595324794921	-9.471	-3.197	3.290	-0.973	0.673	1.575	127.737877	37.884182
1595324794942	1595324794941	-8.838	-3.269	3.146	-1.157	0.550	1.539	127.737877	37.884182
1595324794964	1595324794964	-8.747	-3.551	3.086	-1.267	0.477	1.548	127.737877	37.884182
1595324794981	1595324794981	-8.992	-4.030	3.342	-1.221	0.436	1.566	127.737877	37.884182
1595324795000	1595324794998	-9.056	-4.550	3.726	-0.983	0.379	1.561	127.737877	37.884182
1595324795020	1595324795018	-8.879	-4.742	3.932	-0.592	0.310	1.516	127.737877	37.884182
1595324795040	1595324795037	-8.821	-4.605	4.063	-0.202	0.271	1.426	127.737877	37.884182
1595324795059	1595324795057	-9.310	-4.483	4.226	0.042	0.237	1.286	127.737877	37.884182
1595324795079	1595324795078	-10.189	-4.450	4.324	0.146	0.171	1.072	127.737877	37.884182
1595324795100	1595324795098	-11.164	-4.392	4.315	0.177	0.095	0.775	127.737877	37.884182
1595324795119	1595324795118	-11.950	-4.210	4.183	0.125	0.020	0.389	127.737877	37.884182
1595324795139	1595324795138	-13.342	-4.124	4.286	0.002	-0.010	-0.082	127.737877	37.884182
1595324795162	1595324795160	-15.598	-4.395	5.036	-0.081	-0.034	-0.603	127.737877	37.884182
1595324795177	1595324795177	-15.277	-4.361	5.539	-0.155	-0.320	-1.110	127.737877	37.884182
1595324795201	1595324795198	-11.713	-3.959	4.626	-0.272	-0.777	-1.608	127.737877	37.884182
1595324795217	1595324795215	-9.631	-3.456	3.251	-0.308	-0.932	-2.181	127.737877	37.884182
1595324795238	1595324795235	-9.693	-3.115	2.377	-0.238	-0.906	-2.736	127.737877	37.884182
1595324795255	1595324795254	-11.040	-3.341	2.044	0.038	-0.829	-3.158	127.737877	37.884182
1595324795275	1595324795275	-12.532	-3.674	1.965	0.569	-0.785	-3.397	127.737877	37.884182
1595324795295	1595324795293	-13.502	-3.683	1.809	1.185	-0.811	-3.449	127.737877	37.884182
1595324795316	1595324795316	-13.519	-3.460	1.783	1.606	-0.927	-3.364	127.737938	37.884212
1595324795336	1595324795334	-12.501	-3.063	1.828	1.681	-1.114	-3.216	127.737938	37.884212
1595324795355	1595324795353	-11.205	-2.624	1.869	1.470	-1.265	-3.070	127.737938	37.884212
1595324795375	1595324795374	-10.244	-2.287	1.754	1.082	-1.342	-2.937	127.737938	37.884212
1595324795394	1595324795392	-9.564	-1.966	1.364	0.552	-1.357	-2.822	127.737938	37.884212
1595324795414	1595324795412	-9.047	-1.946	0.940	0.058	-1.274	-2.721	127.737938	37.884212
1595324795433	1595324795431	-8.620	-2.164	0.544	-0.266	-1.141	-2.617	127.737938	37.884212
1595324795454	1595324795450	-8.270	-2.315	0.317	-0.391	-0.991	-2.530	127.737938	37.884212
1595324795473	1595324795471	-7.969	-2.413	0.357	-0.362	-0.843	-2.453	127.737938	37.884212
1595324795494	1595324795492	-7.564	-2.399	0.520	-0.219	-0.722	-2.383	127.737938	37.884212
1595324795513	1595324795512	-7.432	-2.368	0.607	-0.058	-0.569	-2.274	127.737938	37.884212
1595324795531	1595324795531	-7.926	-2.418	0.736	0.054	-0.349	-2.048	127.737938	37.884212
1595324795552	1595324795551	-8.414	-2.464	0.990	0.154	-0.185	-1.705	127.737938	37.884212
1595324795571	1595324795571	-8.460	-2.363	1.098	0.244	-0.091	-1.303	127.737938	37.884212
1595324795594	1595324795590	-8.635	-2.325	1.335	0.266	0.064	-0.819	127.737938	37.884212
1595324795612	1595324795610	-9.245	-2.476	1.749	0.231	0.256	-0.267	127.737938	37.884212
1595324795630	1595324795628	-10.206	-2.768	2.351	0.221	0.441	0.299	127.737938	37.884212
1595324795650	1595324795648	-10.800	-2.864	2.782	0.277	0.547	0.802	127.737938	37.884212
1595324795669	1595324795667	-10.826	-2.473	2.518	0.267	0.599	1.238	127.737938	37.884212
1595324795689	1595324795689	-11.634	-2.179	2.288	0.035	0.817	1.717	127.737938	37.884212
1595324795709	1595324795709	-11.418	-2.258	2.418	-0.349	0.887	2.159	127.737938	37.884212
1595324795729	1595324795728	-9.770	-2.430	2.652	-0.664	0.797	2.475	127.737938	37.884212
1595324795750	1595324795748	-9.624	-2.658	2.952	-0.795	0.873	2.777	127.737938	37.884212
1595324795768	1595324795768	-11.054	-2.979	2.954	-0.804	0.966	3.031	127.737938	37.884212
1595324795792	1595324795788	-11.528	-3.036	2.669	-0.796	0.875	3.168	127.737938	37.884212
1595324795808	1595324795806	-11.066	-3.202	2.650	-0.728	0.819	3.232	127.737938	37.884212
1595324795827	1595324795825	-11.176	-3.915	3.100	-0.464	0.912	3.245	127.737938	37.884212
1595324795847	1595324795845	-10.776	-4.292	3.531	0.010	0.936	3.114	127.737938	37.884212
1595324795866	1595324795864	-9.693	-3.674	3.781	0.459	0.936	2.888	127.737938	37.884212
1595324795886	1595324795886	-9.135	-2.936	3.757	0.562	0.948	2.727	127.737938	37.884212
1595324795906	1595324795904	-8.972	-2.871	3.395	0.304	0.862	2.638	127.737938	37.884212
1595324795926	1595324795926	-8.783	-3.130	2.942	-0.018	0.724	2.522	127.737938	37.884212
1595324795946	1595324795945	-8.836	-3.166	2.777	-0.181	0.674	2.334	127.737938	37.884212
1595324795965	1595324795965	-9.327	-3.245	2.861	-0.204	0.690	2.118	127.737938	37.884212
1595324795988	1595324795988	-9.796	-3.549	2.952	-0.145	0.673	1.914	127.737938	37.884212
1595324796009	1595324796009	-9.950	-3.808	3.163	-0.040	0.643	1.732	127.737938	37.884212
1595324796024	1595324796022	-9.837	-3.666	3.438	-0.038	0.601	1.573	127.737938	37.884212
1595324796044	1595324796042	-9.593	-3.530	3.716	-0.220	0.535	1.433	127.737938	37.884212
1595324796063	1595324796061	-9.538	-3.767	3.953	-0.446	0.476	1.290	127.737938	37.884212
1595324796083	1595324796081	-9.725	-4.248	4.145	-0.533	0.435	1.129	127.737938	37.884212
1595324796103	1595324796101	-9.645	-4.603	4.262	-0.434	0.359	0.921	127.737938	37.884212
1595324796123	1595324796123	-9.859	-4.716	4.219	-0.225	0.306	0.664	127.737938	37.884212
1595324796144	1595324796142	-10.925	-4.636	4.317	-0.004	0.286	0.364	127.737938	37.884212
1595324796163	1595324796164	-12.120	-4.383	4.444	0.114	0.201	0.000	127.737938	37.884212
1595324796182	1595324796182	-13.404	-4.224	4.717	0.077	0.081	-0.419	127.737938	37.884212
1595324796209	1595324796209	-14.611	-4.136	5.024	-0.029	-0.082	-0.859	127.737938	37.884212
1595324796222	1595324796219	-13.411	-3.685	4.545	-0.186	-0.448	-1.285	127.737938	37.884212
1595324796244	1595324796241	-11.102	-3.285	3.486	-0.344	-0.778	-1.785	127.737938	37.884212
1595324796260	1595324796258	-10.158	-3.118	2.559	-0.394	-0.868	-2.338	127.737938	37.884212
1595324796279	1595324796278	-10.628	-3.175	2.137	-0.272	-0.810	-2.866	127.737938	37.884212
1595324796328	1595324796327	-11.787	-3.453	2.092	0.111	-0.718	-3.262	127.737961	37.884243
1595324796361	1595324796353	-13.241	-3.494	1.989	0.670	-0.660	-3.483	127.737961	37.884243
1595324796363	1595324796355	-13.967	-3.168	1.773	1.084	-0.696	-3.537	127.737961	37.884243
1595324796375	1595324796371	-12.954	-2.790	1.634	1.185	-0.870	-3.430	127.737961	37.884243
1595324796382	1595324796380	-11.294	-2.737	1.646	1.124	-1.025	-3.237	127.737961	37.884243
1595324796398	1595324796398	-10.132	-2.732	1.742	1.035	-1.078	-3.021	127.737961	37.884243
1595324796418	1595324796418	-9.291	-2.536	1.644	0.857	-1.114	-2.807	127.737961	37.884243
1595324796438	1595324796436	-8.591	-2.279	1.335	0.591	-1.120	-2.632	127.737961	37.884243
1595324796457	1595324796456	-8.132	-2.152	0.832	0.344	-1.055	-2.465	127.737961	37.884243
1595324796476	1595324796475	-8.005	-2.224	0.506	0.209	-0.934	-2.287	127.737961	37.884243
1595324796498	1595324796496	-8.182	-2.327	0.482	0.175	-0.808	-2.114	127.737961	37.884243
1595324796533	1595324796532	-8.333	-2.401	0.671	0.215	-0.730	-1.949	127.737961	37.884243
1595324796540	1595324796538	-8.040	-2.296	0.875	0.283	-0.708	-1.782	127.737961	37.884243
1595324796560	1595324796559	-7.674	-2.059	0.851	0.278	-0.669	-1.592	127.737961	37.884243
1595324796575	1595324796575	-7.763	-1.949	0.834	0.151	-0.540	-1.336	127.737961	37.884243
1595324796596	1595324796594	-8.251	-2.128	0.968	-0.030	-0.364	-1.015	127.737961	37.884243
1595324796618	1595324796615	-8.795	-2.555	1.287	-0.107	-0.195	-0.645	127.737961	37.884243
1595324796635	1595324796633	-9.219	-2.866	1.627	-0.029	-0.037	-0.263	127.737961	37.884243
1595324796655	1595324796652	-9.533	-2.907	1.965	0.102	0.121	0.111	127.737961	37.884243
1595324796674	1595324796672	-10.065	-2.814	2.382	0.190	0.286	0.460	127.737961	37.884243
1595324796694	1595324796692	-10.884	-2.617	2.660	0.252	0.407	0.785	127.737961	37.884243
1595324796713	1595324796713	-12.546	-2.337	2.427	0.221	0.590	1.185	127.737961	37.884243
1595324796733	1595324796733	-13.478	-2.241	2.449	-0.047	0.712	1.649	127.737961	37.884243
1595324796753	1595324796753	-11.464	-2.325	2.640	-0.520	0.554	2.017	127.737961	37.884243
1595324796773	1595324796772	-9.411	-2.598	2.827	-0.907	0.506	2.345	127.737961	37.884243
1595324796796	1595324796795	-9.444	-3.027	2.978	-1.014	0.641	2.597	127.737961	37.884243
1595324796812	1595324796812	-10.232	-3.254	2.964	-0.924	0.711	2.691	127.737961	37.884243
1595324796838	1595324796833	-10.213	-3.151	3.038	-0.771	0.697	2.692	127.737961	37.884243
1595324796854	1595324796849	-9.859	-3.417	3.222	-0.546	0.727	2.655	127.737961	37.884243
1595324796876	1595324796871	-10.050	-3.951	3.352	-0.119	0.834	2.568	127.737961	37.884243
1595324796892	1595324796888	-9.935	-3.683	3.297	0.432	0.873	2.399	127.737961	37.884243
