1595324796915	1595324796911	-9.212	-2.655	3.024	0.700	0.831	2.238	127.737961	37.884243
1595324796929	1595324796927	-8.812	-2.071	2.648	0.467	0.773	2.191	127.737961	37.884243
1595324796951	1595324796947	-8.771	-2.399	2.535	0.005	0.703	2.210	127.737961	37.884243
1595324796968	1595324796967	-8.754	-2.969	2.703	-0.311	0.636	2.177	127.737961	37.884243
1595324796992	1595324796991	-8.769	-3.297	2.803	-0.385	0.610	2.066	127.737961	37.884243
1595324797011	1595324797006	-9.030	-3.379	2.798	-0.341	0.629	1.949	127.737961	37.884243
1595324797030	1595324797026	-9.447	-3.458	2.851	-0.313	0.653	1.865	127.737961	37.884243
1595324797048	1595324797045	-9.602	-3.647	3.014	-0.329	0.645	1.794	127.737961	37.884243
1595324797067	1595324797065	-9.519	-3.877	3.337	-0.315	0.618	1.728	127.737961	37.884243
1595324797087	1595324797085	-9.334	-3.947	3.670	-0.245	0.598	1.645	127.737961	37.884243
1595324797106	1595324797104	-8.970	-3.815	3.905	-0.208	0.549	1.545	127.737961	37.884243
1595324797126	1595324797124	-8.924	-3.908	4.087	-0.258	0.503	1.427	127.737961	37.884243
1595324797146	1595324797144	-9.444	-4.404	4.226	-0.254	0.471	1.280	127.737961	37.884243
1595324797165	1595324797164	-10.314	-4.723	4.334	-0.070	0.432	1.082	127.737961	37.884243
1595324797186	1595324797183	-11.159	-4.713	4.451	0.156	0.376	0.825	127.737961	37.884243
1595324797204	1595324797203	-11.837	-4.574	4.655	0.255	0.299	0.482	127.737961	37.884243
1595324797224	1595324797223	-13.145	-4.716	5.220	0.257	0.221	0.056	127.737961	37.884243
1595324797245	1595324797242	-15.332	-4.902	6.018	0.274	0.106	-0.434	127.737961	37.884243
1595324797264	1595324797262	-14.712	-4.299	5.838	0.207	-0.316	-0.934	127.737961	37.884243
1595324797286	1595324797283	-11.512	-3.575	4.332	0.013	-0.852	-1.482	127.737961	37.884243
1595324797304	1595324797302	-10.443	-3.271	3.045	-0.075	-1.006	-2.110	127.737961	37.884243
1595324797329	1595324797323	-11.727	-3.139	2.580	0.036	-0.998	-2.740	127.737961	37.884243
1595324797347	1595324797345	-13.476	-2.988	2.461	0.286	-1.045	-3.294	127.737968	37.884262
1595324797368	1595324797367	-14.700	-2.706	2.183	0.519	-1.159	-3.702	127.737968	37.884262
1595324797385	1595324797382	-14.884	-2.394	1.831	0.572	-1.281	-3.890	127.737968	37.884262
1595324797404	1595324797402	-13.792	-2.313	1.728	0.352	-1.405	-3.903	127.737968	37.884262
1595324797423	1595324797421	-12.163	-2.500	1.910	0.002	-1.490	-3.872	127.737968	37.884262
1595324797445	1595324797442	-11.061	-2.634	1.977	-0.257	-1.474	-3.812	127.737968	37.884262
1595324797462	1595324797461	-10.141	-2.452	1.594	-0.492	-1.425	-3.676	127.737968	37.884262
1595324797483	1595324797482	-9.114	-2.322	1.086	-0.738	-1.349	-3.525	127.737968	37.884262
1595324797502	1595324797500	-8.323	-2.425	0.607	-0.833	-1.157	-3.331	127.737968	37.884262
1595324797521	1595324797519	-7.923	-2.555	0.226	-0.734	-0.905	-3.083	127.737968	37.884262
1595324797542	1595324797539	-7.724	-2.605	0.053	-0.431	-0.671	-2.833	127.737968	37.884262
1595324797561	1595324797558	-7.573	-2.588	0.130	-0.012	-0.476	-2.578	127.737968	37.884262
1595324797580	1595324797577	-7.355	-2.478	0.362	0.405	-0.344	-2.317	127.737968	37.884262
1595324797600	1595324797597	-7.051	-2.169	0.537	0.704	-0.258	-2.024	127.737968	37.884262
1595324797621	1595324797617	-6.972	-1.783	0.549	0.794	-0.160	-1.668	127.737968	37.884262
1595324797640	1595324797636	-7.260	-1.685	0.631	0.683	-0.022	-1.216	127.737968	37.884262
1595324797659	1595324797656	-7.710	-1.903	0.877	0.498	0.115	-0.695	127.737968	37.884262
1595324797679	1595324797676	-8.117	-2.231	1.208	0.364	0.248	-0.166	127.737968	37.884262
1595324797698	1595324797696	-8.385	-2.428	1.529	0.291	0.391	0.345	127.737968	37.884262
1595324797717	1595324797716	-8.623	-2.476	2.094	0.253	0.550	0.819	127.737968	37.884262
1595324797739	1595324797737	-9.279	-2.531	2.420	0.267	0.725	1.258	127.737968	37.884262
1595324797757	1595324797757	-11.286	-2.641	2.171	0.313	0.990	1.792	127.737968	37.884262
1595324797777	1595324797777	-13.799	-2.677	2.089	0.295	1.237	2.430	127.737968	37.884262
1595324797797	1595324797797	-13.945	-2.699	2.458	0.088	1.199	2.974	127.737968	37.884262
1595324797816	1595324797816	-12.240	-3.000	3.064	-0.208	1.072	3.399	127.737968	37.884262
1595324797841	1595324797835	-11.794	-3.590	3.632	-0.326	1.069	3.676	127.737968	37.884262
1595324797857	1595324797855	-11.869	-3.599	3.594	-0.322	0.998	3.676	127.737968	37.884262
1595324797877	1595324797875	-11.500	-2.835	3.203	-0.406	0.881	3.513	127.737968	37.884262
1595324797896	1595324797893	-11.135	-2.495	3.096	-0.540	0.834	3.326	127.737968	37.884262
1595324797918	1595324797916	-10.989	-2.917	3.069	-0.507	0.807	3.091	127.737968	37.884262
1595324797934	1595324797934	-10.843	-3.063	2.892	-0.262	0.787	2.803	127.737968	37.884262
1595324797958	1595324797956	-10.414	-2.433	2.698	-0.124	0.719	2.518	127.737968	37.884262
1595324797975	1595324797974	-9.954	-2.033	2.454	-0.415	0.585	2.350	127.737968	37.884262
1595324797994	1595324797994	-9.744	-2.512	2.295	-0.944	0.421	2.289	127.737968	37.884262
1595324798013	1595324798013	-9.686	-3.163	2.243	-1.336	0.302	2.229	127.737968	37.884262
1595324798033	1595324798032	-9.686	-3.441	2.185	-1.497	0.272	2.110	127.737968	37.884262
1595324798056	1595324798055	-9.818	-3.628	2.271	-1.505	0.283	1.992	127.737968	37.884262
1595324798075	1595324798071	-9.811	-3.913	2.446	-1.425	0.281	1.916	127.737968	37.884262
1595324798093	1595324798090	-9.657	-4.284	2.636	-1.274	0.266	1.894	127.737968	37.884262
1595324798112	1595324798110	-9.607	-4.519	2.878	-1.074	0.275	1.884	127.737968	37.884262
1595324798131	1595324798129	-9.509	-4.694	3.100	-0.844	0.288	1.870	127.737968	37.884262
1595324798151	1595324798149	-9.344	-4.845	3.318	-0.555	0.305	1.836	127.737968	37.884262
1595324798171	1595324798171	-9.193	-4.977	3.567	-0.172	0.328	1.742	127.737968	37.884262
1595324798192	1595324798190	-9.281	-5.072	3.829	0.239	0.359	1.589	127.737968	37.884262
1595324798210	1595324798210	-9.581	-4.950	3.900	0.575	0.357	1.364	127.737968	37.884262
1595324798230	1595324798230	-10.101	-4.718	3.797	0.758	0.329	1.062	127.737968	37.884262
1595324798255	1595324798254	-11.169	-4.505	3.730	0.789	0.323	0.680	127.737968	37.884262
1595324798270	1595324798267	-12.489	-4.325	3.893	0.708	0.291	0.201	127.737968	37.884262
1595324798293	1595324798291	-14.501	-4.378	4.478	0.598	0.250	-0.351	127.737968	37.884262
1595324798311	1595324798310	-16.164	-4.390	5.331	0.499	0.099	-0.908	127.737968	37.884262
1595324798333	1595324798330	-13.950	-3.887	5.184	0.283	-0.389	-1.418	127.737991	37.884281
1595324798351	1595324798351	-10.608	-3.460	3.903	-0.032	-0.793	-1.978	127.737991	37.884281
1595324798371	1595324798368	-9.557	-3.472	2.818	-0.171	-0.869	-2.607	127.737991	37.884281
1595324798389	1595324798386	-10.508	-3.685	2.188	0.067	-0.808	-3.177	127.737991	37.884281
1595324798408	1595324798405	-12.683	-3.942	1.886	0.678	-0.709	-3.613	127.737991	37.884281
1595324798427	1595324798425	-14.329	-3.793	1.517	1.412	-0.740	-3.886	127.737991	37.884281
1595324798449	1595324798445	-14.537	-3.288	1.203	1.955	-0.870	-3.967	127.737991	37.884281
1595324798466	1595324798464	-13.684	-2.924	1.332	2.166	-1.030	-3.902	127.737991	37.884281
1595324798486	1595324798484	-12.484	-2.667	1.867	2.131	-1.183	-3.780	127.737991	37.884281
1595324798505	1595324798504	-11.330	-2.227	2.130	1.891	-1.319	-3.660	127.737991	37.884281
1595324798525	1595324798523	-10.407	-1.805	1.915	1.434	-1.417	-3.496	127.737991	37.884281
1595324798547	1595324798543	-9.737	-1.666	1.299	0.725	-1.458	-3.334	127.737991	37.884281
1595324798565	1595324798563	-9.207	-1.858	0.590	0.027	-1.378	-3.173	127.737991	37.884281
1595324798585	1595324798585	-8.893	-2.128	0.154	-0.395	-1.206	-2.973	127.737991	37.884281
1595324798606	1595324798604	-8.728	-2.411	0.072	-0.495	-1.008	-2.761	127.737991	37.884281
1595324798625	1595324798625	-8.455	-2.694	0.116	-0.320	-0.831	-2.569	127.737991	37.884281
1595324798648	1595324798648	-8.120	-2.732	0.144	0.029	-0.667	-2.368	127.737991	37.884281
1595324798665	1595324798663	-8.098	-2.507	0.192	0.420	-0.492	-2.102	127.737991	37.884281
1595324798684	1595324798682	-8.275	-2.119	0.274	0.694	-0.346	-1.757	127.737991	37.884281
1595324798705	1595324798702	-8.450	-1.748	0.439	0.748	-0.215	-1.339	127.737991	37.884281
1595324798724	1595324798722	-8.714	-1.836	0.729	0.627	-0.039	-0.862	127.737991	37.884281
1595324798744	1595324798742	-9.202	-2.260	1.086	0.500	0.174	-0.384	127.737991	37.884281
1595324798764	1595324798763	-9.883	-2.461	1.586	0.480	0.411	0.065	127.737991	37.884281
1595324798784	1595324798783	-10.635	-2.212	2.056	0.514	0.599	0.485	127.737991	37.884281
1595324798803	1595324798802	-11.710	-1.815	2.200	0.427	0.749	0.909	127.737991	37.884281
1595324798822	1595324798822	-12.534	-1.616	2.185	0.132	0.866	1.340	127.737991	37.884281
1595324798841	1595324798841	-12.091	-1.623	2.216	-0.300	0.885	1.738	127.737991	37.884281
1595324798862	1595324798860	-11.174	-1.932	2.504	-0.694	0.917	2.128	127.737991	37.884281
1595324798881	1595324798878	-10.817	-2.251	3.119	-0.924	0.937	2.453	127.737991	37.884281
1595324798902	1595324798899	-11.229	-2.385	3.194	-1.053	0.896	2.684	127.737991	37.884281
1595324798920	1595324798917	-11.267	-2.258	2.691	-1.240	0.782	2.842	127.737991	37.884281
1595324798941	1595324798937	-10.714	-2.102	2.396	-1.524	0.679	2.935	127.737991	37.884281
1595324798960	1595324798956	-10.589	-2.603	2.468	-1.682	0.680	2.998	127.737991	37.884281
1595324798979	1595324798978	-10.764	-3.420	2.765	-1.464	0.707	3.013	127.737991	37.884281
1595324798999	1595324798998	-10.041	-3.561	2.916	-0.996	0.647	2.949	127.737991	37.884281
1595324799017	1595324799017	-8.951	-3.142	2.825	-0.665	0.568	2.887	127.737991	37.884281
1595324799038	1595324799037	-8.326	-2.814	2.571	-0.655	0.500	2.896	127.737991	37.884281
1595324799058	1595324799057	-8.227	-2.854	2.192	-0.834	0.430	2.916	127.737991	37.884281
1595324799077	1595324799077	-8.570	-2.969	1.977	-0.994	0.396	2.887	127.737991	37.884281
1595324799098	1595324799095	-9.286	-2.998	1.948	-1.091	0.396	2.825	127.737991	37.884281
1595324799116	1595324799114	-10.153	-3.233	2.171	-1.200	0.396	2.763	127.737991	37.884281
1595324799136	1595324799133	-10.886	-3.671	2.283	-1.318	0.369	2.713	127.737991	37.884281
1595324799155	1595324799154	-11.327	-4.157	2.439	-1.388	0.334	2.689	127.737991	37.884281
1595324799174	1595324799173	-11.341	-4.629	2.698	-1.372	0.294	2.674	127.737991	37.884281
1595324799195	1595324799193	-11.150	-5.087	2.961	-1.236	0.283	2.606	127.737991	37.884281
1595324799214	1595324799214	-10.762	-5.403	3.069	-0.965	0.296	2.445	127.737991	37.884281
1595324799235	1595324799235	-10.793	-5.647	3.222	-0.591	0.381	2.202	127.737991	37.884281
1595324799255	1595324799254	-11.430	-5.765	3.548	-0.191	0.500	1.868	127.737991	37.884281
1595324799276	1595324799276	-12.455	-5.741	3.795	0.122	0.577	1.439	127.737991	37.884281
1595324799297	1595324799292	-13.471	-5.726	4.090	0.323	0.615	0.917	127.737991	37.884281
1595324799321	1595324799321	-14.837	-5.817	4.780	0.452	0.611	0.307	127.738007	37.884296
1595324799335	1595324799334	-15.766	-5.717	5.661	0.531	0.484	-0.356	127.738007	37.884296
1595324799353	1595324799350	-14.010	-4.981	5.510	0.461	0.079	-1.038	127.738007	37.884296
1595324799374	1595324799371	-11.059	-3.911	4.403	0.268	-0.315	-1.764	127.738007	37.884296
1595324799392	1595324799390	-9.574	-3.302	3.443	0.119	-0.492	-2.542	127.738007	37.884296
1595324799416	1595324799412	-10.352	-3.336	2.971	0.188	-0.505	-3.273	127.738007	37.884296
1595324799431	1595324799431	-12.170	-3.429	2.695	0.515	-0.534	-3.879	127.738007	37.884296
1595324799455	1595324799455	-13.296	-3.364	2.087	0.934	-0.665	-4.332	127.738007	37.884296
1595324799471	1595324799468	-13.847	-3.199	1.376	1.397	-0.753	-4.558	127.738007	37.884296
1595324799492	1595324799490	-13.742	-2.869	1.354	1.830	-0.807	-4.555	127.738007	37.884296
1595324799510	1595324799508	-12.853	-2.521	2.238	2.086	-0.940	-4.428	127.738007	37.884296
1595324799530	1595324799527	-11.627	-2.145	2.937	2.004	-1.157	-4.221	127.738007	37.884296
1595324799550	1595324799547	-10.498	-2.004	2.715	1.563	-1.384	-3.928	127.738007	37.884296
1595324799568	1595324799568	-9.559	-2.219	2.003	0.865	-1.524	-3.621	127.738007	37.884296
1595324799589	1595324799587	-9.032	-2.409	1.102	0.248	-1.497	-3.343	127.738007	37.884296
1595324799609	1595324799607	-9.080	-2.399	0.530	-0.088	-1.328	-3.053	127.738007	37.884296
1595324799628	1595324799628	-9.454	-2.502	0.286	-0.125	-1.170	-2.757	127.738007	37.884296
1595324799648	1595324799646	-9.643	-2.732	0.082	0.056	-1.085	-2.499	127.738007	37.884296
1595324799671	1595324799671	-9.507	-2.737	0.022	0.377	-1.032	-2.277	127.738007	37.884296
1595324799688	1595324799685	-9.274	-2.344	0.065	0.660	-0.993	-2.057	127.738007	37.884296
1595324799706	1595324799705	-9.071	-1.752	0.147	0.682	-0.966	-1.795	127.738007	37.884296
1595324799726	1595324799725	-8.721	-1.199	0.195	0.410	-0.936	-1.489	127.738007	37.884296
1595324799747	1595324799744	-8.364	-1.022	0.266	-0.048	-0.822	-1.133	127.738007	37.884296
1595324799766	1595324799765	-8.270	-1.352	0.458	-0.508	-0.606	-0.744	127.738007	37.884296
1595324799787	1595324799787	-8.608	-1.968	0.868	-0.750	-0.323	-0.360	127.738007	37.884296
1595324799806	1595324799806	-9.090	-1.944	1.100	-0.699	-0.048	-0.005	127.738007	37.884296
1595324799828	1595324799827	-9.586	-1.359	1.270	-0.479	0.226	0.403	127.738007	37.884296
1595324799845	1595324799845	-11.001	-1.247	1.668	-0.299	0.613	0.963	127.738007	37.884296
1595324799868	1595324799866	-12.257	-1.594	2.046	-0.214	0.859	1.607	127.738007	37.884296
1595324799885	1595324799885	-11.413	-1.647	2.034	-0.255	0.843	2.196	127.738007	37.884296
1595324799907	1595324799905	-10.187	-1.628	2.214	-0.398	0.918	2.750	127.738007	37.884296
1595324799926	1595324799924	-10.654	-1.985	2.389	-0.618	1.128	3.213	127.738007	37.884296
1595324799949	1595324799945	-11.382	-2.210	2.164	-0.818	1.215	3.507	127.738007	37.884296
1595324799964	1595324799963	-11.957	-2.179	2.061	-0.951	1.279	3.743	127.738007	37.884296
1595324799985	1595324799983	-13.117	-2.758	2.458	-0.922	1.410	4.007	127.738007	37.884296
1595324800004	1595324800004	-13.773	-3.676	2.858	-0.656	1.409	4.205	127.738007	37.884296
1595324800023	1595324800023	-13.188	-3.894	2.995	-0.256	1.325	4.288	127.738007	37.884296
1595324800043	1595324800043	-12.472	-3.511	2.954	0.045	1.276	4.327	127.738007	37.884296
1595324800063	1595324800063	-12.041	-3.235	2.878	0.054	1.232	4.346	127.738007	37.884296
1595324800083	1595324800083	-11.835	-3.321	3.146	-0.174	1.184	4.314	127.738007	37.884296
1595324800106	1595324800104	-12.024	-3.709	3.462	-0.401	1.115	4.193	127.738007	37.884296
1595324800123	1595324800122	-12.293	-3.877	3.769	-0.529	1.022	3.957	127.738007	37.884296
1595324800142	1595324800139	-12.431	-4.177	3.857	-0.563	0.899	3.667	127.738007	37.884296
1595324800161	1595324800158	-12.041	-4.268	3.500	-0.578	0.714	3.335	127.738007	37.884296
1595324800181	1595324800178	-11.327	-4.416	3.436	-0.653	0.596	2.975	127.738007	37.884296
1595324800201	1595324800199	-10.189	-4.514	3.378	-0.726	0.473	2.532	127.738007	37.884296
1595324800219	1595324800219	-9.253	-4.289	3.261	-0.751	0.423	2.032	127.738007	37.884296
1595324800240	1595324800238	-9.305	-4.193	3.261	-0.809	0.454	1.513	127.738007	37.884296
1595324800259	1595324800258	-9.650	-4.495	3.258	-0.821	0.416	0.998	127.738007	37.884296
1595324800279	1595324800277	-9.976	-4.926	3.076	-0.723	0.356	0.525	127.738007	37.884296
1595324800303	1595324800303	-10.877	-5.264	3.067	-0.539	0.354	0.067	127.738007	37.884296
1595324800322	1595324800321	-11.919	-5.314	3.302	-0.313	0.342	-0.399	127.738022	37.884312
1595324800337	1595324800335	-12.585	-5.113	3.625	-0.121	0.299	-0.845	127.738022	37.884312
1595324800356	1595324800355	-13.133	-4.943	4.116	0.005	0.229	-1.263	127.738022	37.884312
1595324800377	1595324800375	-12.800	-4.831	4.703	0.071	0.016	-1.660	127.738022	37.884312
1595324800396	1595324800394	-11.811	-4.898	4.504	0.141	-0.308	-2.047	127.738022	37.884312
1595324800417	1595324800416	-11.976	-5.111	3.548	0.382	-0.542	-2.447	127.738022	37.884312
1595324800436	1595324800434	-13.188	-4.883	2.533	0.838	-0.727	-2.888	127.738022	37.884312
1595324800456	1595324800456	-14.918	-4.112	1.780	1.347	-0.877	-3.369	127.738022	37.884312
1595324800475	1595324800475	-16.398	-3.518	1.287	1.756	-1.024	-3.846	127.738022	37.884312
1595324800498	1595324800498	-16.554	-2.993	1.069	2.089	-1.185	-4.204	127.738022	37.884312
1595324800515	1595324800513	-15.761	-2.265	1.165	2.332	-1.298	-4.371	127.738022	37.884312
1595324800534	1595324800532	-14.654	-1.913	1.646	2.320	-1.418	-4.412	127.738022	37.884312
1595324800554	1595324800552	-13.428	-1.855	2.082	2.054	-1.610	-4.407	127.738022	37.884312
1595324800573	1595324800571	-12.590	-1.628	1.977	1.631	-1.780	-4.297	127.738022	37.884312
1595324800594	1595324800592	-12.077	-1.163	1.325	0.911	-1.911	-4.162	127.738022	37.884312
1595324800613	1595324800610	-11.143	-1.096	0.561	0.077	-1.985	-3.960	127.738022	37.884312
1595324800632	1595324800633	-10.187	-1.508	0.010	-0.468	-1.918	-3.689	127.738022	37.884312
1595324800653	1595324800652	-10.055	-2.009	-0.100	-0.487	-1.654	-3.415	127.738022	37.884312
1595324800672	1595324800672	-10.489	-2.279	0.048	-0.082	-1.359	-3.093	127.738022	37.884312
1595324800696	1595324800691	-10.249	-1.922	0.180	0.464	-1.225	-2.727	127.738022	37.884312
1595324800712	1595324800712	-9.411	-1.228	0.118	0.845	-1.175	-2.292	127.738022	37.884312
1595324800732	1595324800729	-8.848	-0.828	0.003	0.918	-1.078	-1.796	127.738022	37.884312
1595324800754	1595324800753	-9.171	-0.926	-0.035	0.769	-0.857	-1.285	127.738022	37.884312
1595324800770	1595324800768	-10.031	-1.359	0.283	0.645	-0.577	-0.788	127.738022	37.884312
1595324800793	1595324800789	-9.784	-1.230	0.547	0.626	-0.451	-0.392	127.738022	37.884312
1595324800810	1595324800808	-8.697	-0.686	0.595	0.523	-0.310	-0.076	127.738022	37.884312
1595324800834	1595324800832	-9.140	-0.665	0.849	0.236	0.076	0.316	127.738022	37.884312
1595324800850	1595324800849	-10.934	-1.259	1.364	-0.043	0.496	0.790	127.738022	37.884312
1595324800871	1595324800871	-10.755	-1.479	1.711	-0.233	0.554	1.200	127.738022	37.884312
1595324800889	1595324800888	-9.344	-1.441	1.845	-0.431	0.622	1.581	127.738022	37.884312
1595324800910	1595324800908	-10.019	-1.896	2.480	-0.624	0.964	2.029	127.738022	37.884312
1595324800930	1595324800927	-11.368	-2.260	2.772	-0.786	1.090	2.396	127.738022	37.884312
1595324800950	1595324800946	-10.728	-1.970	2.497	-0.993	0.955	2.651	127.738022	37.884312
1595324800967	1595324800965	-10.014	-1.891	2.305	-1.274	0.973	2.917	127.738022	37.884312
1595324800988	1595324800985	-10.522	-2.670	2.442	-1.424	1.106	3.176	127.738022	37.884312
1595324801007	1595324801005	-10.982	-3.638	2.906	-1.173	1.147	3.330	127.738022	37.884312
1595324801026	1595324801026	-10.611	-3.915	3.575	-0.572	1.114	3.398	127.738022	37.884312
1595324801047	1595324801046	-9.823	-3.276	3.546	-0.083	1.024	3.432	127.738022	37.884312
1595324801066	1595324801066	-9.389	-2.466	2.715	-0.087	0.951	3.506	127.738022	37.884312
1595324801087	1595324801085	-9.725	-2.138	2.180	-0.479	0.959	3.613	127.738022	37.884312
1595324801109	1595324801108	-10.465	-2.406	2.561	-0.942	0.984	3.671	127.738022	37.884312
1595324801130	1595324801126	-11.219	-3.151	3.170	-1.271	0.946	3.681	127.738022	37.884312
1595324801146	1595324801143	-11.936	-4.203	3.812	-1.361	0.889	3.681	127.738022	37.884312
1595324801165	1595324801163	-12.108	-4.996	4.288	-1.222	0.753	3.670	127.738022	37.884312
1595324801184	1595324801183	-11.739	-5.494	4.284	-0.917	0.608	3.633	127.738022	37.884312
1595324801205	1595324801202	-11.444	-5.817	4.039	-0.524	0.538	3.492	127.738022	37.884312
1595324801226	1595324801223	-11.373	-5.851	4.116	-0.148	0.536	3.228	127.738022	37.884312
1595324801245	1595324801245	-11.306	-5.700	4.360	0.121	0.538	2.859	127.738022	37.884312
1595324801264	1595324801264	-11.145	-5.599	4.253	0.192	0.509	2.402	127.738022	37.884312
1595324801292	1595324801292	-11.557	-5.681	4.097	0.097	0.538	1.825	127.738022	37.884312
1595324801308	1595324801301	-11.988	-5.746	4.612	-0.025	0.549	1.116	127.738022	37.884312
1595324801328	1595324801326	-11.912	-5.741	5.292	-0.092	0.463	0.340	127.738029	37.884327
1595324801346	1595324801343	-12.249	-5.631	5.443	-0.072	0.352	-0.429	127.738029	37.884327
1595324801365	1595324801362	-12.027	-5.413	5.081	-0.031	0.084	-1.112	127.738029	37.884327
1595324801382	1595324801380	-11.186	-5.286	4.116	-0.008	-0.274	-1.731	127.738029	37.884327
1595324801402	1595324801401	-11.150	-4.943	3.088	0.049	-0.520	-2.352	127.738029	37.884327
1595324801422	1595324801419	-11.830	-4.457	2.403	0.201	-0.695	-2.956	127.738029	37.884327
1595324801443	1595324801441	-13.174	-4.102	2.013	0.501	-0.786	-3.521	127.738029	37.884327
1595324801461	1595324801460	-15.232	-3.717	1.996	0.920	-0.790	-4.025	127.738029	37.884327
1595324801483	1595324801478	-16.556	-2.917	2.348	1.148	-0.900	-4.396	127.738029	37.884327
1595324801501	1595324801499	-15.622	-2.148	2.612	0.892	-1.194	-4.602	127.738029	37.884327
1595324801520	1595324801520	-13.701	-1.913	2.442	0.293	-1.413	-4.720	127.738029	37.884327
1595324801542	1595324801542	-12.283	-2.069	2.200	-0.272	-1.391	-4.750	127.738029	37.884327
1595324801558	1595324801556	-11.210	-2.334	1.804	-0.644	-1.255	-4.677	127.738029	37.884327
1595324801577	1595324801576	-10.240	-2.454	1.330	-0.787	-1.081	-4.528	127.738029	37.884327
1595324801598	1595324801596	-9.530	-2.483	0.894	-0.680	-0.843	-4.303	127.738029	37.884327
1595324801618	1595324801615	-9.305	-2.346	0.506	-0.345	-0.589	-4.002	127.738029	37.884327
1595324801638	1595324801636	-9.693	-2.186	0.384	0.187	-0.364	-3.631	127.738029	37.884327
1595324801658	1595324801656	-9.758	-1.441	0.192	0.717	-0.291	-3.211	127.738029	37.884327
1595324801677	1595324801676	-8.867	-0.430	0.060	1.058	-0.371	-2.707	127.738029	37.884327
1595324801697	1595324801696	-8.143	-0.075	0.223	1.052	-0.350	-2.126	127.738029	37.884327
1595324801716	1595324801716	-8.383	-0.567	0.633	0.847	-0.196	-1.475	127.738029	37.884327
1595324801737	1595324801735	-9.353	-1.050	0.944	0.687	-0.010	-0.799	127.738029	37.884327
1595324801754	1595324801754	-10.321	-1.355	1.095	0.654	0.164	-0.151	127.738029	37.884327
1595324801774	1595324801773	-10.395	-1.489	1.088	0.673	0.265	0.394	127.738029	37.884327
1595324801795	1595324801793	-9.753	-1.616	1.210	0.712	0.373	0.791	127.738029	37.884327
1595324801815	1595324801813	-11.095	-2.200	1.886	0.854	0.706	1.190	127.738029	37.884327
1595324801836	1595324801835	-13.644	-2.157	2.085	1.026	0.926	1.606	127.738029	37.884327
1595324801855	1595324801854	-13.093	-0.777	1.538	0.846	0.753	1.932	127.738029	37.884327
1595324801876	1595324801877	-10.728	-0.246	1.730	0.125	0.670	2.239	127.738029	37.884327
1595324801894	1595324801893	-10.994	-1.510	2.652	-0.706	0.914	2.607	127.738029	37.884327
1595324801916	1595324801915	-12.197	-2.653	3.052	-1.165	1.016	2.824	127.738029	37.884327
1595324801932	1595324801932	-11.327	-2.600	2.700	-1.305	0.859	2.877	127.738029	37.884327
1595324801957	1595324801954	-10.290	-2.694	2.628	-1.287	0.886	2.931	127.738029	37.884327
1595324801972	1595324801970	-10.575	-3.678	3.050	-0.975	1.091	2.982	127.738029	37.884327
1595324801992	1595324801990	-10.800	-4.392	3.469	-0.269	1.195	2.934	127.738029	37.884327
1595324802012	1595324802009	-10.161	-3.906	3.486	0.535	1.167	2.832	127.738029	37.884327
1595324802030	1595324802029	-9.459	-2.794	3.098	0.929	1.086	2.794	127.738029	37.884327
1595324802051	1595324802050	-9.188	-2.239	2.578	0.758	0.983	2.853	127.738029	37.884327
1595324802070	1595324802070	-9.437	-2.284	2.355	0.251	0.905	2.918	127.738029	37.884327
1595324802091	1595324802090	-9.887	-2.576	2.549	-0.288	0.833	2.901	127.738029	37.884327
1595324802109	1595324802109	-9.892	-2.909	2.763	-0.672	0.706	2.814	127.738029	37.884327
1595324802129	1595324802129	-9.672	-3.127	2.894	-0.927	0.611	2.687	127.738029	37.884327
1595324802150	1595324802148	-9.799	-3.415	3.081	-1.126	0.572	2.580	127.738029	37.884327
1595324802169	1595324802166	-9.854	-3.642	3.275	-1.310	0.501	2.459	127.738029	37.884327
1595324802189	1595324802186	-9.847	-3.671	3.409	-1.501	0.421	2.316	127.738029	37.884327
1595324802208	1595324802206	-10.122	-3.935	3.536	-1.701	0.358	2.180	127.738029	37.884327
1595324802227	1595324802226	-10.580	-4.713	3.833	-1.806	0.288	2.038	127.738029	37.884327
1595324802248	1595324802247	-11.004	-5.461	4.015	-1.663	0.215	1.847	127.738029	37.884327
1595324802267	1595324802267	-11.629	-6.016	3.977	-1.296	0.198	1.562	127.738029	37.884327
1595324802289	1595324802287	-12.276	-6.275	4.090	-0.894	0.203	1.126	127.738029	37.884327
1595324802306	1595324802304	-12.817	-6.390	4.641	-0.519	0.200	0.557	127.738029	37.884327
1595324802327	1595324802324	-13.838	-6.529	5.405	-0.142	0.175	-0.101	127.738037	37.884342
1595324802351	1595324802351	-14.087	-6.033	5.378	0.134	-0.032	-0.794	127.738037	37.884342
1595324802369	1595324802369	-12.590	-4.847	4.317	0.166	-0.386	-1.518	127.738037	37.884342
1595324802386	1595324802383	-11.009	-3.877	3.282	0.071	-0.629	-2.280	127.738037	37.884342
1595324802406	1595324802404	-11.409	-3.700	2.806	0.087	-0.657	-3.070	127.738037	37.884342
1595324802425	1595324802423	-13.030	-3.743	2.645	0.320	-0.633	-3.787	127.738037	37.884342
1595324802446	1595324802446	-14.175	-3.647	2.374	0.667	-0.709	-4.321	127.738037	37.884342
1595324802470	1595324802469	-14.801	-3.530	1.970	0.970	-0.776	-4.627	127.738037	37.884342
1595324802485	1595324802485	-14.635	-3.194	1.704	1.157	-0.854	-4.728	127.738037	37.884342
1595324802507	1595324802506	-13.521	-2.689	1.756	1.209	-0.958	-4.718	127.738037	37.884342
1595324802525	1595324802524	-12.261	-2.140	2.027	1.138	-1.051	-4.621	127.738037	37.884342
1595324802545	1595324802544	-11.224	-1.798	1.809	0.881	-1.146	-4.432	127.738037	37.884342
1595324802566	1595324802566	-10.364	-1.690	1.287	0.401	-1.196	-4.180	127.738037	37.884342
1595324802585	1595324802582	-9.514	-1.764	0.781	-0.104	-1.156	-3.908	127.738037	37.884342
1595324802604	1595324802601	-8.733	-1.853	0.415	-0.423	-1.031	-3.615	127.738037	37.884342
1595324802623	1595324802621	-8.462	-1.884	0.314	-0.472	-0.832	-3.257	127.738037	37.884342
1595324802643	1595324802641	-8.505	-1.882	0.305	-0.313	-0.656	-2.864	127.738037	37.884342
1595324802663	1595324802661	-7.971	-1.700	0.168	-0.090	-0.625	-2.491	127.738037	37.884342
1595324802682	1595324802682	-7.377	-1.474	-0.019	0.040	-0.574	-2.100	127.738037	37.884342
1595324802702	1595324802702	-7.717	-1.601	0.132	0.027	-0.376	-1.621	127.738037	37.884342
1595324802721	1595324802720	-8.824	-2.128	0.621	0.016	-0.137	-1.072	127.738037	37.884342
1595324802742	1595324802740	-9.461	-2.461	0.901	0.153	0.000	-0.524	127.738037	37.884342
1595324802765	1595324802759	-9.066	-2.318	0.884	0.338	0.067	0.009	127.738037	37.884342
1595324802780	1595324802777	-8.977	-2.382	1.107	0.446	0.273	0.556	127.738037	37.884342
1595324802801	1595324802797	-10.961	-3.034	1.855	0.610	0.659	1.147	127.738037	37.884342
1595324802820	1595324802816	-13.210	-3.221	2.171	0.903	0.813	1.703	127.738037	37.884342
1595324802839	1595324802836	-12.343	-2.169	1.670	0.950	0.663	2.087	127.738037	37.884342
1595324802857	1595324802857	-10.180	-1.431	1.838	0.508	0.658	2.406	127.738037	37.884342
1595324802878	1595324802878	-10.525	-2.042	2.648	-0.057	0.929	2.753	127.738037	37.884342
1595324802899	1595324802897	-11.739	-2.802	2.945	-0.370	1.060	2.951	127.738037	37.884342
1595324802918	1595324802918	-11.322	-2.591	2.674	-0.541	0.962	2.990	127.738037	37.884342
1595324802937	1595324802937	-10.953	-2.449	2.624	-0.657	0.984	3.073	127.738037	37.884342
1595324802957	1595324802957	-11.320	-3.178	2.918	-0.571	1.078	3.175	127.738037	37.884342
1595324802977	1595324802977	-10.975	-3.743	3.093	-0.224	1.059	3.176	127.738037	37.884342
1595324802997	1595324802997	-10.206	-3.525	3.004	0.207	1.061	3.139	127.738037	37.884342
1595324803020	1595324803014	-9.748	-2.895	2.844	0.397	1.068	3.126	127.738037	37.884342
1595324803036	1595324803033	-9.679	-2.588	2.518	0.234	1.027	3.143	127.738037	37.884342
1595324803054	1595324803053	-9.890	-2.660	2.449	-0.071	1.000	3.151	127.738037	37.884342
1595324803074	1595324803072	-9.916	-2.749	2.705	-0.388	0.942	3.104	127.738037	37.884342
1595324803095	1595324803094	-9.816	-3.099	2.911	-0.688	0.859	3.028	127.738037	37.884342
1595324803114	1595324803114	-9.919	-3.638	2.885	-0.862	0.793	2.947	127.738037	37.884342
1595324803134	1595324803134	-10.340	-4.021	2.763	-0.823	0.757	2.866	127.738037	37.884342
1595324803154	1595324803154	-11.112	-4.488	2.966	-0.622	0.748	2.778	127.738037	37.884342
1595324803173	1595324803172	-11.686	-5.094	3.381	-0.337	0.696	2.638	127.738037	37.884342
1595324803194	1595324803191	-11.710	-5.413	3.821	0.002	0.619	2.427	127.738037	37.884342
1595324803213	1595324803211	-11.291	-5.159	4.152	0.238	0.551	2.131	127.738037	37.884342
1595324803232	1595324803230	-10.965	-4.672	4.312	0.209	0.490	1.743	127.738037	37.884342
1595324803252	1595324803250	-10.743	-4.184	4.437	-0.086	0.422	1.258	127.738037	37.884342
1595324803272	1595324803270	-10.537	-3.856	4.746	-0.492	0.340	0.681	127.738037	37.884342
1595324803295	1595324803293	-11.138	-4.078	5.285	-0.845	0.263	0.041	127.738037	37.884342
1595324803312	1595324803311	-12.688	-4.854	5.824	-0.973	0.138	-0.606	127.738037	37.884342
1595324803334	1595324803333	-12.918	-5.319	5.628	-0.856	-0.212	-1.205	127.738052	37.884354
1595324803352	1595324803352	-11.507	-5.310	4.269	-0.550	-0.661	-1.735	127.738052	37.884354
1595324803376	1595324803374	-11.102	-4.996	2.844	-0.105	-0.867	-2.281	127.738052	37.884354
1595324803393	1595324803391	-11.880	-4.447	2.128	0.468	-0.916	-2.850	127.738052	37.884354
1595324803411	1595324803409	-12.946	-3.983	1.668	1.136	-0.936	-3.339	127.738052	37.884354
1595324803429	1595324803427	-14.434	-3.688	1.349	1.790	-0.910	-3.669	127.738052	37.884354
1595324803451	1595324803447	-15.270	-3.288	1.340	2.248	-0.986	-3.791	127.738052	37.884354
1595324803468	1595324803466	-14.197	-2.627	1.471	2.303	-1.245	-3.810	127.738052	37.884354
1595324803490	1595324803488	-12.290	-2.131	1.409	2.022	-1.467	-3.784	127.738052	37.884354
1595324803508	1595324803508	-11.083	-1.740	1.232	1.647	-1.521	-3.695	127.738052	37.884354
1595324803528	1595324803528	-10.498	-1.412	1.011	1.142	-1.526	-3.579	127.738052	37.884354
1595324803549	1595324803547	-9.715	-1.331	0.585	0.435	-1.560	-3.427	127.738052	37.884354
1595324803567	1595324803567	-8.989	-1.645	0.307	-0.270	-1.511	-3.213	127.738052	37.884354
1595324803588	1595324803588	-8.762	-2.282	0.149	-0.713	-1.357	-2.958	127.738052	37.884354
1595324803608	1595324803605	-8.936	-2.804	0.060	-0.763	-1.180	-2.685	127.738052	37.884354
1595324803626	1595324803624	-9.231	-3.106	0.056	-0.510	-1.050	-2.401	127.738052	37.884354
1595324803646	1595324803644	-9.425	-3.087	0.032	-0.142	-0.965	-2.133	127.738052	37.884354
1595324803665	1595324803664	-9.748	-2.852	-0.011	0.176	-0.857	-1.846	127.738052	37.884354
1595324803686	1595324803685	-10.275	-2.562	0.120	0.343	-0.724	-1.501	127.738052	37.884354
1595324803705	1595324803705	-10.745	-2.198	0.350	0.300	-0.624	-1.123	127.738052	37.884354
1595324803725	1595324803725	-11.215	-1.968	0.525	0.061	-0.499	-0.730	127.738052	37.884354
1595324803745	1595324803745	-11.310	-2.042	0.657	-0.284	-0.335	-0.375	127.738052	37.884354
1595324803765	1595324803765	-10.656	-2.253	0.820	-0.540	-0.160	-0.090	127.738052	37.884354
1595324803788	1595324803785	-10.750	-2.188	1.158	-0.507	0.152	0.187	127.738052	37.884354
1595324803814	1595324803809	-11.782	-1.774	1.323	-0.273	0.539	0.510	127.738052	37.884354
1595324803826	1595324803823	-10.767	-1.209	1.201	-0.107	0.664	0.823	127.738052	37.884354
1595324803845	1595324803842	-8.841	-1.192	1.397	-0.082	0.779	1.178	127.738052	37.884354
1595324803864	1595324803863	-9.030	-1.975	2.216	0.043	1.139	1.593	127.738052	37.884354
1595324803884	1595324803882	-10.113	-2.387	2.652	0.337	1.321	1.897	127.738052	37.884354
1595324803904	1595324803902	-9.696	-1.898	2.509	0.512	1.212	2.062	127.738052	37.884354
1595324803924	1595324803922	-9.296	-1.635	2.592	0.421	1.247	2.243	127.738052	37.884354
1595324803945	1595324803943	-9.871	-2.102	3.033	0.268	1.368	2.415	127.738052	37.884354
1595324803962	1595324803962	-10.031	-2.361	3.215	0.225	1.319	2.502	127.738052	37.884354
1595324803982	1595324803982	-9.296	-2.066	3.139	0.179	1.203	2.560	127.738052	37.884354
1595324804001	1595324804001	-8.603	-1.815	3.057	-0.075	1.125	2.660	127.738052	37.884354
1595324804021	1595324804018	-8.481	-2.212	3.031	-0.515	1.063	2.822	127.738052	37.884354
1595324804041	1595324804038	-8.783	-3.506	3.203	-0.632	0.991	2.928	127.738052	37.884354
1595324804060	1595324804057	-9.238	-3.983	3.230	-0.354	0.983	2.984	127.738052	37.884354
1595324804080	1595324804077	-9.859	-4.042	3.900	0.272	1.039	2.973	127.738052	37.884354
1595324804100	1595324804098	-10.192	-3.635	4.267	0.473	0.991	2.957	127.738052	37.884354
1595324804120	1595324804118	-10.338	-4.208	4.432	0.545	0.915	2.923	127.738052	37.884354
1595324804138	1595324804138	-10.618	-4.581	4.621	0.733	0.860	2.842	127.738052	37.884354
1595324804158	1595324804158	-10.831	-4.531	4.976	1.018	0.819	2.691	127.738052	37.884354
1595324804178	1595324804178	-10.963	-4.155	5.323	1.125	0.733	2.473	127.738052	37.884354
1595324804197	1595324804196	-11.447	-3.985	5.534	0.967	0.609	2.220	127.738052	37.884354
1595324804217	1595324804215	-12.034	-4.026	5.505	0.641	0.425	1.884	127.738052	37.884354
1595324804237	1595324804235	-12.501	-3.942	5.292	0.297	0.243	1.422	127.738052	37.884354
1595324804256	1595324804254	-12.594	-3.676	5.230	-0.071	0.092	0.854	127.738052	37.884354
1595324804276	1595324804274	-12.094	-3.647	5.350	-0.489	-0.081	0.207	127.738052	37.884354
1595324804296	1595324804293	-11.857	-3.951	5.472	-0.759	-0.207	-0.438	127.738052	37.884354
1595324804314	1595324804312	-11.353	-4.399	5.486	-0.759	-0.389	-1.014	127.738052	37.884354
1595324804336	1595324804334	-10.628	-4.957	4.849	-0.562	-0.682	-1.493	127.738052	37.884354
1595324804353	1595324804352	-11.150	-5.731	3.764	-0.064	-0.931	-1.887	127.738052	37.884354
1595324804376	1595324804376	-12.494	-5.626	2.760	0.660	-1.132	-2.316	127.738060	37.884373
1595324804394	1595324804392	-13.651	-4.380	1.864	1.302	-1.330	-2.764	127.738060	37.884373
1595324804416	1595324804415	-14.882	-3.338	1.256	1.662	-1.485	-3.149	127.738060	37.884373
1595324804436	1595324804434	-15.970	-2.761	1.213	1.809	-1.595	-3.433	127.738060	37.884373
1595324804455	1595324804453	-15.349	-1.949	1.692	1.733	-1.759	-3.611	127.738060	37.884373
1595324804473	1595324804471	-13.598	-1.367	2.140	1.281	-1.943	-3.734	127.738060	37.884373
1595324804495	1595324804493	-12.333	-1.355	2.200	0.460	-2.015	-3.863	127.738060	37.884373
1595324804511	1595324804510	-11.315	-1.537	1.840	-0.548	-2.000	-4.002	127.738060	37.884373
1595324804533	1595324804531	-10.153	-1.812	1.404	-1.433	-1.885	-4.109	127.738060	37.884373
1595324804552	1595324804550	-9.255	-2.148	0.942	-2.013	-1.637	-4.154	127.738060	37.884373
1595324804572	1595324804569	-8.857	-2.521	0.441	-2.200	-1.293	-4.079	127.738060	37.884373
1595324804591	1595324804588	-9.006	-2.861	0.262	-1.947	-0.919	-3.896	127.738060	37.884373
1595324804615	1595324804610	-9.365	-3.024	0.369	-1.291	-0.619	-3.641	127.738060	37.884373
1595324804632	1595324804632	-9.643	-2.742	0.422	-0.378	-0.452	-3.311	127.738060	37.884373
1595324804652	1595324804648	-9.756	-1.858	0.367	0.483	-0.389	-2.856	127.738060	37.884373
1595324804671	1595324804668	-9.542	-1.029	0.458	0.979	-0.397	-2.294	127.738060	37.884373
1595324804690	1595324804687	-9.463	-0.729	0.944	0.971	-0.367	-1.693	127.738060	37.884373
1595324804709	1595324804707	-10.024	-0.686	1.622	0.713	-0.200	-1.052	127.738060	37.884373
1595324804728	1595324804728	-10.177	-0.396	2.130	0.517	-0.039	-0.397	127.738060	37.884373
1595324804749	1595324804749	-9.150	0.008	2.192	0.353	0.060	0.149	127.738060	37.884373
1595324804768	1595324804768	-9.008	-0.229	2.473	0.162	0.396	0.637	127.738060	37.884373
1595324804792	1595324804791	-11.425	-1.003	2.542	0.106	0.893	1.224	127.738060	37.884373
1595324804808	1595324804808	-12.372	-1.230	2.427	0.097	0.998	1.750	127.738060	37.884373
1595324804842	1595324804832	-10.719	-1.096	2.264	0.013	0.900	2.137	127.738060	37.884373
1595324804848	1595324804845	-10.896	-1.656	2.755	-0.115	1.178	2.645	127.738060	37.884373
1595324804869	1595324804865	-12.046	-2.203	3.275	-0.179	1.295	3.103	127.738060	37.884373
1595324804889	1595324804886	-11.821	-2.071	2.918	-0.377	1.151	3.367	127.738060	37.884373
1595324804906	1595324804904	-11.421	-2.040	2.683	-0.730	1.115	3.594	127.738060	37.884373
1595324804926	1595324804926	-11.902	-2.651	2.983	-0.954	1.164	3.798	127.738060	37.884373
1595324804949	1595324804948	-12.233	-3.676	3.467	-0.812	1.139	3.887	127.738060	37.884373
1595324804965	1595324804965	-11.418	-4.057	3.555	-0.348	1.022	3.822	127.738060	37.884373
1595324804986	1595324804986	-10.249	-3.384	3.213	0.066	0.927	3.704	127.738060	37.884373
1595324805005	1595324805005	-9.693	-2.641	2.442	0.103	0.859	3.648	127.738060	37.884373
1595324805027	1595324805027	-9.943	-2.476	1.788	-0.158	0.839	3.626	127.738060	37.884373
1595324805045	1595324805043	-10.613	-2.586	1.965	-0.491	0.860	3.564	127.738060	37.884373
1595324805065	1595324805063	-11.219	-2.919	2.667	-0.814	0.824	3.463	127.738060	37.884373
1595324805085	1595324805083	-11.612	-3.405	3.141	-1.142	0.737	3.347	127.738060	37.884373
1595324805105	1595324805103	-11.873	-3.951	3.302	-1.450	0.642	3.257	127.738060	37.884373
1595324805123	1595324805122	-11.806	-4.538	3.366	-1.697	0.523	3.176	127.738060	37.884373
1595324805145	1595324805144	-11.155	-5.137	3.366	-1.752	0.377	3.055	127.738060	37.884373
1595324805164	1595324805163	-10.568	-5.540	3.452	-1.534	0.323	2.852	127.738060	37.884373
1595324805184	1595324805184	-10.601	-5.753	3.702	-1.152	0.359	2.561	127.738060	37.884373
1595324805204	1595324805203	-11.114	-6.184	4.176	-0.753	0.394	2.178	127.738060	37.884373
1595324805223	1595324805223	-11.533	-6.668	4.399	-0.428	0.368	1.666	127.738060	37.884373
1595324805243	1595324805242	-11.677	-6.888	4.401	-0.153	0.332	1.005	127.738060	37.884373
1595324805263	1595324805260	-11.708	-6.584	4.648	0.081	0.359	0.217	127.738060	37.884373
1595324805282	1595324805280	-11.962	-5.829	5.513	0.222	0.386	-0.637	127.738060	37.884373
1595324805303	1595324805301	-12.352	-5.080	6.258	0.247	0.299	-1.425	127.738060	37.884373
1595324805323	1595324805323	-11.703	-4.658	6.040	0.054	-0.018	-2.074	127.738075	37.884384
1595324805343	1595324805337	-10.925	-4.902	4.770	-0.165	-0.407	-2.622	127.738075	37.884384
1595324805361	1595324805357	-11.488	-5.271	3.572	-0.061	-0.613	-3.151	127.738075	37.884384
1595324805380	1595324805377	-13.143	-5.226	2.710	0.372	-0.709	-3.704	127.738075	37.884384
1595324805400	1595324805396	-15.459	-4.984	2.197	1.069	-0.728	-4.259	127.738075	37.884384
1595324805419	1595324805416	-17.340	-4.157	2.056	1.883	-0.795	-4.691	127.738075	37.884384
1595324805439	1595324805438	-17.754	-2.873	2.219	2.411	-1.012	-4.927	127.738075	37.884384
1595324805458	1595324805458	-16.585	-1.851	2.415	2.365	-1.328	-4.977	127.738075	37.884384
1595324805478	1595324805477	-15.004	-1.515	2.552	1.855	-1.573	-4.915	127.738075	37.884384
1595324805497	1595324805495	-13.490	-1.688	2.463	1.136	-1.725	-4.803	127.738075	37.884384
1595324805516	1595324805515	-12.031	-1.879	2.015	0.395	-1.795	-4.672	127.738075	37.884384
1595324805537	1595324805534	-10.843	-1.927	1.294	-0.260	-1.745	-4.517	127.738075	37.884384
1595324805556	1595324805555	-10.031	-1.898	0.712	-0.749	-1.580	-4.321	127.738075	37.884384
1595324805576	1595324805576	-9.657	-2.085	0.722	-0.906	-1.331	-4.072	127.738075	37.884384
1595324805596	1595324805594	-9.463	-2.346	0.887	-0.710	-1.140	-3.802	127.738075	37.884384
1595324805615	1595324805613	-9.123	-2.342	0.726	-0.313	-1.045	-3.503	127.738075	37.884384
1595324805635	1595324805633	-8.651	-2.018	0.508	0.077	-0.971	-3.150	127.738075	37.884384
1595324805655	1595324805655	-8.148	-1.417	0.484	0.302	-0.897	-2.739	127.738075	37.884384
1595324805676	1595324805675	-7.643	-0.938	0.578	0.323	-0.790	-2.274	127.738075	37.884384
1595324805694	1595324805692	-7.403	-0.883	0.657	0.198	-0.604	-1.754	127.738075	37.884384
1595324805713	1595324805711	-7.664	-1.335	0.928	0.021	-0.320	-1.165	127.738075	37.884384
1595324805732	1595324805731	-8.067	-1.942	1.435	-0.051	-0.045	-0.545	127.738075	37.884384
1595324805753	1595324805753	-8.249	-2.294	1.977	0.037	0.206	0.070	127.738075	37.884384
1595324805772	1595324805773	-8.405	-2.287	2.334	0.173	0.466	0.660	127.738075	37.884384
1595324805795	1595324805795	-9.636	-2.181	1.948	0.229	0.831	1.310	127.738075	37.884384
1595324805812	1595324805812	-11.746	-2.334	1.534	0.212	1.255	2.065	127.738075	37.884384
1595324805838	1595324805834	-12.034	-2.298	1.632	0.113	1.418	2.738	127.738075	37.884384
1595324805854	1595324805854	-10.709	-2.382	2.315	-0.039	1.481	3.319	127.738075	37.884384
1595324805876	1595324805873	-10.779	-2.962	2.995	-0.110	1.678	3.867	127.738075	37.884384
1595324805892	1595324805889	-11.425	-3.199	3.024	-0.103	1.718	4.208	127.738075	37.884384
1595324805915	1595324805912	-11.804	-2.775	2.743	-0.144	1.658	4.392	127.738075	37.884384
1595324805930	1595324805928	-12.534	-2.670	2.794	-0.187	1.657	4.539	127.738075	37.884384
1595324805953	1595324805951	-13.311	-3.139	2.990	-0.094	1.617	4.597	127.738075	37.884384
1595324805970	1595324805968	-13.241	-3.503	3.167	0.146	1.535	4.522	127.738075	37.884384
1595324805991	1595324805989	-12.336	-3.266	3.213	0.383	1.454	4.365	127.738075	37.884384
1595324806009	1595324806009	-11.962	-2.766	3.100	0.415	1.416	4.213	127.738075	37.884384
1595324806028	1595324806027	-12.309	-2.368	2.995	0.117	1.366	4.072	127.738075	37.884384
1595324806053	1595324806052	-12.901	-1.977	3.009	-0.555	1.258	3.881	127.738075	37.884384
1595324806068	1595324806068	-13.054	-2.045	3.086	-1.525	1.069	3.628	127.738075	37.884384
1595324806088	1595324806086	-12.484	-2.773	2.798	-2.400	0.826	3.349	127.738075	37.884384
1595324806110	1595324806110	-12.154	-3.508	2.686	-2.789	0.700	3.104	127.738075	37.884384
1595324806128	1595324806125	-12.089	-4.145	2.930	-2.849	0.610	2.912	127.738075	37.884384
1595324806147	1595324806145	-11.694	-5.068	3.014	-2.777	0.428	2.742	127.738075	37.884384
1595324806167	1595324806166	-11.030	-5.997	2.983	-2.424	0.250	2.592	127.738075	37.884384
1595324806187	1595324806187	-10.594	-6.529	3.141	-1.724	0.184	2.421	127.738075	37.884384
1595324806206	1595324806206	-10.386	-6.548	3.388	-0.885	0.193	2.197	127.738075	37.884384
1595324806226	1595324806226	-10.395	-6.105	3.570	-0.285	0.216	1.901	127.738075	37.884384
1595324806246	1595324806245	-10.704	-5.738	3.613	-0.074	0.231	1.534	127.738075	37.884384
1595324806265	1595324806265	-11.135	-5.789	3.824	-0.130	0.249	1.052	127.738075	37.884384
1595324806294	1595324806294	-11.703	-6.076	4.705	-0.213	0.285	0.392	127.738075	37.884384
1595324806304	1595324806302	-12.558	-6.285	5.867	-0.120	0.268	-0.388	127.738075	37.884384
1595324806326	1595324806324	-12.412	-5.849	5.944	0.058	0.073	-1.181	127.738083	37.884392
1595324806348	1595324806346	-11.155	-5.147	4.801	0.222	-0.267	-1.944	127.738083	37.884392
1595324806367	1595324806366	-10.989	-4.761	3.361	0.439	-0.483	-2.707	127.738083	37.884392
1595324806384	1595324806383	-12.132	-4.500	2.307	0.697	-0.598	-3.419	127.738083	37.884392
1595324806406	1595324806403	-13.871	-4.471	1.761	1.088	-0.705	-4.040	127.738083	37.884392
1595324806424	1595324806422	-15.459	-4.325	1.481	1.765	-0.818	-4.533	127.738083	37.884392
1595324806446	1595324806446	-16.511	-3.537	1.524	2.561	-0.946	-4.826	127.738083	37.884392
1595324806465	1595324806464	-16.700	-2.648	2.061	3.049	-1.147	-4.900	127.738083	37.884392
1595324806486	1595324806482	-15.850	-2.076	2.712	2.990	-1.477	-4.841	127.738083	37.884392
1595324806503	1595324806501	-14.523	-1.738	2.966	2.442	-1.784	-4.752	127.738083	37.884392
1595324806523	1595324806520	-13.349	-1.683	2.715	1.601	-1.995	-4.666	127.738083	37.884392
1595324806542	1595324806540	-12.467	-1.831	1.948	0.632	-2.071	-4.550	127.738083	37.884392
1595324806562	1595324806560	-11.765	-1.946	1.038	-0.269	-2.002	-4.397	127.738083	37.884392
1595324806582	1595324806580	-11.262	-2.069	0.425	-0.880	-1.816	-4.206	127.738083	37.884392
1595324806602	1595324806600	-10.917	-2.373	0.051	-1.083	-1.589	-3.960	127.738083	37.884392
1595324806621	1595324806619	-10.585	-2.711	-0.158	-0.936	-1.382	-3.702	127.738083	37.884392
1595324806641	1595324806639	-10.103	-2.761	-0.213	-0.539	-1.214	-3.476	127.738083	37.884392
1595324806660	1595324806659	-9.451	-2.301	-0.129	-0.090	-1.089	-3.234	127.738083	37.884392
1595324806683	1595324806678	-8.685	-1.355	-0.146	0.195	-0.990	-2.908	127.738083	37.884392
1595324806700	1595324806698	-8.014	-0.327	-0.234	0.216	-0.835	-2.448	127.738083	37.884392
1595324806718	1595324806716	-7.748	-0.016	-0.033	0.051	-0.557	-1.855	127.738083	37.884392
1595324806738	1595324806736	-7.799	-0.914	0.468	-0.107	-0.215	-1.224	127.738083	37.884392
