1595324865842	1595324865839	-7.870	-2.538	0.671	0.954	-0.242	-2.059	127.738342	37.884998
1595324865860	1595324865859	-7.949	-1.939	0.741	1.135	-0.169	-1.644	127.738342	37.884998
1595324865880	1595324865878	-8.369	-1.637	0.971	1.058	-0.052	-1.152	127.738342	37.884998
1595324865900	1595324865897	-8.939	-1.824	1.337	0.879	0.096	-0.640	127.738342	37.884998
1595324865920	1595324865916	-9.435	-2.205	1.706	0.714	0.254	-0.157	127.738342	37.884998
1595324865939	1595324865936	-9.619	-2.452	2.015	0.623	0.411	0.282	127.738342	37.884998
1595324865960	1595324865956	-9.902	-2.358	2.044	0.606	0.608	0.682	127.738342	37.884998
1595324865979	1595324865975	-11.020	-2.162	1.730	0.613	0.893	1.109	127.738342	37.884998
1595324865999	1595324865996	-12.621	-2.152	1.658	0.585	1.196	1.570	127.738342	37.884998
1595324866021	1595324866018	-12.623	-2.193	1.970	0.478	1.287	1.975	127.738342	37.884998
1595324866041	1595324866038	-11.385	-2.413	2.073	0.312	1.309	2.371	127.738342	37.884998
1595324866061	1595324866059	-10.767	-2.730	2.470	0.230	1.449	2.752	127.738342	37.884998
1595324866076	1595324866074	-10.611	-2.897	2.942	0.253	1.483	3.002	127.738342	37.884998
1595324866101	1595324866096	-10.733	-2.907	3.038	0.253	1.424	3.155	127.738342	37.884998
1595324866116	1595324866113	-10.920	-2.675	2.715	0.172	1.340	3.242	127.738342	37.884998
1595324866141	1595324866138	-10.951	-2.339	2.403	0.026	1.246	3.259	127.738342	37.884998
1595324866154	1595324866153	-11.138	-2.318	2.283	-0.149	1.199	3.233	127.738342	37.884998
1595324866176	1595324866173	-11.413	-2.512	2.451	-0.253	1.191	3.160	127.738342	37.884998
1595324866195	1595324866193	-11.219	-2.634	2.854	-0.291	1.147	3.037	127.738342	37.884998
1595324866214	1595324866212	-10.549	-2.751	3.129	-0.387	1.059	2.914	127.738342	37.884998
1595324866234	1595324866232	-10.026	-2.938	3.131	-0.577	0.982	2.827	127.738342	37.884998
1595324866253	1595324866252	-9.782	-2.883	3.191	-0.840	0.904	2.728	127.738342	37.884998
1595324866274	1595324866272	-9.420	-2.675	3.213	-1.192	0.784	2.594	127.738342	37.884998
1595324866293	1595324866290	-9.353	-2.900	3.103	-1.579	0.692	2.456	127.738342	37.884998
1595324866313	1595324866310	-9.840	-3.580	3.052	-1.777	0.648	2.334	127.738342	37.884998
1595324866340	1595324866340	-10.510	-4.347	3.359	-1.611	0.619	2.208	127.738350	37.885014
1595324866352	1595324866352	-10.755	-4.965	3.958	-1.170	0.567	2.037	127.738350	37.885014
1595324866371	1595324866370	-10.206	-5.233	4.197	-0.623	0.482	1.837	127.738350	37.885014
1595324866392	1595324866391	-9.689	-5.130	4.542	-0.081	0.467	1.601	127.738350	37.885014
1595324866411	1595324866409	-9.497	-4.819	5.120	0.351	0.441	1.311	127.738350	37.885014
1595324866431	1595324866428	-9.562	-4.569	5.398	0.622	0.354	1.006	127.738350	37.885014
1595324866450	1595324866448	-10.017	-4.193	5.216	0.714	0.234	0.681	127.738350	37.885014
1595324866469	1595324866468	-10.977	-3.741	4.741	0.602	0.090	0.324	127.738350	37.885014
1595324866491	1595324866488	-12.410	-3.460	4.533	0.363	-0.038	-0.090	127.738350	37.885014
1595324866510	1595324866508	-13.687	-3.290	4.748	0.060	-0.201	-0.547	127.738350	37.885014
1595324866530	1595324866527	-14.307	-3.362	5.426	-0.266	-0.420	-1.036	127.738350	37.885014
1595324866550	1595324866548	-13.533	-3.714	5.759	-0.518	-0.726	-1.503	127.738350	37.885014
1595324866568	1595324866566	-11.960	-4.270	5.175	-0.558	-1.014	-1.916	127.738350	37.885014
1595324866592	1595324866589	-11.179	-4.543	4.138	-0.316	-1.203	-2.355	127.738350	37.885014
1595324866612	1595324866609	-11.641	-4.335	3.000	0.119	-1.298	-2.785	127.738350	37.885014
1595324866632	1595324866628	-13.064	-4.129	2.137	0.692	-1.337	-3.161	127.738350	37.885014
1595324866647	1595324866646	-14.635	-3.853	1.562	1.402	-1.377	-3.431	127.738350	37.885014
1595324866667	1595324866665	-15.855	-3.218	1.517	2.007	-1.428	-3.561	127.738350	37.885014
1595324866688	1595324866685	-15.706	-2.476	1.879	2.154	-1.624	-3.568	127.738350	37.885014
1595324866707	1595324866706	-14.448	-2.001	2.152	1.810	-1.859	-3.523	127.738350	37.885014
1595324866727	1595324866726	-13.145	-1.726	2.281	1.118	-1.989	-3.511	127.738350	37.885014
1595324866746	1595324866746	-11.854	-1.656	2.212	0.300	-2.038	-3.561	127.738350	37.885014
1595324866766	1595324866766	-10.618	-1.676	1.785	-0.459	-1.967	-3.649	127.738350	37.885014
1595324866789	1595324866788	-9.571	-1.855	1.287	-0.995	-1.756	-3.703	127.738350	37.885014
1595324866811	1595324866803	-8.733	-2.251	0.913	-1.223	-1.463	-3.680	127.738350	37.885014
1595324866824	1595324866822	-8.282	-2.873	0.698	-1.041	-1.118	-3.572	127.738350	37.885014
1595324866845	1595324866843	-8.318	-3.472	0.530	-0.459	-0.763	-3.384	127.738350	37.885014
1595324866864	1595324866862	-8.335	-3.674	0.389	0.377	-0.510	-3.181	127.738350	37.885014
1595324866885	1595324866883	-8.048	-3.264	0.391	1.216	-0.362	-2.972	127.738350	37.885014
1595324866905	1595324866902	-7.614	-2.390	0.547	1.823	-0.269	-2.729	127.738350	37.885014
1595324866924	1595324866924	-7.262	-1.465	0.896	2.075	-0.216	-2.401	127.738350	37.885014
1595324866944	1595324866944	-6.910	-0.847	0.906	2.041	-0.186	-1.951	127.738350	37.885014
1595324866969	1595324866967	-6.704	-0.394	0.834	1.814	-0.040	-1.403	127.738350	37.885014
1595324866984	1595324866984	-6.788	-0.329	1.074	1.455	0.254	-0.806	127.738350	37.885014
1595324867016	1595324867010	-7.307	-0.763	1.699	1.041	0.610	-0.184	127.738350	37.885014
1595324867024	1595324867022	-8.165	-1.271	2.307	0.644	0.951	0.426	127.738350	37.885014
1595324867048	1595324867045	-8.888	-1.424	2.446	0.304	1.195	0.959	127.738350	37.885014
1595324867062	1595324867061	-9.859	-1.278	2.030	-0.011	1.455	1.451	127.738350	37.885014
1595324867085	1595324867083	-11.653	-1.161	1.797	-0.401	1.800	1.973	127.738350	37.885014
1595324867102	1595324867100	-12.740	-1.206	1.891	-0.961	1.942	2.478	127.738350	37.885014
1595324867125	1595324867125	-12.060	-1.652	2.221	-1.567	1.856	2.943	127.738350	37.885014
1595324867142	1595324867142	-11.550	-2.603	2.746	-1.900	1.823	3.431	127.738350	37.885014
1595324867164	1595324867162	-12.714	-3.762	3.187	-1.775	1.830	3.859	127.738350	37.885014
1595324867181	1595324867181	-13.725	-3.961	3.165	-1.365	1.662	4.051	127.738350	37.885014
1595324867200	1595324867200	-13.651	-3.204	2.703	-1.033	1.458	4.058	127.738350	37.885014
1595324867221	1595324867218	-13.366	-2.706	2.238	-0.975	1.380	3.960	127.738350	37.885014
1595324867240	1595324867236	-13.152	-2.761	2.408	-1.030	1.375	3.756	127.738350	37.885014
1595324867259	1595324867256	-12.551	-2.926	3.419	-0.991	1.402	3.451	127.738350	37.885014
1595324867279	1595324867276	-11.423	-2.955	4.358	-0.900	1.399	3.098	127.738350	37.885014
1595324867298	1595324867295	-10.338	-3.000	4.389	-0.896	1.336	2.789	127.738350	37.885014
1595324867324	1595324867316	-9.890	-3.142	3.682	-0.982	1.219	2.531	127.738350	37.885029
1595324867338	1595324867335	-10.043	-2.974	3.031	-1.111	1.122	2.278	127.738350	37.885029
1595324867356	1595324867355	-10.201	-2.679	2.786	-1.304	1.018	2.044	127.738350	37.885029
1595324867377	1595324867375	-10.192	-3.012	2.612	-1.431	0.893	1.886	127.738350	37.885029
1595324867397	1595324867397	-10.357	-3.697	2.657	-1.329	0.839	1.783	127.738350	37.885029
1595324867416	1595324867415	-10.484	-4.083	2.935	-1.056	0.810	1.728	127.738350	37.885029
1595324867436	1595324867434	-10.503	-4.354	3.409	-0.760	0.773	1.719	127.738350	37.885029
1595324867455	1595324867453	-10.275	-4.584	3.783	-0.542	0.714	1.694	127.738350	37.885029
1595324867475	1595324867473	-9.753	-4.615	4.054	-0.391	0.639	1.644	127.738350	37.885029
1595324867496	1595324867493	-9.353	-4.486	4.317	-0.244	0.590	1.566	127.738350	37.885029
1595324867514	1595324867514	-9.320	-4.454	4.571	-0.092	0.545	1.424	127.738350	37.885029
1595324867534	1595324867534	-9.681	-4.565	4.732	0.013	0.457	1.194	127.738350	37.885029
1595324867553	1595324867553	-10.379	-4.579	4.621	0.095	0.335	0.883	127.738350	37.885029
1595324867574	1595324867574	-11.490	-4.462	4.569	0.168	0.215	0.490	127.738350	37.885029
1595324867593	1595324867593	-13.164	-4.344	4.875	0.171	0.089	0.010	127.738350	37.885029
1595324867618	1595324867611	-15.354	-4.260	5.661	0.132	-0.076	-0.541	127.738350	37.885029
1595324867634	1595324867631	-15.416	-3.832	5.867	-0.024	-0.476	-1.113	127.738350	37.885029
1595324867652	1595324867650	-12.743	-3.424	4.873	-0.325	-0.998	-1.719	127.738350	37.885029
1595324867672	1595324867670	-11.080	-3.456	3.697	-0.450	-1.251	-2.380	127.738350	37.885029
1595324867692	1595324867690	-11.389	-3.582	3.122	-0.225	-1.316	-3.051	127.738350	37.885029
1595324867711	1595324867710	-13.112	-3.712	2.739	0.279	-1.341	-3.636	127.738350	37.885029
1595324867731	1595324867731	-15.045	-3.702	2.195	0.970	-1.401	-4.066	127.738350	37.885029
1595324867751	1595324867751	-16.008	-3.317	1.606	1.597	-1.534	-4.291	127.738350	37.885029
1595324867770	1595324867770	-16.058	-2.907	1.481	1.954	-1.676	-4.320	127.738350	37.885029
1595324867791	1595324867790	-15.294	-2.478	1.905	2.001	-1.826	-4.231	127.738350	37.885029
1595324867810	1595324867810	-14.015	-2.021	2.451	1.751	-1.956	-4.075	127.738350	37.885029
1595324867842	1595324867832	-12.743	-1.774	2.573	1.212	-2.078	-3.908	127.738350	37.885029
1595324867849	1595324867847	-11.413	-1.733	2.027	0.433	-2.163	-3.754	127.738350	37.885029
1595324867868	1595324867867	-10.084	-1.712	1.153	-0.389	-2.120	-3.607	127.738350	37.885029
1595324867889	1595324867886	-9.061	-1.733	0.432	-1.027	-1.914	-3.452	127.738350	37.885029
1595324867907	1595324867906	-8.187	-1.934	0.101	-1.334	-1.627	-3.277	127.738350	37.885029
1595324867928	1595324867927	-7.334	-2.284	0.001	-1.254	-1.335	-3.096	127.738350	37.885029
1595324867948	1595324867948	-6.742	-2.708	-0.011	-0.823	-1.009	-2.894	127.738350	37.885029
1595324867970	1595324867970	-6.577	-3.053	0.044	-0.127	-0.694	-2.643	127.738350	37.885029
1595324867988	1595324867987	-6.733	-3.063	0.142	0.613	-0.450	-2.345	127.738350	37.885029
1595324868010	1595324868008	-6.936	-2.526	0.180	1.149	-0.299	-2.008	127.738350	37.885029
1595324868031	1595324868026	-7.164	-1.793	0.317	1.327	-0.154	-1.579	127.738350	37.885029
1595324868049	1595324868046	-7.506	-1.589	0.659	1.231	0.034	-1.043	127.738350	37.885029
1595324868066	1595324868064	-7.662	-1.805	1.124	1.053	0.225	-0.512	127.738350	37.885029
1595324868090	1595324868086	-7.758	-1.918	1.514	0.892	0.455	-0.026	127.738350	37.885029
1595324868105	1595324868103	-8.311	-1.855	1.929	0.677	0.777	0.448	127.738350	37.885029
1595324868129	1595324868129	-9.224	-1.803	2.374	0.404	1.073	0.884	127.738350	37.885029
1595324868146	1595324868144	-10.517	-1.860	2.377	0.180	1.309	1.298	127.738350	37.885029
1595324868165	1595324868165	-12.283	-1.716	2.010	-0.037	1.589	1.783	127.738350	37.885029
1595324868184	1595324868184	-13.105	-1.676	2.058	-0.374	1.753	2.327	127.738350	37.885029
1595324868204	1595324868204	-12.309	-2.404	2.614	-0.738	1.740	2.873	127.738350	37.885029
1595324868224	1595324868224	-11.502	-3.300	3.371	-0.752	1.751	3.386	127.738350	37.885029
1595324868244	1595324868242	-11.468	-3.479	3.761	-0.472	1.727	3.720	127.738350	37.885029
1595324868263	1595324868262	-11.873	-2.938	3.543	-0.356	1.615	3.880	127.738350	37.885029
1595324868284	1595324868282	-12.606	-2.284	3.076	-0.485	1.485	3.970	127.738350	37.885029
1595324868310	1595324868310	-13.023	-1.884	2.564	-0.784	1.319	3.978	127.738350	37.885029
1595324868323	1595324868321	-13.155	-1.963	2.259	-1.141	1.182	3.908	127.738350	37.885044
1595324868352	1595324868347	-13.090	-2.308	2.588	-1.411	1.102	3.769	127.738350	37.885044
1595324868373	1595324868366	-12.398	-2.658	3.208	-1.587	0.995	3.550	127.738350	37.885044
1595324868383	1595324868380	-11.308	-3.099	3.479	-1.705	0.894	3.334	127.738350	37.885044
1595324868401	1595324868399	-10.501	-3.444	3.292	-1.788	0.815	3.153	127.738350	37.885044
1595324868421	1595324868419	-10.247	-3.499	2.923	-1.880	0.744	2.969	127.738350	37.885044
1595324868441	1595324868439	-10.259	-3.501	2.607	-1.941	0.669	2.783	127.738350	37.885044
1595324868463	1595324868461	-10.309	-3.800	2.374	-1.867	0.590	2.623	127.738350	37.885044
1595324868481	1595324868479	-10.561	-4.342	2.226	-1.603	0.566	2.491	127.738350	37.885044
1595324868502	1595324868499	-10.872	-4.826	2.525	-1.187	0.582	2.374	127.738350	37.885044
1595324868520	1595324868518	-10.920	-5.065	3.036	-0.722	0.584	2.255	127.738350	37.885044
1595324868544	1595324868538	-10.798	-5.149	3.642	-0.304	0.605	2.115	127.738350	37.885044
1595324868560	1595324868558	-10.493	-4.998	4.214	0.013	0.614	1.935	127.738350	37.885044
1595324868580	1595324868577	-9.964	-4.852	4.617	0.187	0.573	1.711	127.738350	37.885044
1595324868598	1595324868597	-9.792	-4.845	4.892	0.199	0.510	1.419	127.738350	37.885044
1595324868617	1595324868615	-10.175	-4.843	4.928	0.141	0.425	1.043	127.738350	37.885044
1595324868638	1595324868635	-10.635	-4.684	4.844	0.101	0.312	0.574	127.738350	37.885044
1595324868657	1595324868655	-11.001	-4.395	4.801	0.029	0.177	0.020	127.738350	37.885044
1595324868677	1595324868674	-11.962	-4.256	5.000	-0.072	0.063	-0.598	127.738350	37.885044
1595324868696	1595324868694	-13.754	-4.277	5.589	-0.109	-0.075	-1.242	127.738350	37.885044
1595324868715	1595324868714	-14.724	-4.026	5.630	-0.136	-0.391	-1.828	127.738350	37.885044
1595324868736	1595324868735	-13.694	-3.894	4.657	-0.285	-0.851	-2.381	127.738350	37.885044
1595324868757	1595324868757	-12.259	-4.124	3.383	-0.292	-1.185	-2.982	127.738350	37.885044
1595324868775	1595324868775	-12.661	-4.143	2.655	0.114	-1.194	-3.563	127.738350	37.885044
1595324868795	1595324868795	-14.209	-3.987	2.317	0.876	-1.120	-4.074	127.738350	37.885044
1595324868814	1595324868814	-15.673	-3.587	2.101	1.725	-1.106	-4.432	127.738350	37.885044
1595324868841	1595324868832	-16.291	-3.012	2.068	2.311	-1.205	-4.548	127.738350	37.885044
1595324868857	1595324868853	-15.689	-2.600	2.231	2.481	-1.417	-4.465	127.738350	37.885044
1595324868873	1595324868871	-14.398	-2.318	2.463	2.285	-1.610	-4.305	127.738350	37.885044
1595324868893	1595324868891	-13.073	-2.066	2.571	1.852	-1.757	-4.119	127.738350	37.885044
1595324868912	1595324868910	-11.912	-1.977	2.192	1.229	-1.876	-3.925	127.738350	37.885044
1595324868933	1595324868931	-10.783	-1.922	1.306	0.523	-1.917	-3.748	127.738350	37.885044
1595324868952	1595324868952	-9.909	-1.779	0.559	-0.094	-1.827	-3.571	127.738350	37.885044
1595324868972	1595324868972	-9.315	-1.795	0.247	-0.491	-1.662	-3.395	127.738350	37.885044
1595324868993	1595324868992	-8.699	-1.985	0.032	-0.636	-1.492	-3.253	127.738350	37.885044
1595324869011	1595324869011	-8.163	-2.248	-0.095	-0.502	-1.297	-3.135	127.738350	37.885044
1595324869042	1595324869033	-7.789	-2.308	-0.050	-0.179	-1.072	-3.004	127.738350	37.885044
1595324869053	1595324869049	-7.494	-2.143	0.017	0.172	-0.864	-2.830	127.738350	37.885044
1595324869070	1595324869068	-7.420	-1.671	0.175	0.388	-0.663	-2.569	127.738350	37.885044
1595324869093	1595324869090	-7.346	-1.194	0.245	0.403	-0.494	-2.197	127.738350	37.885044
1595324869109	1595324869107	-7.312	-0.962	0.290	0.215	-0.287	-1.732	127.738350	37.885044
1595324869131	1595324869128	-7.398	-1.254	0.633	-0.018	0.017	-1.181	127.738350	37.885044
1595324869149	1595324869149	-7.628	-1.836	1.098	-0.108	0.357	-0.602	127.738350	37.885044
1595324869170	1595324869168	-8.330	-2.183	1.495	-0.028	0.744	0.010	127.738350	37.885044
1595324869188	1595324869188	-9.236	-2.150	1.744	0.093	1.105	0.628	127.738350	37.885044
1595324869211	1595324869211	-10.287	-2.037	1.670	0.146	1.408	1.252	127.738350	37.885044
1595324869229	1595324869225	-11.897	-2.088	1.416	0.139	1.727	1.930	127.738350	37.885044
1595324869247	1595324869247	-12.743	-2.095	1.450	0.013	1.913	2.614	127.738350	37.885044
1595324869267	1595324869265	-12.185	-2.334	1.778	-0.205	1.944	3.257	127.738350	37.885044
1595324869288	1595324869285	-12.103	-3.039	2.652	-0.260	2.041	3.863	127.738350	37.885044
1595324869310	1595324869304	-12.671	-3.666	3.517	-0.047	2.029	4.300	127.738350	37.885044
1595324869326	1595324869326	-13.117	-3.566	3.666	0.209	1.856	4.490	127.738350	37.885063
1595324869347	1595324869346	-13.533	-2.912	3.210	0.312	1.696	4.547	127.738350	37.885063
1595324869367	1595324869364	-13.593	-2.176	2.626	0.138	1.554	4.486	127.738350	37.885063
1595324869386	1595324869384	-13.488	-1.786	2.355	-0.275	1.456	4.309	127.738350	37.885063
1595324869405	1595324869403	-13.289	-1.618	2.916	-0.747	1.406	4.048	127.738350	37.885063
1595324869424	1595324869422	-12.700	-1.587	3.838	-1.262	1.295	3.747	127.738350	37.885063
1595324869445	1595324869443	-11.964	-2.107	4.066	-1.817	1.114	3.467	127.738350	37.885063
1595324869468	1595324869465	-11.466	-2.809	3.505	-2.237	0.900	3.217	127.738350	37.885063
1595324869485	1595324869482	-11.341	-2.972	2.933	-2.621	0.703	2.965	127.738350	37.885063
1595324869508	1595324869505	-11.258	-3.247	2.580	-2.963	0.510	2.696	127.738350	37.885063
1595324869523	1595324869522	-10.752	-4.030	2.269	-2.954	0.308	2.443	127.738350	37.885063
1595324869549	1595324869547	-10.367	-4.816	1.965	-2.469	0.227	2.233	127.738350	37.885063
1595324869564	1595324869563	-10.345	-5.144	1.927	-1.720	0.256	2.072	127.738350	37.885063
1595324869589	1595324869587	-10.345	-5.231	2.250	-0.952	0.289	1.943	127.738350	37.885063
1595324869603	1595324869603	-10.074	-5.259	2.846	-0.299	0.303	1.817	127.738350	37.885063
1595324869627	1595324869627	-9.612	-5.039	3.342	0.206	0.324	1.682	127.738350	37.885063
1595324869643	1595324869643	-9.123	-4.567	3.692	0.481	0.354	1.558	127.738350	37.885063
1595324869666	1595324869664	-8.994	-4.359	3.989	0.529	0.367	1.420	127.738350	37.885063
1595324869683	1595324869680	-9.423	-4.572	4.157	0.442	0.341	1.222	127.738350	37.885063
1595324869702	1595324869700	-10.223	-4.785	4.068	0.344	0.270	0.934	127.738350	37.885063
1595324869722	1595324869719	-11.243	-4.840	3.939	0.284	0.200	0.540	127.738350	37.885063
1595324869742	1595324869739	-12.728	-4.910	4.049	0.213	0.159	0.011	127.738350	37.885063
1595324869761	1595324869760	-14.614	-4.862	4.554	0.177	0.103	-0.655	127.738350	37.885063
1595324869780	1595324869779	-15.205	-4.284	5.206	0.134	-0.079	-1.387	127.738350	37.885063
1595324869800	1595324869798	-13.009	-3.400	5.060	-0.053	-0.476	-2.119	127.738350	37.885063
1595324869820	1595324869819	-10.973	-3.161	4.018	-0.273	-0.759	-2.872	127.738350	37.885063
1595324869841	1595324869836	-11.258	-3.585	2.882	-0.212	-0.813	-3.600	127.738350	37.885063
1595324869861	1595324869861	-13.217	-3.860	2.121	0.240	-0.801	-4.189	127.738350	37.885063
1595324869878	1595324869878	-15.565	-3.994	1.601	0.978	-0.816	-4.603	127.738350	37.885063
1595324869897	1595324869895	-16.928	-3.800	1.277	1.766	-0.940	-4.821	127.738350	37.885063
1595324869917	1595324869915	-17.244	-3.463	1.481	2.343	-1.123	-4.839	127.738350	37.885063
1595324869937	1595324869935	-16.252	-2.636	1.948	2.565	-1.366	-4.726	127.738350	37.885063
1595324869957	1595324869956	-14.748	-1.939	2.470	2.474	-1.545	-4.468	127.738350	37.885063
1595324869977	1595324869976	-13.409	-1.637	2.480	1.952	-1.720	-4.223	127.738350	37.885063
1595324869996	1595324869996	-11.914	-1.479	1.879	1.080	-1.869	-4.033	127.738350	37.885063
1595324870019	1595324870017	-10.556	-1.477	1.069	0.129	-1.867	-3.861	127.738350	37.885063
1595324870038	1595324870038	-9.605	-1.570	0.458	-0.644	-1.708	-3.706	127.738350	37.885063
1595324870062	1595324870060	-9.015	-1.819	0.070	-1.059	-1.465	-3.521	127.738350	37.885063
1595324870077	1595324870074	-8.529	-2.205	-0.134	-1.088	-1.206	-3.333	127.738350	37.885063
1595324870100	1595324870095	-7.961	-2.629	-0.136	-0.733	-0.966	-3.139	127.738350	37.885063
1595324870113	1595324870112	-7.434	-2.854	-0.043	-0.132	-0.726	-2.903	127.738350	37.885063
1595324870135	1595324870134	-7.257	-2.833	0.058	0.535	-0.495	-2.590	127.738350	37.885063
1595324870153	1595324870153	-7.581	-2.581	0.219	1.048	-0.280	-2.185	127.738350	37.885063
1595324870173	1595324870173	-7.854	-2.148	0.439	1.276	-0.147	-1.717	127.738350	37.885063
1595324870193	1595324870193	-7.880	-1.839	0.633	1.236	-0.046	-1.198	127.738350	37.885063
1595324870212	1595324870212	-7.959	-1.894	0.987	1.041	0.141	-0.645	127.738350	37.885063
1595324870232	1595324870232	-8.189	-2.047	1.416	0.808	0.376	-0.125	127.738350	37.885063
1595324870255	1595324870255	-8.584	-2.001	1.838	0.583	0.656	0.345	127.738350	37.885063
1595324870272	1595324870270	-9.233	-1.961	2.255	0.379	0.943	0.771	127.738350	37.885063
1595324870291	1595324870289	-10.896	-2.191	2.113	0.236	1.259	1.229	127.738350	37.885063
1595324870313	1595324870313	-12.352	-1.966	1.706	0.074	1.487	1.749	127.738342	37.885086
1595324870331	1595324870329	-11.495	-1.525	1.732	-0.257	1.489	2.238	127.738342	37.885086
1595324870350	1595324870349	-10.446	-2.116	2.243	-0.630	1.570	2.786	127.738342	37.885086
1595324870370	1595324870368	-10.980	-3.108	3.139	-0.678	1.731	3.357	127.738342	37.885086
1595324870390	1595324870388	-11.619	-3.271	3.563	-0.473	1.667	3.717	127.738342	37.885086
1595324870409	1595324870407	-11.804	-2.802	3.294	-0.393	1.503	3.932	127.738342	37.885086
1595324870429	1595324870429	-12.127	-2.401	2.861	-0.500	1.391	4.113	127.738342	37.885086
1595324870458	1595324870448	-12.779	-2.346	2.521	-0.663	1.321	4.228	127.738342	37.885086
1595324870470	1595324870468	-13.430	-2.557	2.592	-0.764	1.281	4.222	127.738342	37.885086
1595324870489	1595324870486	-13.392	-2.684	3.227	-0.796	1.228	4.105	127.738342	37.885086
1595324870510	1595324870508	-12.604	-2.701	3.776	-0.912	1.121	3.942	127.738342	37.885086
1595324870528	1595324870526	-11.655	-3.029	3.694	-1.131	0.987	3.803	127.738342	37.885086
1595324870552	1595324870551	-11.092	-3.353	3.345	-1.316	0.884	3.655	127.738342	37.885086
1595324870567	1595324870567	-10.949	-3.281	3.191	-1.516	0.803	3.448	127.738342	37.885086
1595324870591	1595324870589	-10.826	-3.444	3.014	-1.711	0.690	3.206	127.738342	37.885086
1595324870606	1595324870606	-10.769	-4.121	2.770	-1.682	0.607	2.965	127.738342	37.885086
1595324870631	1595324870631	-10.740	-4.725	2.698	-1.306	0.589	2.734	127.738342	37.885086
1595324870648	1595324870647	-10.695	-4.993	2.899	-0.792	0.610	2.509	127.738342	37.885086
1595324870666	1595324870664	-10.611	-5.180	3.215	-0.351	0.619	2.288	127.738342	37.885086
1595324870685	1595324870683	-10.220	-5.142	3.714	0.010	0.607	2.032	127.738342	37.885086
1595324870704	1595324870703	-9.547	-4.761	4.150	0.265	0.578	1.744	127.738342	37.885086
1595324870724	1595324870722	-9.164	-4.555	4.391	0.311	0.545	1.436	127.738342	37.885086
1595324870745	1595324870742	-9.502	-4.625	4.511	0.219	0.494	1.083	127.738342	37.885086
1595324870764	1595324870764	-10.271	-4.713	4.475	0.138	0.409	0.687	127.738342	37.885086
1595324870784	1595324870784	-10.968	-4.639	4.413	0.077	0.304	0.223	127.738342	37.885086
1595324870804	1595324870804	-11.703	-4.531	4.444	-0.017	0.209	-0.310	127.738342	37.885086
1595324870824	1595324870824	-12.822	-4.498	5.000	-0.082	0.148	-0.922	127.738342	37.885086
1595324870844	1595324870844	-13.806	-4.347	5.946	-0.051	-0.003	-1.567	127.738342	37.885086
1595324870864	1595324870864	-13.701	-3.987	6.183	-0.013	-0.340	-2.150	127.738342	37.885086
1595324870886	1595324870885	-12.532	-3.714	4.993	-0.099	-0.782	-2.706	127.738342	37.885086
1595324870909	1595324870901	-11.950	-3.753	3.328	-0.123	-1.087	-3.295	127.738342	37.885086
1595324870922	1595324870921	-12.997	-3.779	2.403	0.143	-1.169	-3.844	127.738342	37.885086
1595324870943	1595324870940	-14.827	-3.738	1.938	0.822	-1.170	-4.312	127.738342	37.885086
1595324870967	1595324870963	-16.446	-3.187	1.709	1.693	-1.176	-4.633	127.738342	37.885086
1595324870982	1595324870981	-17.004	-2.447	1.840	2.210	-1.311	-4.702	127.738342	37.885086
1595324871003	1595324871001	-16.274	-2.150	2.372	2.115	-1.558	-4.573	127.738342	37.885086
1595324871021	1595324871021	-14.916	-2.200	2.727	1.628	-1.761	-4.371	127.738342	37.885086
1595324871044	1595324871043	-13.409	-2.109	2.638	1.055	-1.838	-4.153	127.738342	37.885086
1595324871061	1595324871060	-11.869	-2.018	2.101	0.451	-1.865	-3.947	127.738342	37.885086
1595324871084	1595324871077	-10.314	-1.805	1.182	-0.226	-1.834	-3.774	127.738342	37.885086
1595324871100	1595324871098	-9.106	-1.841	0.422	-0.776	-1.643	-3.620	127.738342	37.885086
1595324871120	1595324871116	-8.417	-2.085	0.104	-1.003	-1.344	-3.459	127.738342	37.885086
1595324871140	1595324871136	-8.064	-2.476	-0.011	-0.827	-1.031	-3.278	127.738342	37.885086
1595324871159	1595324871155	-7.993	-2.907	-0.009	-0.319	-0.738	-3.081	127.738342	37.885086
1595324871179	1595324871177	-8.031	-3.127	0.161	0.386	-0.514	-2.855	127.738342	37.885086
1595324871198	1595324871197	-7.966	-2.885	0.357	1.066	-0.400	-2.581	127.738342	37.885086
1595324871216	1595324871215	-7.844	-2.251	0.525	1.483	-0.330	-2.249	127.738342	37.885086
1595324871238	1595324871236	-7.818	-1.455	0.542	1.541	-0.265	-1.844	127.738342	37.885086
1595324871256	1595324871255	-7.772	-0.969	0.619	1.271	-0.181	-1.376	127.738342	37.885086
1595324871288	1595324871277	-7.628	-0.797	0.865	0.753	-0.034	-0.895	127.738342	37.885086
1595324871301	1595324871300	-7.741	-1.065	1.313	0.225	0.229	-0.379	127.738342	37.885086
1595324871316	1595324871315	-8.342	-1.618	1.895	-0.132	0.575	0.172	127.738335	37.885101
1595324871335	1595324871334	-8.850	-2.030	2.365	-0.256	0.875	0.683	127.738335	37.885101
1595324871354	1595324871353	-9.387	-2.198	2.367	-0.168	1.121	1.177	127.738335	37.885101
1595324871374	1595324871372	-11.260	-2.215	1.910	-0.028	1.441	1.776	127.738335	37.885101
1595324871395	1595324871392	-12.446	-1.807	1.582	-0.113	1.579	2.389	127.738335	37.885101
1595324871413	1595324871412	-11.789	-1.927	1.833	-0.433	1.519	2.973	127.738335	37.885101
1595324871434	1595324871432	-12.132	-2.909	2.674	-0.638	1.594	3.626	127.738335	37.885101
1595324871452	1595324871452	-13.141	-3.460	3.366	-0.532	1.584	4.131	127.738335	37.885101
1595324871486	1595324871477	-12.889	-2.960	3.096	-0.504	1.345	4.344	127.738335	37.885101
1595324871494	1595324871493	-12.688	-2.430	2.595	-0.760	1.227	4.464	127.738335	37.885101
1595324871512	1595324871510	-13.009	-2.507	2.413	-1.080	1.181	4.493	127.738335	37.885101
1595324871533	1595324871530	-13.644	-2.957	2.650	-1.203	1.171	4.365	127.738335	37.885101
1595324871551	1595324871550	-13.917	-3.300	3.390	-1.018	1.193	4.127	127.738335	37.885101
1595324871571	1595324871571	-13.081	-3.209	3.833	-0.794	1.138	3.847	127.738335	37.885101
1595324871593	1595324871591	-11.830	-3.312	3.529	-0.801	1.023	3.613	127.738335	37.885101
1595324871611	1595324871611	-10.793	-3.604	2.913	-0.892	0.904	3.402	127.738335	37.885101
1595324871632	1595324871631	-10.161	-3.259	2.724	-1.004	0.849	3.128	127.738335	37.885101
1595324871650	1595324871650	-9.945	-2.893	2.825	-1.213	0.807	2.820	127.738335	37.885101
1595324871670	1595324871670	-10.139	-3.341	2.866	-1.361	0.748	2.540	127.738335	37.885101
1595324871690	1595324871687	-10.364	-4.062	2.775	-1.231	0.691	2.298	127.738335	37.885101
1595324871709	1595324871707	-10.611	-4.533	2.945	-0.883	0.675	2.103	127.738335	37.885101
1595324871729	1595324871727	-10.807	-4.783	3.402	-0.521	0.654	1.948	127.738335	37.885101
1595324871748	1595324871746	-10.491	-4.883	3.884	-0.224	0.585	1.799	127.738335	37.885101
1595324871768	1595324871768	-9.847	-4.730	4.236	-0.009	0.520	1.630	127.738335	37.885101
1595324871789	1595324871788	-9.372	-4.490	4.509	0.091	0.456	1.440	127.738335	37.885101
1595324871807	1595324871808	-9.353	-4.514	4.679	0.083	0.371	1.201	127.738335	37.885101
1595324871828	1595324871828	-9.830	-4.579	4.653	-0.006	0.270	0.879	127.738335	37.885101
1595324871847	1595324871847	-10.788	-4.507	4.456	-0.121	0.177	0.476	127.738335	37.885101
1595324871869	1595324871868	-12.249	-4.490	4.559	-0.240	0.113	-0.024	127.738335	37.885101
1595324871887	1595324871884	-13.708	-4.632	5.237	-0.287	0.014	-0.618	127.738335	37.885101
1595324871906	1595324871904	-14.714	-4.668	5.994	-0.237	-0.170	-1.235	127.738335	37.885101
1595324871927	1595324871925	-14.156	-4.299	5.841	-0.237	-0.498	-1.833	127.738335	37.885101
1595324871945	1595324871943	-12.276	-4.076	4.629	-0.304	-0.892	-2.441	127.738335	37.885101
1595324871968	1595324871966	-11.430	-4.081	3.376	-0.168	-1.090	-3.090	127.738335	37.885101
1595324871985	1595324871985	-12.487	-4.035	2.600	0.284	-1.117	-3.699	127.738335	37.885101
1595324872009	1595324872007	-14.551	-3.954	1.967	1.024	-1.112	-4.179	127.738335	37.885101
1595324872024	1595324872024	-16.190	-3.467	1.524	1.860	-1.165	-4.464	127.738335	37.885101
1595324872050	1595324872047	-16.616	-2.787	1.455	2.408	-1.321	-4.521	127.738335	37.885101
1595324872064	1595324872064	-15.847	-2.399	1.943	2.484	-1.554	-4.404	127.738335	37.885101
1595324872089	1595324872088	-14.499	-2.174	2.458	2.181	-1.755	-4.228	127.738335	37.885101
1595324872107	1595324872103	-13.267	-1.997	2.631	1.651	-1.884	-4.046	127.738335	37.885101
1595324872128	1595324872126	-12.063	-1.901	2.259	0.946	-1.957	-3.876	127.738335	37.885101
1595324872145	1595324872142	-10.757	-1.822	1.361	0.157	-1.968	-3.726	127.738335	37.885101
1595324872164	1595324872162	-9.655	-1.783	0.580	-0.530	-1.820	-3.578	127.738335	37.885101
1595324872184	1595324872182	-8.865	-1.968	0.295	-0.924	-1.570	-3.419	127.738335	37.885101
1595324872202	1595324872202	-8.237	-2.308	0.207	-0.941	-1.312	-3.272	127.738335	37.885101
1595324872223	1595324872223	-7.906	-2.708	0.039	-0.600	-1.041	-3.121	127.738335	37.885101
1595324872243	1595324872243	-8.038	-3.036	0.017	-0.001	-0.759	-2.922	127.738335	37.885101
1595324872262	1595324872262	-8.050	-2.821	0.139	0.675	-0.596	-2.718	127.738335	37.885101
1595324872283	1595324872283	-7.753	-1.906	0.202	1.142	-0.536	-2.457	127.738335	37.885101
1595324872306	1595324872300	-7.382	-0.782	0.233	1.205	-0.471	-2.068	127.738335	37.885101
1595324872322	1595324872319	-7.054	-0.016	0.259	0.868	-0.353	-1.586	127.738335	37.885101
1595324872340	1595324872338	-7.058	0.032	0.472	0.319	-0.135	-1.026	127.738335	37.885101
1595324872359	1595324872357	-7.672	-0.600	0.853	-0.208	0.190	-0.409	127.738335	37.885113
1595324872382	1595324872379	-8.565	-1.256	1.311	-0.550	0.532	0.229	127.738335	37.885113
1595324872399	1595324872396	-9.169	-1.700	1.735	-0.681	0.779	0.845	127.738335	37.885113
1595324872419	1595324872415	-9.959	-2.179	2.013	-0.659	1.065	1.444	127.738335	37.885113
1595324872438	1595324872435	-11.761	-2.631	2.058	-0.476	1.411	2.073	127.738335	37.885113
1595324872459	1595324872455	-13.131	-2.636	1.977	-0.220	1.609	2.653	127.738335	37.885113
1595324872479	1595324872474	-12.594	-2.411	2.106	-0.136	1.656	3.169	127.738335	37.885113
1595324872502	1595324872498	-12.058	-2.833	2.767	-0.111	1.787	3.684	127.738335	37.885113
1595324872521	1595324872520	-12.817	-3.467	3.594	0.107	1.941	4.104	127.738335	37.885113
1595324872536	1595324872534	-13.224	-3.374	3.960	0.346	1.867	4.289	127.738335	37.885113
1595324872559	1595324872555	-13.100	-2.905	3.709	0.350	1.714	4.331	127.738335	37.885113
1595324872576	1595324872573	-13.131	-2.605	3.175	0.204	1.605	4.304	127.738335	37.885113
1595324872601	1595324872598	-13.258	-2.332	2.885	0.016	1.508	4.142	127.738335	37.885113
1595324872616	1595324872613	-13.057	-1.803	3.067	-0.269	1.419	3.854	127.738335	37.885113
1595324872640	1595324872638	-12.355	-1.347	3.531	-0.745	1.277	3.540	127.738335	37.885113
1595324872655	1595324872655	-11.500	-1.513	3.584	-1.365	1.064	3.272	127.738335	37.885113
1595324872674	1595324872675	-10.949	-2.155	3.057	-1.908	0.855	3.049	127.738335	37.885113
1595324872698	1595324872698	-10.786	-2.497	2.523	-2.386	0.686	2.830	127.738335	37.885113
1595324872714	1595324872712	-11.001	-2.718	2.178	-2.892	0.542	2.603	127.738335	37.885113
1595324872734	1595324872731	-11.191	-3.415	1.929	-3.197	0.403	2.376	127.738335	37.885113
1595324872752	1595324872751	-11.032	-4.308	1.826	-3.074	0.291	2.197	127.738335	37.885113
1595324872773	1595324872771	-10.726	-5.051	1.883	-2.572	0.256	2.089	127.738335	37.885113
1595324872793	1595324872792	-10.534	-5.623	2.192	-1.856	0.280	2.008	127.738335	37.885113
1595324872813	1595324872812	-10.493	-6.040	2.870	-1.010	0.340	1.921	127.738335	37.885113
1595324872833	1595324872831	-10.208	-5.885	3.488	-0.166	0.391	1.817	127.738335	37.885113
1595324872851	1595324872851	-9.763	-5.228	3.927	0.454	0.441	1.706	127.738335	37.885113
1595324872871	1595324872872	-9.298	-4.761	4.382	0.747	0.461	1.565	127.738335	37.885113
1595324872892	1595324872890	-9.128	-4.562	4.760	0.750	0.451	1.369	127.738335	37.885113
1595324872911	1595324872909	-9.372	-4.481	5.048	0.649	0.417	1.109	127.738335	37.885113
1595324872931	1595324872928	-9.765	-4.591	5.065	0.548	0.297	0.763	127.738335	37.885113
1595324872950	1595324872948	-10.867	-4.874	4.902	0.493	0.185	0.309	127.738335	37.885113
1595324872970	1595324872968	-12.482	-5.020	4.851	0.542	0.080	-0.262	127.738335	37.885113
1595324872990	1595324872989	-14.425	-4.838	5.141	0.689	-0.047	-0.905	127.738335	37.885113
1595324873012	1595324873010	-14.940	-3.923	5.362	0.706	-0.329	-1.574	127.738335	37.885113
1595324873030	1595324873028	-12.625	-2.926	4.899	0.387	-0.827	-2.245	127.738335	37.885113
1595324873051	1595324873050	-11.116	-2.775	4.090	0.007	-1.114	-2.966	127.738335	37.885113
1595324873068	1595324873068	-11.746	-3.053	3.282	-0.046	-1.176	-3.652	127.738335	37.885113
1595324873098	1595324873088	-13.500	-3.168	2.592	0.268	-1.197	-4.198	127.738335	37.885113
1595324873108	1595324873105	-15.692	-3.297	1.989	0.714	-1.206	-4.588	127.738335	37.885113
1595324873130	1595324873128	-16.904	-3.350	1.558	1.101	-1.292	-4.796	127.738335	37.885113
1595324873147	1595324873145	-16.604	-3.285	1.582	1.383	-1.415	-4.815	127.738335	37.885113
1595324873166	1595324873165	-15.859	-3.015	2.010	1.549	-1.458	-4.730	127.738335	37.885113
1595324873187	1595324873186	-14.966	-2.516	2.511	1.476	-1.491	-4.582	127.738335	37.885113
1595324873207	1595324873206	-13.636	-2.167	2.468	1.105	-1.582	-4.390	127.738335	37.885113
1595324873227	1595324873226	-12.075	-2.100	1.800	0.508	-1.629	-4.184	127.738335	37.885113
1595324873245	1595324873245	-10.501	-1.966	0.894	-0.103	-1.562	-3.989	127.738335	37.885113
1595324873265	1595324873265	-9.308	-1.906	0.310	-0.523	-1.343	-3.795	127.738335	37.885113
1595324873292	1595324873292	-8.445	-2.025	0.048	-0.682	-1.073	-3.610	127.738335	37.885113
1595324873307	1595324873306	-7.885	-2.267	-0.143	-0.520	-0.793	-3.441	127.738335	37.885113
1595324873327	1595324873327	-7.638	-2.519	-0.124	-0.099	-0.504	-3.252	127.738335	37.885113
1595324873346	1595324873346	-7.291	-2.636	0.058	0.490	-0.298	-3.049	127.738327	37.885117
1595324873370	1595324873370	-6.778	-2.351	0.293	1.075	-0.163	-2.804	127.738327	37.885117
1595324873387	1595324873382	-6.594	-1.767	0.422	1.448	-0.020	-2.448	127.738327	37.885117
1595324873404	1595324873401	-6.838	-1.321	0.556	1.508	0.119	-1.966	127.738327	37.885117
1595324873423	1595324873421	-6.989	-1.144	0.779	1.303	0.211	-1.409	127.738327	37.885117
1595324873444	1595324873442	-7.025	-1.180	1.045	0.946	0.331	-0.798	127.738327	37.885117
1595324873468	1595324873466	-7.475	-1.462	1.452	0.531	0.554	-0.152	127.738327	37.885117
1595324873484	1595324873483	-8.467	-1.877	2.022	0.157	0.830	0.481	127.738327	37.885117
1595324873511	1595324873506	-9.478	-2.018	2.444	-0.094	1.060	1.040	127.738327	37.885117
1595324873524	1595324873522	-10.841	-1.920	2.099	-0.255	1.292	1.615	127.738327	37.885117
1595324873545	1595324873543	-12.625	-1.908	1.701	-0.467	1.561	2.284	127.738327	37.885117
1595324873562	1595324873560	-13.239	-2.179	1.843	-0.727	1.651	2.961	127.738327	37.885117
1595324873584	1595324873581	-12.554	-2.797	2.497	-0.853	1.635	3.557	127.738327	37.885117
1595324873602	1595324873599	-12.336	-3.281	3.270	-0.753	1.657	4.039	127.738327	37.885117
1595324873621	1595324873621	-12.781	-3.384	3.716	-0.579	1.614	4.314	127.738327	37.885117
1595324873640	1595324873640	-13.488	-3.032	3.625	-0.514	1.481	4.416	127.738327	37.885117
1595324873660	1595324873659	-13.835	-2.574	3.136	-0.528	1.306	4.419	127.738327	37.885117
1595324873680	1595324873678	-13.864	-2.289	2.545	-0.589	1.180	4.350	127.738327	37.885117
1595324873701	1595324873696	-13.914	-2.195	2.458	-0.706	1.134	4.237	127.738327	37.885117
1595324873721	1595324873721	-13.768	-2.210	3.012	-0.890	1.076	4.067	127.738327	37.885117
1595324873739	1595324873736	-13.174	-2.404	3.534	-1.204	0.945	3.876	127.738327	37.885117
1595324873758	1595324873755	-12.314	-2.751	3.520	-1.626	0.749	3.709	127.738327	37.885117
1595324873778	1595324873775	-11.528	-2.825	3.014	-2.146	0.529	3.516	127.738327	37.885117
1595324873796	1595324873795	-10.980	-2.945	2.365	-2.708	0.331	3.272	127.738327	37.885117
1595324873816	1595324873816	-10.941	-3.530	1.687	-2.995	0.224	3.000	127.738327	37.885117
1595324873836	1595324873836	-11.143	-4.229	1.400	-2.787	0.203	2.763	127.738327	37.885117
1595324873856	1595324873856	-11.032	-4.778	1.493	-2.239	0.215	2.577	127.738327	37.885117
1595324873876	1595324873875	-10.925	-5.278	1.646	-1.591	0.264	2.427	127.738327	37.885117
1595324873895	1595324873895	-10.702	-5.614	2.061	-0.928	0.335	2.290	127.738327	37.885117
1595324873915	1595324873915	-10.134	-5.616	2.667	-0.307	0.386	2.125	127.738327	37.885117
1595324873935	1595324873933	-9.698	-5.360	3.258	0.221	0.493	1.946	127.738327	37.885117
1595324873954	1595324873952	-9.578	-5.173	3.958	0.638	0.599	1.762	127.738327	37.885117
1595324873974	1595324873972	-9.523	-5.101	4.480	0.843	0.575	1.521	127.738327	37.885117
1595324873994	1595324873992	-9.497	-4.804	4.447	0.801	0.475	1.226	127.738327	37.885117
1595324874013	1595324874011	-9.974	-4.402	4.097	0.525	0.378	0.842	127.738327	37.885117
1595324874033	1595324874033	-11.092	-4.232	4.011	0.122	0.297	0.352	127.738327	37.885117
1595324874052	1595324874053	-12.707	-4.474	4.406	-0.171	0.219	-0.271	127.738327	37.885117
1595324874072	1595324874072	-14.386	-4.744	5.268	-0.194	0.123	-0.975	127.738327	37.885117
1595324874093	1595324874092	-13.543	-4.320	5.632	-0.107	-0.201	-1.689	127.738327	37.885117
1595324874112	1595324874110	-10.786	-3.877	4.638	-0.105	-0.624	-2.414	127.738327	37.885117
1595324874132	1595324874129	-9.871	-3.987	3.268	-0.001	-0.785	-3.167	127.738327	37.885117
1595324874151	1595324874149	-11.112	-4.076	2.346	0.422	-0.771	-3.834	127.738327	37.885117
1595324874171	1595324874169	-13.430	-4.052	1.687	1.200	-0.751	-4.330	127.738327	37.885117
1595324874193	1595324874190	-15.716	-3.872	1.296	2.189	-0.804	-4.639	127.738327	37.885117
1595324874210	1595324874208	-17.084	-3.309	1.438	3.019	-0.975	-4.711	127.738327	37.885117
1595324874231	1595324874229	-17.033	-2.648	2.020	3.400	-1.268	-4.559	127.738327	37.885117
1595324874250	1595324874250	-15.838	-2.047	2.693	3.231	-1.587	-4.283	127.738327	37.885117
1595324874270	1595324874270	-14.417	-1.668	2.947	2.561	-1.887	-4.007	127.738327	37.885117
1595324874289	1595324874288	-13.212	-1.580	2.597	1.481	-2.095	-3.779	127.738327	37.885117
1595324874309	1595324874306	-12.051	-1.506	1.668	0.279	-2.170	-3.622	127.738327	37.885117
1595324874329	1595324874326	-10.980	-1.388	0.638	-0.720	-2.088	-3.478	127.738335	37.885117
1595324874347	1595324874346	-9.971	-1.491	0.149	-1.417	-1.917	-3.352	127.738335	37.885117
1595324874368	1595324874366	-8.992	-1.834	-0.217	-1.757	-1.709	-3.250	127.738335	37.885117
1595324874388	1595324874386	-8.419	-2.332	-0.526	-1.696	-1.396	-3.138	127.738335	37.885117
1595324874407	1595324874405	-8.225	-2.715	-0.555	-1.287	-1.070	-3.002	127.738335	37.885117
1595324874427	1595324874426	-7.906	-2.837	-0.356	-0.683	-0.837	-2.823	127.738335	37.885117
1595324874446	1595324874446	-7.827	-2.763	-0.210	-0.080	-0.598	-2.548	127.738335	37.885117
1595324874470	1595324874470	-8.333	-2.713	0.010	0.382	-0.316	-2.143	127.738335	37.885117
1595324874486	1595324874486	-8.888	-2.641	0.343	0.649	-0.103	-1.664	127.738335	37.885117
1595324874510	1595324874508	-9.006	-2.476	0.755	0.746	0.030	-1.175	127.738335	37.885117
1595324874527	1595324874526	-9.090	-2.334	1.162	0.723	0.206	-0.678	127.738335	37.885117
1595324874549	1595324874545	-9.681	-2.210	1.474	0.588	0.474	-0.173	127.738335	37.885117
1595324874565	1595324874563	-10.194	-2.128	1.845	0.413	0.712	0.289	127.738335	37.885117
1595324874590	1595324874586	-10.529	-2.124	2.288	0.307	0.916	0.721	127.738335	37.885117
1595324874604	1595324874602	-11.100	-2.210	2.511	0.280	1.195	1.223	127.738335	37.885117
1595324874627	1595324874627	-10.740	-2.174	2.672	0.250	1.375	1.740	127.738335	37.885117
1595324874646	1595324874645	-9.897	-2.416	3.016	0.222	1.528	2.213	127.738335	37.885117
1595324874665	1595324874665	-9.871	-2.751	3.534	0.301	1.699	2.639	127.738335	37.885117
1595324874685	1595324874684	-10.225	-2.536	3.819	0.434	1.724	2.943	127.738335	37.885117
1595324874704	1595324874704	-10.592	-1.997	3.563	0.392	1.647	3.172	127.738335	37.885117
1595324874727	1595324874723	-10.920	-1.685	3.227	0.115	1.538	3.351	127.738335	37.885117
1595324874744	1595324874743	-11.313	-1.728	3.079	-0.240	1.420	3.483	127.738335	37.885117
1595324874763	1595324874761	-11.943	-1.946	3.096	-0.547	1.326	3.595	127.738335	37.885117
1595324874783	1595324874781	-12.362	-2.294	3.268	-0.754	1.216	3.662	127.738335	37.885117
1595324874802	1595324874801	-12.110	-2.691	3.383	-0.872	1.066	3.685	127.738335	37.885117
1595324874822	1595324874821	-11.528	-3.024	3.376	-0.959	0.935	3.707	127.738335	37.885117
1595324874842	1595324874842	-11.095	-3.144	3.270	-1.077	0.835	3.705	127.738335	37.885117
1595324874862	1595324874862	-10.999	-2.991	3.220	-1.301	0.755	3.626	127.738335	37.885117
1595324874882	1595324874881	-11.056	-2.905	3.148	-1.632	0.667	3.480	127.738335	37.885117
1595324874901	1595324874901	-10.994	-3.127	2.885	-1.960	0.540	3.298	127.738335	37.885117
1595324874922	1595324874921	-10.879	-3.554	2.588	-2.080	0.457	3.101	127.738335	37.885117
1595324874943	1595324874937	-10.870	-4.057	2.552	-1.927	0.449	2.892	127.738335	37.885117
1595324874961	1595324874957	-10.664	-4.512	2.640	-1.581	0.441	2.650	127.738335	37.885117
1595324874980	1595324874976	-10.364	-4.922	2.782	-1.134	0.463	2.394	127.738335	37.885117
1595324875002	1595324874996	-10.074	-5.149	3.091	-0.644	0.504	2.126	127.738335	37.885117
1595324875018	1595324875017	-9.875	-5.049	3.536	-0.161	0.556	1.847	127.738335	37.885117
1595324875040	1595324875037	-9.746	-4.689	4.130	0.137	0.584	1.549	127.738335	37.885117
1595324875057	1595324875057	-9.643	-4.397	4.291	0.126	0.512	1.231	127.738335	37.885117
1595324875079	1595324875077	-10.125	-4.385	4.082	-0.072	0.439	0.885	127.738335	37.885117
1595324875097	1595324875096	-11.430	-4.555	3.999	-0.299	0.414	0.491	127.738335	37.885117
1595324875118	1595324875118	-12.906	-4.653	4.286	-0.500	0.379	0.012	127.738335	37.885117
1595324875137	1595324875136	-14.319	-4.840	5.163	-0.648	0.304	-0.557	127.738335	37.885117
1595324875155	1595324875154	-14.041	-4.869	5.961	-0.722	0.056	-1.158	127.738335	37.885117
1595324875176	1595324875174	-11.334	-4.601	5.333	-0.796	-0.350	-1.770	127.738335	37.885117
1595324875195	1595324875193	-9.578	-4.608	3.929	-0.663	-0.543	-2.463	127.738335	37.885117
1595324875214	1595324875213	-10.242	-4.720	2.945	-0.179	-0.498	-3.170	127.738335	37.885117
1595324875236	1595324875232	-12.467	-4.591	2.549	0.560	-0.431	-3.808	127.738335	37.885117
1595324875254	1595324875254	-14.693	-4.160	2.343	1.380	-0.483	-4.321	127.738335	37.885117
1595324875274	1595324875274	-16.295	-3.032	2.482	2.016	-0.655	-4.631	127.738335	37.885117
1595324875294	1595324875292	-16.739	-1.484	2.724	2.046	-0.986	-4.684	127.738335	37.885117
1595324875313	1595324875311	-15.924	-0.871	2.882	1.351	-1.394	-4.556	127.738335	37.885120
1595324875333	1595324875331	-14.444	-1.256	2.700	0.166	-1.687	-4.379	127.738335	37.885120
1595324875352	1595324875351	-12.824	-2.126	2.142	-0.984	-1.744	-4.189	127.738335	37.885120
1595324875372	1595324875371	-11.198	-2.672	1.493	-1.704	-1.639	-4.049	127.738335	37.885120
1595324875393	1595324875391	-9.782	-2.727	0.980	-1.924	-1.390	-3.940	127.738335	37.885120
1595324875412	1595324875410	-8.948	-2.926	0.753	-1.677	-1.029	-3.811	127.738335	37.885120
1595324875432	1595324875430	-8.632	-3.058	0.472	-1.146	-0.685	-3.691	127.738335	37.885120
1595324875451	1595324875451	-8.603	-3.065	0.223	-0.454	-0.390	-3.555	127.738335	37.885120
1595324875472	1595324875470	-8.292	-2.938	0.250	0.245	-0.184	-3.395	127.738335	37.885120
1595324875493	1595324875491	-7.753	-2.660	0.257	0.871	-0.047	-3.191	127.738335	37.885120
1595324875510	1595324875510	-7.743	-2.310	0.357	1.305	0.151	-2.869	127.738335	37.885120
1595324875530	1595324875530	-7.803	-1.817	0.698	1.449	0.268	-2.462	127.738335	37.885120
1595324875552	1595324875553	-7.437	-1.252	0.868	1.273	0.270	-2.006	127.738335	37.885120
1595324875569	1595324875568	-7.408	-1.053	1.047	0.810	0.387	-1.433	127.738335	37.885120
1595324875592	1595324875590	-7.794	-1.438	1.423	0.208	0.577	-0.762	127.738335	37.885120
1595324875608	1595324875607	-8.148	-2.265	1.905	-0.238	0.716	-0.108	127.738335	37.885120
1595324875631	1595324875629	-8.527	-2.996	2.482	-0.306	0.824	0.505	127.738335	37.885120
1595324875648	1595324875648	-9.265	-3.151	2.535	-0.069	0.919	1.105	127.738335	37.885120
1595324875669	1595324875668	-10.611	-2.823	1.766	0.176	1.016	1.742	127.738335	37.885120
