1595324924924	1595324924921	-12.024	-1.688	1.915	1.282	-1.519	-4.269	127.738304	37.885677
1595324924943	1595324924941	-10.987	-1.594	1.503	0.644	-1.526	-4.120	127.738304	37.885677
1595324924967	1595324924964	-10.302	-1.728	0.983	0.012	-1.455	-3.948	127.738304	37.885677
1595324924986	1595324924981	-9.837	-2.061	0.623	-0.384	-1.317	-3.737	127.738304	37.885677
1595324925008	1595324925004	-9.365	-2.325	0.568	-0.442	-1.162	-3.528	127.738304	37.885677
1595324925023	1595324925021	-8.948	-2.452	0.470	-0.234	-1.016	-3.321	127.738304	37.885677
1595324925048	1595324925044	-8.999	-2.545	0.360	0.106	-0.837	-3.054	127.738304	37.885677
1595324925062	1595324925060	-8.941	-2.469	0.446	0.451	-0.728	-2.735	127.738304	37.885677
1595324925085	1595324925083	-8.338	-2.006	0.549	0.661	-0.719	-2.399	127.738304	37.885677
1595324925102	1595324925099	-8.007	-1.422	0.655	0.624	-0.604	-1.982	127.738304	37.885677
1595324925125	1595324925123	-8.117	-1.249	0.832	0.398	-0.396	-1.438	127.738304	37.885677
1595324925141	1595324925139	-7.981	-1.443	1.160	0.137	-0.221	-0.865	127.738304	37.885677
1595324925161	1595324925159	-7.897	-1.601	1.622	-0.043	0.002	-0.311	127.738304	37.885677
1595324925181	1595324925179	-8.352	-1.781	2.118	-0.158	0.299	0.273	127.738304	37.885677
1595324925200	1595324925197	-8.984	-1.934	2.374	-0.255	0.552	0.845	127.738304	37.885677
1595324925220	1595324925217	-9.940	-2.047	2.152	-0.295	0.802	1.441	127.738304	37.885677
1595324925239	1595324925237	-11.284	-2.064	1.756	-0.310	1.066	2.115	127.738304	37.885677
1595324925259	1595324925256	-11.337	-1.898	1.591	-0.450	1.163	2.760	127.738304	37.885677
1595324925279	1595324925275	-10.448	-2.212	1.934	-0.688	1.190	3.375	127.738304	37.885677
1595324925298	1595324925295	-11.040	-3.135	2.717	-0.749	1.335	3.981	127.738304	37.885677
1595324925317	1595324925314	-12.072	-3.659	3.084	-0.515	1.319	4.393	127.738304	37.885677
1595324925343	1595324925335	-12.434	-3.151	2.739	-0.304	1.166	4.605	127.738304	37.885677
1595324925357	1595324925354	-13.004	-2.699	2.415	-0.323	1.132	4.779	127.738312	37.885689
1595324925376	1595324925373	-13.739	-3.051	2.295	-0.437	1.092	4.843	127.738312	37.885689
1595324925396	1595324925393	-14.190	-3.582	2.489	-0.377	1.049	4.716	127.738312	37.885689
1595324925415	1595324925413	-14.113	-3.489	3.163	-0.162	1.089	4.457	127.738312	37.885689
1595324925436	1595324925433	-13.308	-3.003	3.821	-0.176	1.082	4.151	127.738312	37.885689
1595324925454	1595324925452	-12.029	-2.830	3.682	-0.569	0.946	3.859	127.738312	37.885689
1595324925476	1595324925475	-11.104	-3.072	3.119	-1.085	0.802	3.562	127.738312	37.885689
1595324925494	1595324925492	-10.711	-3.139	2.885	-1.518	0.729	3.208	127.738312	37.885689
1595324925513	1595324925512	-10.477	-2.984	2.751	-1.792	0.640	2.816	127.738312	37.885689
1595324925534	1595324925531	-10.352	-3.269	2.415	-1.840	0.567	2.461	127.738312	37.885689
1595324925552	1595324925551	-10.347	-3.786	2.202	-1.653	0.547	2.152	127.738312	37.885689
1595324925573	1595324925571	-10.311	-4.246	2.322	-1.373	0.529	1.905	127.738312	37.885689
1595324925595	1595324925591	-10.273	-4.660	2.573	-1.077	0.502	1.726	127.738312	37.885689
1595324925616	1595324925615	-10.103	-4.931	2.901	-0.729	0.477	1.586	127.738312	37.885689
1595324925633	1595324925631	-9.554	-5.034	3.134	-0.375	0.438	1.480	127.738312	37.885689
1595324925651	1595324925649	-9.126	-5.152	3.306	-0.086	0.444	1.377	127.738312	37.885689
1595324925672	1595324925669	-9.389	-5.441	3.658	0.175	0.499	1.260	127.738312	37.885689
1595324925691	1595324925688	-10.333	-5.825	4.250	0.507	0.538	1.081	127.738312	37.885689
1595324925710	1595324925708	-11.353	-6.086	4.547	0.870	0.482	0.770	127.738312	37.885689
1595324925731	1595324925728	-12.257	-5.870	4.562	1.119	0.389	0.305	127.738312	37.885689
1595324925750	1595324925750	-13.536	-5.338	4.938	1.230	0.318	-0.315	127.738312	37.885689
1595324925771	1595324925770	-15.301	-4.531	5.810	1.212	0.192	-1.071	127.738312	37.885689
1595324925793	1595324925793	-14.470	-2.842	6.337	0.818	-0.235	-1.883	127.738312	37.885689
1595324925810	1595324925810	-11.286	-1.827	5.412	-0.038	-0.846	-2.704	127.738312	37.885689
1595324925833	1595324925827	-10.699	-2.536	4.075	-0.777	-1.087	-3.526	127.738312	37.885689
1595324925849	1595324925847	-12.448	-3.604	3.388	-0.890	-1.107	-4.256	127.738312	37.885689
1595324925869	1595324925867	-14.372	-4.380	2.976	-0.361	-1.132	-4.867	127.738312	37.885689
1595324925889	1595324925886	-16.583	-4.778	2.410	0.535	-1.085	-5.287	127.738312	37.885689
1595324925907	1595324925907	-18.011	-4.371	1.886	1.527	-1.069	-5.430	127.738312	37.885689
1595324925929	1595324925928	-17.381	-3.252	1.910	2.313	-1.197	-5.295	127.738312	37.885689
1595324925947	1595324925947	-15.534	-2.346	2.482	2.720	-1.397	-4.974	127.738312	37.885689
1595324925969	1595324925970	-13.711	-1.927	2.703	2.600	-1.641	-4.593	127.738312	37.885689
1595324925987	1595324925987	-12.223	-1.736	2.372	1.948	-1.872	-4.211	127.738312	37.885689
1595324926010	1595324926010	-11.023	-1.683	1.510	1.000	-1.976	-3.859	127.738312	37.885689
1595324926027	1595324926024	-10.182	-1.716	0.712	0.131	-1.900	-3.538	127.738312	37.885689
1595324926049	1595324926045	-9.636	-1.858	0.295	-0.373	-1.737	-3.232	127.738312	37.885689
1595324926065	1595324926064	-9.162	-1.961	0.029	-0.532	-1.573	-2.967	127.738312	37.885689
1595324926090	1595324926086	-8.702	-2.181	-0.057	-0.436	-1.405	-2.742	127.738312	37.885689
1595324926104	1595324926103	-8.098	-2.363	0.036	-0.148	-1.281	-2.552	127.738312	37.885689
1595324926129	1595324926128	-7.315	-2.219	0.075	0.197	-1.193	-2.383	127.738312	37.885689
1595324926144	1595324926144	-6.953	-1.846	0.068	0.400	-1.019	-2.162	127.738312	37.885689
1595324926164	1595324926164	-7.056	-1.381	0.147	0.331	-0.803	-1.860	127.738312	37.885689
1595324926185	1595324926183	-7.147	-1.187	0.266	0.058	-0.604	-1.471	127.738312	37.885689
1595324926203	1595324926201	-7.250	-1.448	0.635	-0.221	-0.343	-0.981	127.738312	37.885689
1595324926223	1595324926221	-7.849	-2.006	1.320	-0.364	0.016	-0.411	127.738312	37.885689
1595324926243	1595324926241	-8.611	-2.495	2.101	-0.360	0.338	0.203	127.738312	37.885689
1595324926262	1595324926260	-8.915	-2.687	2.442	-0.279	0.536	0.832	127.738312	37.885689
1595324926283	1595324926281	-9.461	-2.564	2.022	-0.207	0.815	1.521	127.738312	37.885689
1595324926302	1595324926300	-10.429	-2.308	1.658	-0.221	1.177	2.304	127.738312	37.885689
1595324926325	1595324926324	-10.328	-2.217	1.740	-0.329	1.354	3.052	127.738312	37.885704
1595324926348	1595324926346	-9.775	-2.548	2.212	-0.416	1.495	3.717	127.738312	37.885704
1595324926362	1595324926362	-10.489	-3.151	2.973	-0.328	1.707	4.316	127.738312	37.885704
1595324926383	1595324926380	-11.809	-3.616	3.500	-0.060	1.761	4.746	127.738312	37.885704
1595324926404	1595324926400	-13.093	-3.623	3.615	0.244	1.682	4.978	127.738312	37.885704
1595324926422	1595324926419	-14.096	-3.353	3.397	0.449	1.584	5.047	127.738312	37.885704
1595324926442	1595324926439	-14.523	-2.926	2.913	0.451	1.483	4.936	127.738312	37.885704
1595324926462	1595324926461	-14.427	-2.651	2.808	0.265	1.437	4.692	127.738312	37.885704
1595324926481	1595324926478	-13.799	-2.344	3.266	-0.016	1.409	4.358	127.738312	37.885704
1595324926502	1595324926499	-12.774	-1.937	3.905	-0.457	1.331	3.976	127.738312	37.885704
1595324926520	1595324926518	-11.835	-2.071	3.575	-1.073	1.183	3.633	127.738312	37.885704
1595324926541	1595324926539	-11.416	-2.596	3.115	-1.598	1.068	3.284	127.738312	37.885704
1595324926559	1595324926557	-11.622	-2.689	2.959	-2.131	1.000	2.894	127.738312	37.885704
1595324926580	1595324926577	-11.919	-3.170	3.119	-2.580	0.885	2.516	127.738312	37.885704
1595324926598	1595324926597	-11.691	-4.136	3.124	-2.656	0.696	2.239	127.738312	37.885704
1595324926619	1595324926617	-11.052	-4.950	2.885	-2.308	0.537	2.073	127.738312	37.885704
1595324926641	1595324926635	-10.417	-5.552	2.727	-1.702	0.452	1.972	127.738312	37.885704
1595324926657	1595324926655	-9.885	-5.966	2.868	-0.955	0.429	1.868	127.738312	37.885704
1595324926676	1595324926674	-9.454	-6.083	3.234	-0.116	0.441	1.745	127.738312	37.885704
1595324926695	1595324926694	-9.274	-5.710	3.788	0.683	0.506	1.607	127.738312	37.885704
1595324926715	1595324926713	-9.200	-4.656	4.353	1.125	0.517	1.469	127.738312	37.885704
1595324926736	1595324926734	-9.758	-3.223	4.744	0.935	0.459	1.345	127.738312	37.885704
1595324926755	1595324926755	-11.006	-2.610	5.010	0.141	0.266	1.176	127.738312	37.885704
1595324926775	1595324926774	-11.507	-3.388	4.312	-1.122	-0.151	0.774	127.738312	37.885704
1595324926794	1595324926794	-10.982	-4.854	3.773	-2.281	-0.491	0.144	127.738312	37.885704
1595324926814	1595324926812	-10.743	-6.292	4.401	-2.747	-0.466	-0.577	127.738312	37.885704
1595324926834	1595324926832	-11.631	-6.840	5.213	-2.505	-0.238	-1.371	127.738312	37.885704
1595324926855	1595324926852	-12.817	-6.452	5.170	-1.962	-0.113	-2.136	127.738312	37.885704
1595324926874	1595324926871	-12.551	-5.911	4.190	-1.546	-0.218	-2.791	127.738312	37.885704
1595324926892	1595324926891	-11.782	-5.679	2.866	-1.178	-0.280	-3.416	127.738312	37.885704
1595324926912	1595324926911	-12.575	-5.719	2.018	-0.548	-0.057	-4.022	127.738312	37.885704
1595324926932	1595324926932	-14.252	-5.611	1.651	0.337	0.200	-4.541	127.738312	37.885704
1595324926952	1595324926952	-15.977	-5.173	1.378	1.317	0.339	-4.905	127.738312	37.885704
1595324926972	1595324926971	-17.381	-4.543	1.294	2.163	0.331	-5.041	127.738312	37.885704
1595324926991	1595324926991	-17.611	-3.827	1.335	2.707	0.134	-4.969	127.738312	37.885704
1595324927013	1595324927013	-16.343	-3.058	1.368	2.882	-0.174	-4.742	127.738312	37.885704
1595324927033	1595324927032	-14.365	-2.327	1.301	2.679	-0.461	-4.508	127.738312	37.885704
1595324927052	1595324927049	-12.618	-1.863	1.191	2.110	-0.682	-4.299	127.738312	37.885704
1595324927070	1595324927068	-11.234	-1.647	0.884	1.340	-0.816	-4.113	127.738312	37.885704
1595324927092	1595324927090	-10.122	-1.613	0.547	0.648	-0.858	-3.957	127.738312	37.885704
1595324927109	1595324927107	-9.478	-1.836	0.319	0.181	-0.797	-3.800	127.738312	37.885704
1595324927131	1595324927131	-9.063	-2.267	0.293	-0.008	-0.692	-3.630	127.738312	37.885704
1595324927148	1595324927149	-8.462	-2.665	0.171	0.137	-0.598	-3.478	127.738312	37.885704
1595324927170	1595324927168	-7.983	-2.909	0.142	0.530	-0.449	-3.283	127.738312	37.885704
1595324927188	1595324927188	-8.002	-2.718	0.355	0.975	-0.245	-3.017	127.738312	37.885704
1595324927208	1595324927208	-8.014	-2.188	0.652	1.311	-0.143	-2.678	127.738312	37.885704
1595324927231	1595324927231	-7.578	-1.556	0.726	1.398	-0.141	-2.278	127.738312	37.885704
1595324927247	1595324927245	-7.116	-1.221	0.894	1.207	-0.073	-1.773	127.738312	37.885704
1595324927267	1595324927265	-6.965	-1.379	1.476	0.827	0.060	-1.215	127.738312	37.885704
1595324927297	1595324927288	-7.528	-1.788	2.118	0.431	0.237	-0.642	127.738312	37.885704
1595324927310	1595324927310	-8.361	-2.109	2.518	0.156	0.384	-0.043	127.738312	37.885704
1595324927326	1595324927324	-8.544	-2.059	2.707	0.006	0.393	0.548	127.738312	37.885719
1595324927345	1595324927344	-8.941	-2.035	2.485	-0.093	0.466	1.198	127.738312	37.885719
1595324927366	1595324927363	-10.534	-2.210	1.938	-0.220	0.678	1.983	127.738312	37.885719
1595324927385	1595324927383	-11.375	-1.860	1.673	-0.484	0.738	2.722	127.738312	37.885719
1595324927407	1595324927404	-10.041	-1.522	1.905	-0.957	0.593	3.346	127.738312	37.885719
1595324927425	1595324927424	-9.650	-2.195	2.305	-1.468	0.652	3.969	127.738312	37.885719
1595324927444	1595324927442	-11.452	-3.391	2.818	-1.611	0.880	4.530	127.738312	37.885719
1595324927468	1595324927464	-12.712	-3.839	2.892	-1.389	0.833	4.859	127.738312	37.885719
1595324927484	1595324927481	-12.805	-3.803	2.834	-1.064	0.753	5.024	127.738312	37.885719
1595324927508	1595324927505	-13.524	-4.239	2.973	-0.699	0.863	5.119	127.738312	37.885719
1595324927523	1595324927521	-14.518	-5.001	3.273	-0.144	0.961	5.056	127.738312	37.885719
1595324927545	1595324927546	-14.218	-5.243	3.761	0.684	1.009	4.784	127.738312	37.885719
1595324927563	1595324927563	-12.822	-4.447	4.087	1.419	1.106	4.426	127.738312	37.885719
1595324927586	1595324927586	-11.543	-3.580	3.697	1.597	1.171	4.102	127.738312	37.885719
1595324927602	1595324927602	-10.956	-3.300	3.033	1.317	1.176	3.767	127.738312	37.885719
1595324927631	1595324927625	-10.664	-2.742	2.930	0.886	1.182	3.364	127.738312	37.885719
1595324927643	1595324927641	-10.685	-2.076	3.194	0.301	1.167	2.959	127.738312	37.885719
1595324927663	1595324927661	-11.128	-2.550	3.325	-0.288	1.105	2.603	127.738312	37.885719
1595324927682	1595324927680	-11.370	-3.671	3.357	-0.507	1.025	2.291	127.738312	37.885719
1595324927702	1595324927700	-11.229	-4.189	3.718	-0.471	0.977	2.020	127.738312	37.885719
1595324927722	1595324927719	-11.028	-4.510	4.162	-0.477	0.911	1.817	127.738312	37.885719
1595324927741	1595324927741	-10.671	-4.862	4.344	-0.533	0.791	1.638	127.738312	37.885719
1595324927761	1595324927761	-10.125	-5.008	4.420	-0.517	0.676	1.454	127.738312	37.885719
1595324927781	1595324927781	-9.499	-4.854	4.461	-0.432	0.574	1.260	127.738312	37.885719
1595324927800	1595324927799	-9.238	-4.704	4.605	-0.353	0.491	1.044	127.738312	37.885719
1595324927819	1595324927818	-9.851	-4.871	4.653	-0.315	0.421	0.777	127.738312	37.885719
1595324927839	1595324927838	-11.145	-5.209	4.662	-0.270	0.345	0.437	127.738312	37.885719
1595324927862	1595324927860	-12.319	-5.520	5.014	-0.160	0.238	-0.004	127.738312	37.885719
1595324927878	1595324927877	-13.488	-5.741	5.798	0.022	0.114	-0.559	127.738312	37.885719
1595324927898	1595324927895	-14.434	-5.439	6.459	0.219	-0.092	-1.185	127.738312	37.885719
1595324927917	1595324927915	-13.476	-4.495	5.946	0.207	-0.522	-1.822	127.738312	37.885719
1595324927938	1595324927934	-11.804	-3.913	4.475	0.047	-0.957	-2.489	127.738312	37.885719
1595324927958	1595324927956	-11.823	-3.894	3.203	0.118	-1.141	-3.171	127.738312	37.885719
1595324927976	1595324927976	-13.224	-3.848	2.667	0.508	-1.214	-3.822	127.738312	37.885719
1595324927996	1595324927996	-14.875	-3.705	2.365	1.077	-1.303	-4.377	127.738312	37.885719
1595324928015	1595324928015	-16.482	-3.357	2.022	1.665	-1.403	-4.751	127.738312	37.885719
1595324928035	1595324928035	-17.239	-2.773	1.780	2.024	-1.556	-4.902	127.738312	37.885719
1595324928057	1595324928055	-16.798	-2.423	1.898	2.072	-1.749	-4.846	127.738312	37.885719
1595324928078	1595324928073	-15.555	-2.253	2.291	1.842	-1.898	-4.682	127.738312	37.885719
1595324928093	1595324928092	-14.024	-2.071	2.506	1.420	-2.018	-4.502	127.738312	37.885719
1595324928114	1595324928112	-12.625	-1.968	2.248	0.822	-2.100	-4.326	127.738312	37.885719
1595324928134	1595324928132	-11.411	-1.901	1.479	0.076	-2.106	-4.137	127.738312	37.885719
1595324928153	1595324928153	-10.503	-1.834	0.671	-0.621	-1.973	-3.945	127.738312	37.885719
1595324928174	1595324928172	-9.887	-1.968	0.173	-1.045	-1.717	-3.734	127.738312	37.885719
1595324928193	1595324928193	-9.365	-2.186	-0.129	-1.115	-1.463	-3.503	127.738312	37.885719
1595324928212	1595324928212	-8.783	-2.409	-0.280	-0.880	-1.230	-3.283	127.738312	37.885719
1595324928234	1595324928233	-8.153	-2.569	-0.297	-0.452	-1.018	-3.057	127.738312	37.885719
1595324928255	1595324928255	-7.588	-2.528	-0.203	0.042	-0.823	-2.816	127.738312	37.885719
1595324928272	1595324928270	-7.157	-2.124	-0.067	0.465	-0.621	-2.526	127.738312	37.885719
1595324928300	1595324928288	-6.948	-1.398	0.015	0.699	-0.407	-2.131	127.738312	37.885719
1595324928313	1595324928312	-6.745	-0.931	0.278	0.672	-0.180	-1.611	127.738304	37.885735
1595324928331	1595324928328	-6.447	-0.957	0.722	0.471	0.070	-1.037	127.738304	37.885735
1595324928351	1595324928348	-6.740	-1.470	1.256	0.294	0.447	-0.400	127.738304	37.885735
1595324928370	1595324928368	-7.815	-2.272	2.051	0.285	0.908	0.290	127.738304	37.885735
1595324928389	1595324928387	-8.922	-2.787	2.822	0.492	1.235	0.943	127.738304	37.885735
1595324928409	1595324928407	-10.062	-2.711	2.775	0.816	1.441	1.578	127.738304	37.885735
1595324928430	1595324928428	-11.001	-2.193	2.410	0.970	1.659	2.208	127.738304	37.885735
1595324928453	1595324928448	-10.941	-1.762	2.300	0.740	1.796	2.787	127.738304	37.885735
1595324928470	1595324928467	-10.541	-1.793	2.710	0.326	1.882	3.293	127.738304	37.885735
1595324928489	1595324928486	-11.425	-2.061	3.340	0.016	1.998	3.772	127.738304	37.885735
1595324928510	1595324928508	-12.666	-2.011	3.438	-0.244	1.954	4.122	127.738304	37.885735
1595324928528	1595324928525	-13.294	-1.774	3.033	-0.669	1.771	4.329	127.738304	37.885735
1595324928554	1595324928549	-13.756	-2.083	2.700	-1.130	1.612	4.447	127.738304	37.885735
1595324928566	1595324928566	-14.252	-2.770	2.664	-1.384	1.478	4.467	127.738304	37.885735
1595324928590	1595324928588	-14.415	-3.276	3.158	-1.342	1.396	4.355	127.738304	37.885735
1595324928606	1595324928606	-13.737	-3.254	3.728	-1.190	1.304	4.128	127.738304	37.885735
1595324928630	1595324928630	-12.625	-3.032	3.898	-1.180	1.202	3.942	127.738304	37.885735
1595324928646	1595324928645	-11.804	-3.173	3.833	-1.389	1.089	3.823	127.738304	37.885735
1595324928664	1595324928664	-11.205	-3.223	3.766	-1.745	0.920	3.678	127.738304	37.885735
1595324928685	1595324928683	-10.680	-3.010	3.658	-2.185	0.724	3.472	127.738304	37.885735
1595324928705	1595324928702	-10.561	-3.202	3.258	-2.571	0.524	3.256	127.738304	37.885735
1595324928725	1595324928722	-10.913	-3.906	2.873	-2.693	0.369	3.046	127.738304	37.885735
1595324928746	1595324928742	-11.155	-4.785	2.691	-2.397	0.239	2.851	127.738304	37.885735
1595324928765	1595324928765	-11.346	-5.571	2.739	-1.823	0.160	2.669	127.738304	37.885735
1595324928784	1595324928783	-11.265	-6.141	2.971	-1.113	0.112	2.458	127.738304	37.885735
1595324928803	1595324928803	-10.745	-6.119	3.292	-0.405	0.106	2.214	127.738304	37.885735
1595324928824	1595324928823	-9.863	-5.619	3.742	0.146	0.129	1.940	127.738304	37.885735
1595324928846	1595324928846	-9.003	-5.164	3.874	0.402	0.146	1.644	127.738304	37.885735
1595324928864	1595324928862	-9.219	-5.077	3.876	0.403	0.211	1.294	127.738304	37.885735
1595324928884	1595324928882	-10.280	-5.156	3.915	0.322	0.261	0.854	127.738304	37.885735
1595324928903	1595324928901	-11.092	-5.211	3.852	0.219	0.209	0.348	127.738304	37.885735
1595324928923	1595324928921	-11.948	-5.267	3.946	0.131	0.184	-0.256	127.738304	37.885735
1595324928942	1595324928940	-13.497	-5.396	4.411	0.148	0.195	-0.932	127.738304	37.885735
1595324928967	1595324928965	-15.076	-5.183	4.866	0.222	0.134	-1.620	127.738304	37.885735
1595324928982	1595324928982	-14.420	-4.354	4.969	0.101	-0.158	-2.270	127.738304	37.885735
1595324929004	1595324929004	-12.355	-3.846	4.351	-0.194	-0.528	-2.936	127.738304	37.885735
1595324929021	1595324929021	-11.854	-3.901	3.464	-0.311	-0.652	-3.627	127.738304	37.885735
1595324929043	1595324929042	-12.990	-4.045	2.712	-0.064	-0.649	-4.249	127.738304	37.885735
1595324929062	1595324929059	-15.131	-4.275	2.207	0.513	-0.604	-4.736	127.738304	37.885735
1595324929082	1595324929079	-17.136	-4.272	1.852	1.241	-0.612	-5.063	127.738304	37.885735
1595324929100	1595324929098	-17.687	-3.741	1.567	1.864	-0.737	-5.173	127.738304	37.885735
1595324929120	1595324929118	-16.765	-3.087	1.543	2.230	-0.877	-5.098	127.738304	37.885735
1595324929139	1595324929136	-15.153	-2.540	1.972	2.338	-0.998	-4.915	127.738304	37.885735
1595324929159	1595324929157	-13.361	-2.069	2.255	2.174	-1.153	-4.708	127.738304	37.885735
1595324929178	1595324929177	-11.878	-1.793	2.077	1.690	-1.281	-4.476	127.738304	37.885735
1595324929198	1595324929196	-10.553	-1.676	1.445	0.984	-1.339	-4.220	127.738304	37.885735
1595324929218	1595324929216	-9.310	-1.755	0.803	0.323	-1.288	-3.974	127.738304	37.885735
1595324929238	1595324929236	-8.254	-1.851	0.389	-0.082	-1.136	-3.721	127.738304	37.885735
1595324929257	1595324929256	-7.494	-1.915	0.149	-0.197	-0.942	-3.467	127.738304	37.885735
1595324929286	1595324929277	-6.984	-2.076	0.017	-0.074	-0.734	-3.219	127.738304	37.885735
1595324929296	1595324929293	-6.807	-2.308	-0.028	0.247	-0.512	-2.920	127.738304	37.885735
1595324929318	1595324929313	-6.883	-2.390	0.039	0.672	-0.335	-2.569	127.738304	37.885735
1595324929335	1595324929333	-6.977	-2.071	0.211	1.022	-0.233	-2.166	127.738297	37.885750
1595324929354	1595324929353	-6.785	-1.506	0.391	1.120	-0.186	-1.698	127.738297	37.885750
1595324929375	1595324929372	-6.474	-1.223	0.563	0.943	-0.103	-1.160	127.738297	37.885750
1595324929394	1595324929392	-6.404	-1.347	0.798	0.616	0.078	-0.579	127.738297	37.885750
1595324929413	1595324929411	-6.780	-1.640	1.165	0.271	0.338	0.007	127.738297	37.885750
1595324929434	1595324929432	-7.801	-2.035	1.632	0.016	0.665	0.604	127.738297	37.885750
1595324929453	1595324929453	-9.291	-2.301	2.145	-0.119	0.995	1.210	127.738297	37.885750
1595324929475	1595324929475	-10.810	-2.303	2.192	-0.184	1.221	1.817	127.738297	37.885750
1595324929493	1595324929491	-12.218	-2.370	1.869	-0.283	1.428	2.480	127.738297	37.885750
1595324929512	1595324929510	-12.865	-2.627	2.015	-0.440	1.568	3.169	127.738297	37.885750
1595324929532	1595324929530	-12.257	-2.986	2.509	-0.522	1.553	3.759	127.738297	37.885750
1595324929552	1595324929550	-12.127	-3.214	3.000	-0.462	1.564	4.212	127.738297	37.885750
1595324929572	1595324929571	-13.061	-3.051	3.333	-0.398	1.567	4.484	127.738297	37.885750
1595324929592	1595324929592	-13.931	-2.466	3.237	-0.516	1.399	4.542	127.738297	37.885750
1595324929611	1595324929611	-13.840	-1.855	2.616	-0.864	1.135	4.461	127.738297	37.885750
1595324929633	1595324929631	-13.483	-1.839	2.180	-1.340	0.969	4.322	127.738297	37.885750
1595324929650	1595324929650	-13.339	-2.581	2.506	-1.718	0.886	4.110	127.738297	37.885750
1595324929677	1595324929675	-12.966	-3.384	3.122	-1.882	0.803	3.824	127.738297	37.885750
1595324929689	1595324929687	-12.173	-3.834	3.524	-1.798	0.698	3.581	127.738297	37.885750
1595324929709	1595324929707	-11.375	-4.165	3.287	-1.620	0.558	3.437	127.738297	37.885750
1595324929729	1595324929727	-10.932	-4.323	2.815	-1.465	0.441	3.335	127.738297	37.885750
1595324929748	1595324929746	-10.848	-4.153	2.528	-1.368	0.390	3.161	127.738297	37.885750
1595324929769	1595324929767	-11.042	-4.014	2.487	-1.237	0.380	2.930	127.738297	37.885750
1595324929788	1595324929788	-10.774	-4.057	2.370	-1.041	0.325	2.700	127.738297	37.885750
1595324929808	1595324929807	-10.381	-4.270	2.310	-0.810	0.311	2.525	127.738297	37.885750
1595324929827	1595324929827	-10.352	-4.622	2.746	-0.615	0.361	2.415	127.738297	37.885750
1595324929847	1595324929847	-10.165	-5.027	3.352	-0.432	0.345	2.311	127.738297	37.885750
1595324929866	1595324929864	-9.804	-5.219	3.419	-0.213	0.305	2.187	127.738297	37.885750
1595324929886	1595324929884	-9.863	-5.456	3.476	0.050	0.323	2.026	127.738297	37.885750
1595324929905	1595324929904	-10.139	-5.702	3.766	0.364	0.335	1.785	127.738297	37.885750
1595324929926	1595324929923	-10.453	-5.679	3.939	0.662	0.311	1.452	127.738297	37.885750
1595324929945	1595324929943	-10.932	-5.449	4.001	0.799	0.292	1.009	127.738297	37.885750
1595324929968	1595324929966	-11.646	-5.324	4.166	0.710	0.246	0.449	127.738297	37.885750
1595324929987	1595324929983	-13.076	-5.530	4.753	0.569	0.192	-0.228	127.738297	37.885750
1595324930008	1595324930007	-14.707	-5.446	5.345	0.592	0.080	-0.969	127.738297	37.885750
1595324930025	1595324930024	-14.245	-4.641	5.153	0.581	-0.258	-1.697	127.738297	37.885750
1595324930049	1595324930047	-11.995	-3.990	4.133	0.427	-0.691	-2.429	127.738297	37.885750
1595324930066	1595324930063	-10.803	-3.913	2.921	0.364	-0.925	-3.159	127.738297	37.885750
1595324930086	1595324930084	-12.134	-4.042	2.145	0.593	-0.935	-3.836	127.738297	37.885750
1595324930103	1595324930101	-14.789	-4.169	1.833	1.146	-0.911	-4.367	127.738297	37.885750
1595324930131	1595324930129	-16.952	-3.793	1.622	1.773	-1.012	-4.737	127.738297	37.885750
1595324930143	1595324930141	-18.118	-3.178	1.582	2.163	-1.185	-4.881	127.738297	37.885750
1595324930163	1595324930162	-17.266	-2.653	1.867	2.188	-1.456	-4.828	127.738297	37.885750
1595324930183	1595324930183	-15.380	-2.267	2.566	1.922	-1.720	-4.735	127.738297	37.885750
1595324930202	1595324930203	-14.125	-1.819	2.921	1.404	-1.897	-4.677	127.738297	37.885750
1595324930223	1595324930222	-13.232	-1.508	2.295	0.565	-2.011	-4.559	127.738297	37.885750
1595324930242	1595324930242	-12.077	-1.537	1.234	-0.410	-2.033	-4.413	127.738297	37.885750
1595324930262	1595324930262	-10.805	-1.791	0.477	-1.126	-1.922	-4.215	127.738297	37.885750
1595324930284	1595324930283	-9.811	-2.183	0.087	-1.398	-1.698	-3.975	127.738297	37.885750
1595324930301	1595324930301	-9.188	-2.617	-0.016	-1.249	-1.416	-3.748	127.738297	37.885750
1595324930321	1595324930319	-8.898	-2.900	0.015	-0.770	-1.175	-3.519	127.738297	37.885757
1595324930346	1595324930341	-8.656	-2.869	0.008	-0.144	-1.015	-3.262	127.738297	37.885757
1595324930361	1595324930358	-8.266	-2.531	0.118	0.390	-0.906	-2.955	127.738297	37.885757
1595324930380	1595324930378	-7.806	-2.006	0.166	0.655	-0.817	-2.580	127.738297	37.885757
1595324930400	1595324930397	-7.461	-1.589	0.147	0.616	-0.694	-2.126	127.738297	37.885757
1595324930420	1595324930416	-7.310	-1.525	0.187	0.386	-0.523	-1.618	127.738297	37.885757
1595324930439	1595324930437	-7.094	-1.680	0.355	0.122	-0.304	-1.075	127.738297	37.885757
1595324930459	1595324930457	-7.003	-2.009	0.755	-0.063	0.001	-0.494	127.738297	37.885757
1595324930483	1595324930477	-7.293	-2.516	1.356	-0.103	0.383	0.118	127.738297	37.885757
1595324930499	1595324930497	-8.321	-2.993	1.742	0.029	0.771	0.754	127.738297	37.885757
1595324930517	1595324930514	-10.249	-3.127	1.531	0.293	1.189	1.410	127.738297	37.885757
1595324930538	1595324930534	-11.313	-2.605	1.435	0.467	1.465	2.028	127.738297	37.885757
1595324930556	1595324930554	-10.223	-2.227	1.644	0.377	1.507	2.543	127.738297	37.885757
1595324930579	1595324930578	-9.914	-2.687	2.489	0.226	1.761	3.036	127.738297	37.885757
1595324930595	1595324930594	-11.222	-3.326	3.738	0.386	2.012	3.441	127.738297	37.885757
1595324930614	1595324930613	-11.509	-3.245	3.948	0.744	1.878	3.639	127.738297	37.885757
1595324930635	1595324930633	-11.241	-2.476	3.347	0.883	1.785	3.744	127.738297	37.885757
1595324930654	1595324930652	-11.739	-1.721	2.937	0.622	1.815	3.827	127.738297	37.885757
1595324930675	1595324930675	-12.590	-1.652	2.904	0.143	1.761	3.865	127.738297	37.885757
1595324930693	1595324930693	-12.994	-1.989	3.177	-0.262	1.636	3.842	127.738297	37.885757
1595324930713	1595324930711	-12.702	-2.251	3.639	-0.562	1.492	3.772	127.738297	37.885757
1595324930734	1595324930731	-12.051	-2.557	3.814	-0.865	1.328	3.714	127.738297	37.885757
1595324930752	1595324930751	-11.629	-3.070	3.575	-1.151	1.193	3.709	127.738297	37.885757
1595324930773	1595324930770	-11.662	-3.321	3.531	-1.373	1.096	3.679	127.738297	37.885757
1595324930793	1595324930791	-12.094	-3.381	3.714	-1.580	1.008	3.589	127.738297	37.885757
1595324930812	1595324930812	-12.326	-3.762	3.944	-1.737	0.871	3.458	127.738297	37.885757
1595324930833	1595324930831	-12.051	-4.222	3.824	-1.763	0.699	3.300	127.738297	37.885757
1595324930851	1595324930851	-11.543	-4.598	3.697	-1.541	0.590	3.125	127.738297	37.885757
1595324930871	1595324930871	-11.104	-4.866	3.783	-1.158	0.533	2.941	127.738297	37.885757
1595324930891	1595324930891	-10.774	-5.077	3.941	-0.793	0.486	2.714	127.738297	37.885757
1595324930911	1595324930909	-10.520	-5.235	4.020	-0.455	0.436	2.431	127.738297	37.885757
1595324930931	1595324930928	-10.386	-5.267	4.150	-0.109	0.411	2.111	127.738297	37.885757
1595324930949	1595324930948	-10.252	-5.185	4.408	0.175	0.376	1.749	127.738297	37.885757
1595324930970	1595324930968	-10.139	-5.044	4.483	0.312	0.302	1.356	127.738297	37.885757
1595324930989	1595324930989	-10.596	-4.969	4.437	0.285	0.254	0.910	127.738297	37.885757
1595324931010	1595324931010	-11.131	-4.869	4.478	0.169	0.176	0.402	127.738297	37.885757
1595324931029	1595324931028	-12.046	-5.005	4.703	0.076	0.090	-0.142	127.738297	37.885757
1595324931051	1595324931051	-13.833	-5.312	5.156	0.103	0.016	-0.701	127.738297	37.885757
1595324931068	1595324931068	-14.070	-5.072	5.323	0.142	-0.272	-1.236	127.738297	37.885757
1595324931090	1595324931088	-11.806	-4.598	4.221	0.033	-0.757	-1.764	127.738297	37.885757
1595324931107	1595324931105	-10.434	-4.395	2.846	0.023	-0.986	-2.369	127.738297	37.885757
1595324931131	1595324931128	-11.205	-4.198	2.331	0.330	-0.965	-2.976	127.738297	37.885757
1595324931146	1595324931144	-13.205	-4.071	2.331	0.858	-0.920	-3.544	127.738297	37.885757
1595324931166	1595324931164	-14.889	-3.726	2.257	1.365	-0.995	-3.999	127.738297	37.885757
1595324931186	1595324931184	-15.761	-3.269	1.907	1.654	-1.150	-4.296	127.738297	37.885757
1595324931207	1595324931205	-15.788	-2.943	1.665	1.713	-1.302	-4.448	127.738297	37.885757
1595324931226	1595324931225	-14.956	-2.581	1.637	1.646	-1.426	-4.497	127.738297	37.885757
1595324931244	1595324931243	-13.864	-2.236	1.814	1.427	-1.496	-4.481	127.738297	37.885757
1595324931264	1595324931264	-12.784	-2.021	1.879	1.065	-1.545	-4.425	127.738297	37.885757
1595324931300	1595324931287	-11.698	-1.999	1.582	0.612	-1.575	-4.336	127.738297	37.885757
1595324931306	1595324931306	-10.764	-2.076	1.098	0.146	-1.539	-4.206	127.738297	37.885757
1595324931327	1595324931327	-10.158	-2.191	0.681	-0.205	-1.395	-4.059	127.738297	37.885757
1595324931346	1595324931345	-9.892	-2.368	0.396	-0.343	-1.192	-3.868	127.738304	37.885765
1595324931366	1595324931363	-9.713	-2.560	0.271	-0.221	-0.999	-3.636	127.738304	37.885765
1595324931383	1595324931381	-9.363	-2.651	0.247	0.101	-0.861	-3.410	127.738304	37.885765
1595324931403	1595324931401	-9.190	-2.454	0.192	0.508	-0.724	-3.136	127.738304	37.885765
1595324931422	1595324931420	-9.219	-1.946	0.293	0.868	-0.593	-2.760	127.738304	37.885765
1595324931442	1595324931441	-9.035	-1.302	0.425	1.036	-0.518	-2.300	127.738304	37.885765
1595324931467	1595324931466	-8.963	-0.828	0.801	0.953	-0.383	-1.770	127.738304	37.885765
1595324931484	1595324931483	-9.765	-0.883	1.519	0.695	-0.105	-1.178	127.738304	37.885765
1595324931508	1595324931507	-10.688	-1.084	1.910	0.384	0.127	-0.598	127.738304	37.885765
1595324931524	1595324931521	-10.767	-0.849	1.716	0.054	0.261	-0.094	127.738304	37.885765
1595324931545	1595324931543	-10.862	-0.576	1.296	-0.403	0.537	0.440	127.738304	37.885765
1595324931561	1595324931560	-11.227	-1.055	1.349	-0.906	0.911	1.071	127.738304	37.885765
1595324931585	1595324931580	-10.740	-2.097	1.833	-1.109	1.102	1.685	127.738304	37.885765
1595324931601	1595324931601	-10.649	-3.000	2.362	-0.862	1.304	2.279	127.738304	37.885765
1595324931624	1595324931623	-10.987	-3.238	2.652	-0.378	1.411	2.764	127.738304	37.885765
1595324931641	1595324931641	-10.831	-2.703	2.379	-0.079	1.328	3.084	127.738304	37.885765
1595324931661	1595324931661	-10.659	-1.934	1.917	-0.110	1.282	3.368	127.738304	37.885765
1595324931680	1595324931680	-10.779	-1.570	1.610	-0.352	1.256	3.643	127.738304	37.885765
1595324931699	1595324931698	-11.330	-1.594	2.053	-0.661	1.227	3.890	127.738304	37.885765
1595324931722	1595324931721	-11.773	-1.831	2.863	-0.939	1.091	4.094	127.738304	37.885765
1595324931738	1595324931736	-11.658	-1.884	3.232	-1.299	0.854	4.281	127.738304	37.885765
1595324931758	1595324931755	-11.892	-1.987	2.921	-1.880	0.643	4.554	127.738304	37.885765
1595324931778	1595324931775	-12.618	-2.497	2.408	-2.650	0.424	4.859	127.738304	37.885765
1595324931798	1595324931794	-12.946	-3.293	2.077	-3.343	0.152	5.025	127.738304	37.885765
1595324931816	1595324931816	-12.745	-4.016	1.927	-3.717	-0.090	4.989	127.738304	37.885765
1595324931837	1595324931836	-12.834	-4.831	2.041	-3.717	-0.196	4.841	127.738304	37.885765
1595324931856	1595324931856	-13.198	-5.772	2.504	-3.259	-0.235	4.561	127.738304	37.885765
1595324931876	1595324931876	-12.923	-6.409	2.844	-2.310	-0.260	4.159	127.738304	37.885765
1595324931896	1595324931896	-12.075	-6.543	2.619	-1.108	-0.187	3.688	127.738304	37.885765
1595324931915	1595324931915	-11.262	-6.318	2.094	0.020	-0.007	3.166	127.738304	37.885765
1595324931935	1595324931933	-10.728	-5.738	1.965	0.834	0.219	2.590	127.738304	37.885765
1595324931954	1595324931952	-10.355	-4.943	2.204	1.208	0.398	2.014	127.738304	37.885765
1595324931975	1595324931972	-10.314	-4.577	2.492	1.157	0.494	1.474	127.738304	37.885765
1595324931994	1595324931992	-10.661	-4.694	2.789	0.832	0.548	0.958	127.738304	37.885765
1595324932013	1595324932011	-11.109	-4.737	3.086	0.442	0.574	0.439	127.738304	37.885765
1595324932034	1595324932033	-11.888	-4.854	3.649	0.124	0.618	-0.093	127.738304	37.885765
1595324932052	1595324932052	-13.368	-5.307	4.566	-0.062	0.666	-0.606	127.738304	37.885765
1595324932074	1595324932072	-13.117	-5.391	5.386	-0.207	0.446	-1.057	127.738304	37.885765
1595324932092	1595324932092	-10.501	-5.058	4.691	-0.381	-0.001	-1.516	127.738304	37.885765
1595324932112	1595324932112	-9.346	-5.140	3.448	-0.316	-0.147	-2.124	127.738304	37.885765
1595324932133	1595324932130	-10.419	-5.314	2.830	0.162	-0.089	-2.838	127.738304	37.885765
1595324932151	1595324932149	-12.690	-5.171	2.705	0.890	-0.046	-3.533	127.738304	37.885765
1595324932171	1595324932169	-14.700	-4.811	2.645	1.673	-0.148	-4.148	127.738304	37.885765
1595324932190	1595324932189	-16.063	-4.301	2.379	2.381	-0.345	-4.594	127.738304	37.885765
1595324932209	1595324932208	-16.789	-3.527	2.152	2.895	-0.538	-4.869	127.738304	37.885765
1595324932231	1595324932228	-16.135	-2.445	2.044	3.080	-0.801	-4.987	127.738304	37.885765
1595324932250	1595324932249	-14.892	-1.633	1.989	2.888	-1.058	-4.971	127.738304	37.885765
1595324932270	1595324932269	-13.715	-1.458	1.970	2.418	-1.250	-4.840	127.738304	37.885765
1595324932289	1595324932287	-12.396	-1.623	1.744	1.854	-1.403	-4.654	127.738304	37.885765
1595324932308	1595324932307	-11.308	-1.894	1.376	1.319	-1.472	-4.400	127.738304	37.885765
1595324932328	1595324932328	-10.678	-2.076	1.014	0.825	-1.464	-4.089	127.738312	37.885773
1595324932348	1595324932346	-10.283	-2.164	0.724	0.443	-1.427	-3.776	127.738312	37.885773
1595324932368	1595324932366	-10.060	-2.318	0.511	0.244	-1.358	-3.456	127.738312	37.885773
1595324932388	1595324932385	-9.847	-2.406	0.338	0.268	-1.287	-3.145	127.738312	37.885773
1595324932407	1595324932405	-9.583	-2.265	0.142	0.418	-1.223	-2.844	127.738312	37.885773
1595324932427	1595324932426	-9.348	-1.966	0.082	0.518	-1.144	-2.508	127.738312	37.885773
1595324932447	1595324932445	-8.977	-1.628	0.087	0.465	-1.081	-2.124	127.738312	37.885773
1595324932469	1595324932469	-8.814	-1.340	0.123	0.240	-0.955	-1.683	127.738312	37.885773
1595324932488	1595324932486	-9.269	-1.331	0.379	-0.099	-0.723	-1.173	127.738312	37.885773
1595324932511	1595324932505	-10.153	-1.551	0.825	-0.474	-0.446	-0.641	127.738312	37.885773
1595324932530	1595324932523	-10.505	-1.558	1.143	-0.780	-0.221	-0.146	127.738312	37.885773
1595324932550	1595324932546	-10.170	-0.962	1.112	-0.975	0.012	0.341	127.738312	37.885773
1595324932564	1595324932563	-10.599	-0.339	1.220	-1.078	0.427	0.988	127.738312	37.885773
1595324932586	1595324932584	-11.399	-0.770	1.783	-1.086	0.783	1.734	127.738312	37.885773
1595324932604	1595324932602	-11.406	-2.231	2.667	-0.948	0.876	2.446	127.738312	37.885773
1595324932627	1595324932627	-11.097	-3.278	3.057	-0.657	0.830	3.068	127.738312	37.885773
1595324932643	1595324932643	-11.195	-3.024	2.937	-0.376	0.751	3.537	127.738312	37.885773
1595324932664	1595324932664	-11.356	-2.241	2.391	-0.308	0.633	3.814	127.738312	37.885773
1595324932684	1595324932684	-11.418	-2.104	2.324	-0.387	0.568	3.904	127.738312	37.885773
1595324932703	1595324932703	-11.425	-2.366	2.731	-0.523	0.571	3.817	127.738312	37.885773
1595324932727	1595324932722	-11.545	-2.540	3.081	-0.557	0.590	3.684	127.738312	37.885773
1595324932745	1595324932743	-11.411	-2.567	3.421	-0.532	0.589	3.586	127.738312	37.885773
1595324932763	1595324932761	-10.949	-2.677	3.520	-0.643	0.505	3.531	127.738312	37.885773
1595324932783	1595324932781	-10.446	-3.079	3.028	-0.924	0.355	3.556	127.738312	37.885773
1595324932802	1595324932800	-10.060	-3.604	2.307	-1.158	0.200	3.597	127.738312	37.885773
1595324932823	1595324932821	-9.981	-3.652	1.915	-1.195	0.156	3.506	127.738312	37.885773
1595324932842	1595324932842	-10.192	-3.249	1.874	-1.135	0.201	3.323	127.738312	37.885773
1595324932862	1595324932862	-10.649	-3.154	1.821	-1.137	0.255	3.159	127.738312	37.885773
1595324932882	1595324932881	-11.143	-3.472	1.682	-1.189	0.288	3.029	127.738312	37.885773
1595324932902	1595324932900	-11.605	-3.889	1.752	-1.169	0.353	2.910	127.738312	37.885773
1595324932921	1595324932921	-12.015	-4.289	2.156	-1.050	0.444	2.805	127.738312	37.885773
1595324932942	1595324932940	-11.969	-4.725	2.640	-0.879	0.494	2.713	127.738312	37.885773
1595324932962	1595324932958	-11.351	-5.094	2.899	-0.640	0.515	2.601	127.738312	37.885773
1595324932980	1595324932976	-10.745	-5.240	3.158	-0.311	0.572	2.446	127.738312	37.885773
1595324933001	1595324932996	-10.453	-5.116	3.457	0.009	0.639	2.224	127.738312	37.885773
1595324933019	1595324933017	-10.759	-5.003	3.776	0.234	0.705	1.916	127.738312	37.885773
1595324933039	1595324933037	-11.615	-4.914	4.121	0.280	0.723	1.515	127.738312	37.885773
1595324933058	1595324933057	-12.820	-4.986	4.751	0.127	0.668	1.023	127.738312	37.885773
1595324933078	1595324933076	-14.046	-5.358	5.644	-0.072	0.501	0.441	127.738312	37.885773
1595324933097	1595324933096	-13.363	-5.106	5.877	-0.352	0.148	-0.208	127.738312	37.885773
1595324933116	1595324933115	-10.659	-4.136	4.964	-0.791	-0.285	-0.934	127.738312	37.885773
1595324933136	1595324933136	-8.627	-3.774	3.702	-1.111	-0.524	-1.743	127.738312	37.885773
1595324933156	1595324933154	-9.358	-4.294	3.146	-0.987	-0.452	-2.592	127.738312	37.885773
1595324933177	1595324933176	-11.715	-4.763	3.036	-0.436	-0.348	-3.351	127.738312	37.885773
1595324933195	1595324933193	-13.572	-4.893	2.751	0.279	-0.406	-3.960	127.738312	37.885773
1595324933215	1595324933213	-14.767	-4.804	2.355	0.985	-0.494	-4.350	127.738312	37.885773
1595324933236	1595324933232	-15.181	-4.287	1.998	1.641	-0.558	-4.560	127.738312	37.885773
1595324933254	1595324933254	-14.750	-3.309	1.864	2.150	-0.612	-4.645	127.738312	37.885773
1595324933274	1595324933274	-13.701	-2.394	2.025	2.358	-0.711	-4.610	127.738312	37.885773
1595324933293	1595324933293	-12.362	-1.906	2.178	2.203	-0.860	-4.488	127.738312	37.885773
1595324933313	1595324933313	-11.238	-1.896	1.984	1.805	-0.973	-4.304	127.738319	37.885780
1595324933333	1595324933331	-10.419	-2.080	1.512	1.296	-1.028	-4.073	127.738319	37.885780
1595324933353	1595324933351	-9.787	-2.157	1.062	0.829	-1.039	-3.822	127.738319	37.885780
1595324933373	1595324933370	-9.399	-2.164	0.755	0.517	-1.001	-3.538	127.738319	37.885780
1595324933392	1595324933390	-9.174	-2.267	0.556	0.397	-0.954	-3.254	127.738319	37.885780
1595324933411	1595324933409	-9.083	-2.447	0.381	0.470	-0.899	-2.991	127.738319	37.885780
1595324933432	1595324933429	-9.140	-2.325	0.238	0.675	-0.820	-2.710	127.738319	37.885780
1595324933451	1595324933451	-9.063	-1.860	0.281	0.840	-0.775	-2.364	127.738319	37.885780
1595324933471	1595324933471	-8.800	-1.324	0.357	0.818	-0.764	-1.958	127.738319	37.885780
1595324933493	1595324933490	-8.618	-0.945	0.422	0.637	-0.679	-1.482	127.738319	37.885780
1595324933511	1595324933511	-8.963	-1.046	0.664	0.360	-0.466	-0.919	127.738319	37.885780
1595324933531	1595324933529	-9.962	-1.647	1.201	0.061	-0.169	-0.350	127.738319	37.885780
1595324933552	1595324933550	-10.841	-2.097	1.651	-0.131	0.083	0.157	127.738319	37.885780
1595324933570	1595324933567	-10.733	-2.215	1.972	-0.180	0.260	0.632	127.738319	37.885780
1595324933591	1595324933587	-10.685	-2.253	2.161	-0.157	0.516	1.083	127.738319	37.885780
1595324933608	1595324933606	-11.722	-2.104	2.293	-0.051	0.863	1.565	127.738319	37.885780
1595324933632	1595324933629	-11.775	-1.673	2.600	0.029	0.952	2.009	127.738319	37.885780
1595324933647	1595324933647	-11.150	-1.597	3.175	-0.072	0.904	2.399	127.738319	37.885780
1595324933668	1595324933668	-11.526	-1.771	3.306	-0.322	0.849	2.806	127.738319	37.885780
1595324933687	1595324933687	-11.732	-1.460	2.566	-0.727	0.649	3.114	127.738319	37.885780
1595324933707	1595324933707	-11.385	-1.199	2.168	-1.325	0.450	3.259	127.738319	37.885780
1595324933730	1595324933728	-10.831	-1.736	2.782	-1.824	0.313	3.248	127.738319	37.885780
1595324933751	1595324933751	-10.242	-2.423	3.302	-1.949	0.259	3.069	127.738319	37.885780
1595324933767	1595324933764	-10.031	-2.682	3.927	-1.714	0.345	2.841	127.738319	37.885780
1595324933786	1595324933784	-9.722	-2.665	4.219	-1.410	0.341	2.670	127.738319	37.885780
1595324933805	1595324933803	-9.116	-2.684	3.817	-1.308	0.200	2.623	127.738319	37.885780
1595324933826	1595324933823	-8.630	-2.931	3.038	-1.335	0.030	2.685	127.738319	37.885780
1595324933845	1595324933844	-8.390	-3.111	2.477	-1.350	-0.083	2.716	127.738319	37.885780
1595324933865	1595324933864	-8.594	-3.034	2.248	-1.337	-0.113	2.687	127.738319	37.885780
1595324933885	1595324933884	-9.447	-3.137	2.180	-1.259	-0.068	2.665	127.738319	37.885780
1595324933904	1595324933904	-10.237	-3.604	2.089	-1.136	-0.045	2.645	127.738319	37.885780
1595324933924	1595324933923	-10.529	-4.064	1.931	-0.980	-0.035	2.636	127.738319	37.885780
1595324933945	1595324933943	-10.735	-4.457	1.891	-0.782	0.036	2.665	127.738319	37.885780
1595324933968	1595324933967	-10.913	-4.790	2.018	-0.463	0.139	2.686	127.738319	37.885780
1595324933983	1595324933981	-10.721	-5.017	2.243	-0.030	0.234	2.663	127.738319	37.885780
1595324934008	1595324934005	-10.556	-5.149	2.406	0.396	0.368	2.587	127.738319	37.885780
1595324934023	1595324934021	-10.764	-5.264	2.640	0.719	0.525	2.437	127.738319	37.885780
1595324934049	1595324934047	-11.073	-5.365	3.019	0.950	0.637	2.181	127.738319	37.885780
1595324934063	1595324934063	-11.612	-5.307	3.325	1.104	0.731	1.809	127.738319	37.885780
1595324934085	1595324934085	-12.652	-5.180	3.709	1.142	0.830	1.333	127.738319	37.885780
1595324934102	1595324934102	-13.780	-5.101	4.557	1.001	0.836	0.741	127.738319	37.885780
1595324934126	1595324934126	-14.712	-5.092	5.731	0.743	0.724	0.046	127.738319	37.885780
1595324934151	1595324934144	-14.041	-4.538	6.351	0.317	0.425	-0.683	127.738319	37.885780
1595324934163	1595324934160	-11.509	-3.683	5.661	-0.341	-0.028	-1.437	127.738319	37.885780
1595324934182	1595324934179	-9.770	-3.738	4.506	-0.825	-0.315	-2.227	127.738319	37.885780
1595324934202	1595324934201	-9.844	-4.399	3.852	-0.786	-0.387	-2.983	127.738319	37.885780
1595324934221	1595324934218	-11.318	-4.893	3.584	-0.253	-0.377	-3.645	127.738319	37.885780
1595324934240	1595324934239	-13.054	-5.173	3.234	0.557	-0.413	-4.171	127.738319	37.885780
1595324934261	1595324934259	-14.317	-4.931	2.585	1.415	-0.487	-4.523	127.738319	37.885780
1595324934280	1595324934279	-14.729	-4.102	2.123	2.197	-0.554	-4.649	127.738319	37.885780
1595324934298	1595324934295	-14.120	-3.015	2.058	2.751	-0.677	-4.595	127.738319	37.885780
1595324934331	1595324934315	-12.901	-2.119	2.219	2.927	-0.857	-4.410	127.738327	37.885792
1595324934338	1595324934334	-11.581	-1.757	2.238	2.715	-1.073	-4.152	127.738327	37.885792
1595324934357	1595324934354	-10.608	-1.872	1.910	2.206	-1.225	-3.858	127.738327	37.885792
1595324934378	1595324934374	-10.093	-2.114	1.349	1.604	-1.284	-3.562	127.738327	37.885792
1595324934397	1595324934394	-9.612	-2.083	0.920	1.113	-1.313	-3.292	127.738327	37.885792
1595324934416	1595324934414	-9.183	-1.920	0.599	0.793	-1.330	-3.014	127.738327	37.885792
1595324934436	1595324934433	-8.927	-1.925	0.326	0.592	-1.326	-2.747	127.738327	37.885792
1595324934456	1595324934453	-8.845	-1.966	0.135	0.465	-1.306	-2.496	127.738327	37.885792
1595324934476	1595324934475	-8.702	-1.834	0.127	0.381	-1.288	-2.255	127.738327	37.885792
1595324934494	1595324934494	-8.479	-1.467	0.132	0.217	-1.262	-2.009	127.738327	37.885792
1595324934515	1595324934515	-8.393	-1.082	0.084	-0.110	-1.170	-1.690	127.738327	37.885792
1595324934534	1595324934534	-8.366	-0.890	-0.038	-0.513	-1.006	-1.285	127.738327	37.885792
1595324934554	1595324934553	-8.699	-1.110	0.068	-0.829	-0.702	-0.796	127.738327	37.885792
1595324934574	1595324934571	-9.574	-1.882	0.554	-0.947	-0.285	-0.213	127.738327	37.885792
1595324934593	1595324934591	-10.359	-2.830	0.997	-0.839	0.078	0.361	127.738327	37.885792
1595324934613	1595324934611	-10.769	-3.451	1.435	-0.490	0.400	0.874	127.738327	37.885792
1595324934633	1595324934631	-11.715	-3.266	1.891	0.072	0.776	1.343	127.738327	37.885792
1595324934655	1595324934652	-12.453	-2.251	1.697	0.651	1.081	1.752	127.738327	37.885792
1595324934672	1595324934672	-11.586	-1.510	1.546	0.934	1.239	2.025	127.738327	37.885792
1595324934691	1595324934691	-10.743	-1.843	1.874	0.961	1.457	2.318	127.738327	37.885792
1595324934711	1595324934711	-10.953	-2.162	2.818	1.070	1.667	2.606	127.738327	37.885792
1595324934733	1595324934731	-11.274	-1.364	2.906	1.140	1.655	2.789	127.738327	37.885792
1595324934753	1595324934750	-11.418	-0.279	2.319	0.816	1.600	2.971	127.738327	37.885792
