1595324895388	1595324895388	-12.259	-5.034	2.250	0.816	-0.695	-3.834	127.738365	37.885357
1595324895402	1595324895400	-14.065	-4.854	1.639	1.759	-0.734	-4.160	127.738365	37.885357
1595324895421	1595324895420	-15.229	-3.894	1.390	2.631	-0.831	-4.286	127.738365	37.885357
1595324895442	1595324895439	-15.086	-2.766	1.697	3.124	-1.048	-4.223	127.738365	37.885357
1595324895466	1595324895463	-13.874	-1.927	2.173	3.095	-1.345	-4.059	127.738365	37.885357
1595324895482	1595324895479	-12.563	-1.604	2.358	2.631	-1.599	-3.881	127.738365	37.885357
1595324895503	1595324895501	-11.543	-1.623	2.087	1.883	-1.762	-3.712	127.738365	37.885357
1595324895521	1595324895518	-10.762	-1.673	1.462	1.007	-1.837	-3.561	127.738365	37.885357
1595324895542	1595324895540	-10.232	-1.791	0.820	0.202	-1.804	-3.418	127.738365	37.885357
1595324895560	1595324895557	-9.945	-2.018	0.432	-0.324	-1.697	-3.252	127.738365	37.885357
1595324895581	1595324895577	-9.744	-2.337	0.178	-0.500	-1.573	-3.083	127.738365	37.885357
1595324895599	1595324895596	-9.631	-2.660	0.065	-0.378	-1.432	-2.923	127.738365	37.885357
1595324895619	1595324895615	-9.564	-2.833	-0.064	-0.050	-1.303	-2.767	127.738365	37.885357
1595324895638	1595324895635	-9.698	-2.699	-0.052	0.324	-1.162	-2.575	127.738365	37.885357
1595324895659	1595324895655	-9.921	-2.334	0.137	0.572	-1.044	-2.342	127.738365	37.885357
1595324895682	1595324895675	-10.156	-1.865	0.345	0.568	-0.920	-2.047	127.738365	37.885357
1595324895698	1595324895695	-10.357	-1.527	0.688	0.322	-0.755	-1.668	127.738365	37.885357
1595324895715	1595324895714	-10.311	-1.645	1.033	-0.013	-0.584	-1.249	127.738365	37.885357
1595324895737	1595324895734	-10.139	-1.829	1.304	-0.276	-0.337	-0.861	127.738365	37.885357
1595324895756	1595324895753	-10.388	-1.771	1.376	-0.384	0.032	-0.479	127.738365	37.885357
1595324895776	1595324895773	-11.150	-1.510	1.174	-0.397	0.436	-0.094	127.738365	37.885357
1595324895795	1595324895793	-11.306	-1.180	1.002	-0.395	0.781	0.292	127.738365	37.885357
1595324895814	1595324895813	-10.285	-1.352	1.332	-0.346	1.040	0.712	127.738365	37.885357
1595324895835	1595324895832	-9.851	-2.162	2.065	-0.098	1.366	1.219	127.738365	37.885357
1595324895858	1595324895857	-10.343	-2.516	2.648	0.300	1.612	1.686	127.738365	37.885357
1595324895882	1595324895882	-10.213	-2.049	2.636	0.487	1.552	1.993	127.738365	37.885357
1595324895893	1595324895891	-9.655	-1.532	2.171	0.248	1.440	2.242	127.738365	37.885357
1595324895912	1595324895911	-9.588	-1.359	1.881	-0.196	1.438	2.513	127.738365	37.885357
1595324895933	1595324895931	-9.868	-1.410	1.812	-0.583	1.441	2.752	127.738365	37.885357
1595324895953	1595324895951	-10.259	-1.594	1.788	-0.815	1.451	2.965	127.738365	37.885357
1595324895972	1595324895970	-10.541	-1.831	2.025	-0.906	1.452	3.173	127.738365	37.885357
1595324895991	1595324895990	-10.661	-2.298	2.463	-0.980	1.411	3.393	127.738365	37.885357
1595324896011	1595324896009	-10.932	-3.091	2.705	-1.069	1.362	3.675	127.738365	37.885357
1595324896032	1595324896029	-11.325	-3.834	2.887	-1.033	1.297	3.953	127.738365	37.885357
1595324896051	1595324896049	-11.466	-3.889	2.913	-0.909	1.198	4.085	127.738365	37.885357
1595324896070	1595324896068	-11.763	-3.697	2.899	-0.753	1.177	4.125	127.738365	37.885357
1595324896091	1595324896089	-12.367	-3.882	3.096	-0.646	1.193	4.105	127.738365	37.885357
1595324896109	1595324896108	-12.745	-4.462	3.472	-0.519	1.151	3.985	127.738365	37.885357
1595324896130	1595324896128	-12.829	-4.943	3.987	-0.234	1.112	3.762	127.738365	37.885357
1595324896150	1595324896147	-12.781	-4.907	4.432	0.115	1.107	3.434	127.738365	37.885357
1595324896169	1595324896167	-12.491	-4.694	4.794	0.336	1.063	3.013	127.738365	37.885357
1595324896190	1595324896187	-11.782	-4.502	5.290	0.371	0.940	2.519	127.738365	37.885357
1595324896208	1595324896208	-10.975	-4.280	5.661	0.251	0.772	1.970	127.738365	37.885357
1595324896228	1595324896226	-10.477	-4.047	5.616	-0.012	0.578	1.381	127.738365	37.885357
1595324896249	1595324896247	-10.446	-3.954	5.292	-0.337	0.373	0.774	127.738365	37.885357
1595324896268	1595324896268	-10.738	-3.968	5.014	-0.587	0.185	0.170	127.738365	37.885357
1595324896289	1595324896287	-11.545	-4.050	5.134	-0.709	0.032	-0.435	127.738365	37.885357
1595324896307	1595324896305	-12.812	-4.723	5.781	-0.664	-0.154	-1.010	127.738365	37.885357
1595324896331	1595324896324	-13.294	-5.669	5.886	-0.400	-0.481	-1.542	127.738365	37.885357
1595324896346	1595324896344	-12.506	-6.074	4.825	0.165	-0.852	-2.024	127.738365	37.885368
1595324896367	1595324896365	-11.449	-5.417	3.759	0.902	-1.124	-2.568	127.738365	37.885368
1595324896388	1595324896384	-11.131	-4.323	2.741	1.580	-1.321	-3.100	127.738365	37.885368
1595324896406	1595324896404	-12.743	-3.602	2.123	2.223	-1.378	-3.497	127.738365	37.885368
1595324896426	1595324896423	-15.253	-2.984	1.989	2.809	-1.468	-3.726	127.738365	37.885368
1595324896445	1595324896444	-16.887	-2.215	1.965	3.027	-1.734	-3.783	127.738365	37.885368
1595324896468	1595324896465	-16.813	-1.879	2.113	2.747	-2.078	-3.670	127.738365	37.885368
1595324896486	1595324896482	-15.356	-1.932	2.336	2.126	-2.410	-3.500	127.738365	37.885368
1595324896508	1595324896505	-14.036	-1.877	2.348	1.342	-2.598	-3.398	127.738365	37.885368
1595324896524	1595324896522	-13.172	-1.793	2.006	0.431	-2.684	-3.346	127.738365	37.885368
1595324896549	1595324896545	-12.192	-1.695	1.253	-0.531	-2.720	-3.328	127.738365	37.885368
1595324896564	1595324896562	-11.224	-1.750	0.487	-1.316	-2.610	-3.319	127.738365	37.885368
1595324896586	1595324896586	-10.407	-1.951	0.024	-1.793	-2.367	-3.311	127.738365	37.885368
1595324896603	1595324896603	-9.782	-2.354	-0.158	-1.921	-2.071	-3.299	127.738365	37.885368
1595324896628	1595324896627	-9.248	-2.787	-0.215	-1.687	-1.759	-3.302	127.738365	37.885368
1595324896643	1595324896643	-8.884	-3.082	-0.316	-1.136	-1.433	-3.298	127.738365	37.885368
1595324896665	1595324896664	-8.821	-3.065	-0.275	-0.438	-1.104	-3.235	127.738365	37.885368
1595324896684	1595324896682	-8.776	-2.619	-0.141	0.166	-0.860	-3.114	127.738365	37.885368
1595324896703	1595324896701	-8.714	-1.906	-0.040	0.515	-0.668	-2.878	127.738365	37.885368
1595324896722	1595324896720	-8.711	-1.438	0.118	0.646	-0.456	-2.429	127.738365	37.885368
1595324896743	1595324896740	-8.364	-1.345	0.492	0.667	-0.288	-1.879	127.738365	37.885368
1595324896762	1595324896760	-8.043	-1.235	1.160	0.646	-0.091	-1.330	127.738365	37.885368
1595324896782	1595324896781	-8.654	-1.182	2.030	0.591	0.260	-0.719	127.738365	37.885368
1595324896802	1595324896801	-9.519	-1.264	2.159	0.434	0.569	-0.121	127.738365	37.885368
1595324896821	1595324896821	-9.399	-0.914	1.483	0.286	0.754	0.408	127.738365	37.885368
1595324896841	1595324896841	-9.118	-0.291	1.043	0.097	1.094	0.992	127.738365	37.885368
1595324896860	1595324896858	-9.665	-0.581	1.215	-0.173	1.553	1.703	127.738365	37.885368
1595324896880	1595324896878	-10.254	-1.530	1.620	-0.349	1.858	2.382	127.738365	37.885368
1595324896899	1595324896899	-10.108	-2.136	2.367	-0.313	1.978	2.887	127.738365	37.885368
1595324896921	1595324896918	-10.465	-2.452	2.947	-0.205	2.109	3.305	127.738365	37.885368
1595324896939	1595324896936	-11.782	-2.605	3.304	-0.235	2.193	3.680	127.738365	37.885368
1595324896959	1595324896955	-12.633	-2.619	3.419	-0.392	2.031	3.946	127.738365	37.885368
1595324896978	1595324896975	-13.009	-2.794	3.285	-0.531	1.799	4.122	127.738365	37.885368
1595324896996	1595324896996	-13.768	-2.984	2.806	-0.526	1.668	4.229	127.738365	37.885368
1595324897016	1595324897016	-14.053	-2.787	2.420	-0.457	1.581	4.206	127.738365	37.885368
1595324897037	1595324897036	-13.169	-2.631	3.019	-0.480	1.488	4.043	127.738365	37.885368
1595324897055	1595324897055	-11.919	-2.998	4.035	-0.579	1.411	3.882	127.738365	37.885368
1595324897076	1595324897076	-11.171	-3.592	4.698	-0.601	1.395	3.714	127.738365	37.885368
1595324897099	1595324897098	-11.006	-3.635	4.744	-0.608	1.357	3.466	127.738365	37.885368
1595324897115	1595324897113	-11.052	-3.020	4.284	-0.823	1.233	3.187	127.738365	37.885368
1595324897135	1595324897133	-11.286	-2.845	3.603	-1.190	1.074	2.962	127.738365	37.885368
1595324897154	1595324897152	-11.480	-3.439	3.215	-1.348	0.932	2.774	127.738365	37.885368
1595324897175	1595324897172	-11.454	-3.985	3.282	-1.159	0.845	2.615	127.738365	37.885368
1595324897193	1595324897193	-11.500	-4.459	3.757	-0.883	0.795	2.484	127.738365	37.885368
1595324897213	1595324897213	-11.442	-5.099	4.169	-0.685	0.687	2.372	127.738365	37.885368
1595324897233	1595324897233	-11.167	-5.532	4.444	-0.420	0.583	2.246	127.738365	37.885368
1595324897253	1595324897253	-10.726	-5.477	4.691	-0.070	0.514	2.077	127.738365	37.885368
1595324897273	1595324897273	-10.779	-5.278	4.854	0.156	0.467	1.857	127.738365	37.885368
1595324897292	1595324897291	-11.538	-5.405	5.105	0.211	0.409	1.531	127.738365	37.885368
1595324897312	1595324897309	-12.307	-5.513	5.225	0.154	0.280	1.071	127.738365	37.885368
1595324897332	1595324897329	-12.719	-5.441	5.302	0.013	0.122	0.475	127.738365	37.885376
1595324897351	1595324897350	-12.578	-5.204	5.493	-0.124	-0.062	-0.244	127.738365	37.885376
1595324897371	1595324897369	-12.484	-4.531	5.690	-0.163	-0.252	-1.022	127.738365	37.885376
1595324897391	1595324897389	-12.000	-3.496	5.340	-0.225	-0.522	-1.788	127.738365	37.885376
1595324897411	1595324897408	-10.985	-3.113	4.152	-0.437	-0.903	-2.517	127.738365	37.885376
1595324897430	1595324897428	-11.145	-3.532	2.820	-0.516	-1.153	-3.213	127.738365	37.885376
1595324897450	1595324897448	-12.604	-3.856	1.974	-0.272	-1.255	-3.818	127.738365	37.885376
1595324897470	1595324897470	-14.798	-4.150	1.507	0.366	-1.295	-4.340	127.738365	37.885376
1595324897492	1595324897490	-17.024	-3.992	1.366	1.257	-1.344	-4.721	127.738365	37.885376
1595324897510	1595324897508	-18.030	-3.420	1.637	1.974	-1.499	-4.863	127.738365	37.885376
1595324897529	1595324897527	-17.563	-2.890	2.317	2.152	-1.733	-4.792	127.738365	37.885376
1595324897552	1595324897549	-16.509	-2.536	2.988	1.805	-1.936	-4.674	127.738365	37.885376
1595324897567	1595324897566	-15.059	-2.112	3.004	1.179	-2.085	-4.578	127.738365	37.885376
1595324897591	1595324897588	-13.382	-1.755	2.446	0.388	-2.147	-4.467	127.738365	37.885376
1595324897607	1595324897607	-11.684	-1.479	1.385	-0.586	-2.105	-4.367	127.738365	37.885376
1595324897631	1595324897631	-10.194	-1.484	0.446	-1.419	-1.897	-4.282	127.738365	37.885376
1595324897646	1595324897647	-9.080	-1.764	0.041	-1.846	-1.542	-4.171	127.738365	37.885376
1595324897666	1595324897666	-8.309	-2.310	-0.095	-1.757	-1.162	-4.022	127.738365	37.885376
1595324897689	1595324897688	-7.966	-2.907	-0.062	-1.186	-0.773	-3.846	127.738365	37.885376
1595324897707	1595324897704	-7.995	-3.261	-0.124	-0.300	-0.457	-3.619	127.738365	37.885376
1595324897726	1595324897723	-8.009	-3.053	-0.028	0.624	-0.275	-3.318	127.738365	37.885376
1595324897745	1595324897743	-7.902	-2.308	0.080	1.301	-0.200	-2.910	127.738365	37.885376
1595324897764	1595324897763	-7.854	-1.628	0.360	1.584	-0.128	-2.335	127.738365	37.885376
1595324897785	1595324897782	-7.638	-1.324	0.781	1.503	-0.088	-1.692	127.738365	37.885376
1595324897804	1595324897804	-7.312	-1.247	1.107	1.187	-0.032	-1.057	127.738365	37.885376
1595324897825	1595324897824	-7.494	-1.314	1.349	0.723	0.165	-0.418	127.738365	37.885376
1595324897844	1595324897844	-8.115	-1.518	1.773	0.251	0.446	0.215	127.738365	37.885376
1595324897864	1595324897864	-8.577	-1.767	2.202	-0.061	0.697	0.810	127.738365	37.885376
1595324897885	1595324897883	-9.274	-1.944	1.986	-0.192	0.953	1.413	127.738365	37.885376
1595324897903	1595324897901	-10.474	-1.812	1.476	-0.338	1.247	2.094	127.738365	37.885376
1595324897924	1595324897924	-10.661	-1.855	1.435	-0.580	1.368	2.800	127.738365	37.885376
1595324897943	1595324897942	-10.345	-2.540	1.835	-0.754	1.400	3.497	127.738365	37.885376
1595324897970	1595324897964	-11.370	-3.266	2.533	-0.668	1.559	4.149	127.738365	37.885376
1595324897983	1595324897981	-12.422	-3.276	2.662	-0.470	1.532	4.588	127.738365	37.885376
1595324898007	1595324898005	-12.673	-2.694	2.353	-0.490	1.392	4.839	127.738365	37.885376
1595324898022	1595324898022	-13.344	-2.631	2.207	-0.673	1.391	5.055	127.738365	37.885376
1595324898045	1595324898045	-14.535	-3.194	2.252	-0.742	1.389	5.165	127.738365	37.885376
1595324898062	1595324898062	-15.306	-3.894	2.604	-0.497	1.360	5.111	127.738365	37.885376
1595324898084	1595324898083	-14.760	-4.181	3.337	-0.037	1.336	4.909	127.738365	37.885376
1595324898101	1595324898099	-13.390	-3.956	3.711	0.293	1.308	4.631	127.738365	37.885376
1595324898121	1595324898121	-12.091	-3.736	3.546	0.333	1.282	4.346	127.738365	37.885376
1595324898144	1595324898140	-11.116	-3.355	3.323	0.131	1.248	4.003	127.738365	37.885376
1595324898160	1595324898158	-10.711	-2.584	3.249	-0.358	1.226	3.572	127.738365	37.885376
1595324898180	1595324898176	-11.181	-2.229	3.210	-1.028	1.177	3.127	127.738365	37.885376
1595324898199	1595324898196	-12.031	-2.797	3.026	-1.522	1.073	2.710	127.738365	37.885376
1595324898219	1595324898217	-12.324	-3.645	2.983	-1.549	0.947	2.371	127.738365	37.885376
1595324898238	1595324898237	-12.261	-4.442	3.105	-1.354	0.837	2.096	127.738365	37.885376
1595324898258	1595324898257	-12.201	-5.326	3.278	-1.106	0.739	1.910	127.738365	37.885376
1595324898277	1595324898277	-11.385	-5.983	3.543	-0.735	0.609	1.752	127.738365	37.885376
1595324898298	1595324898294	-10.278	-6.268	3.864	-0.226	0.520	1.551	127.738365	37.885376
1595324898326	1595324898314	-9.978	-6.148	4.372	0.304	0.558	1.310	127.738365	37.885387
1595324898336	1595324898334	-10.168	-5.523	4.830	0.666	0.559	1.008	127.738365	37.885387
1595324898356	1595324898354	-10.261	-5.008	5.024	0.683	0.439	0.614	127.738365	37.885387
1595324898376	1595324898373	-10.647	-4.742	5.122	0.381	0.286	0.107	127.738365	37.885387
1595324898395	1595324898393	-11.564	-4.366	5.443	0.025	0.135	-0.519	127.738365	37.885387
1595324898415	1595324898413	-12.235	-3.700	5.735	-0.320	-0.102	-1.182	127.738365	37.885387
1595324898435	1595324898433	-12.326	-3.393	5.319	-0.669	-0.458	-1.843	127.738365	37.885387
1595324898454	1595324898454	-12.491	-3.719	4.080	-0.853	-0.812	-2.532	127.738365	37.885387
1595324898474	1595324898474	-13.071	-3.882	2.705	-0.741	-1.032	-3.232	127.738365	37.885387
1595324898493	1595324898492	-14.312	-3.935	1.974	-0.425	-1.139	-3.918	127.738365	37.885387
1595324898514	1595324898513	-16.006	-4.107	1.467	0.200	-1.169	-4.525	127.738365	37.885387
1595324898534	1595324898531	-17.426	-3.906	1.292	1.158	-1.150	-4.941	127.738365	37.885387
1595324898552	1595324898551	-17.939	-3.204	1.797	1.922	-1.194	-5.119	127.738365	37.885387
1595324898573	1595324898570	-16.940	-2.598	2.796	2.115	-1.399	-5.076	127.738365	37.885387
1595324898592	1595324898590	-15.078	-2.279	3.275	1.788	-1.629	-4.971	127.738365	37.885387
1595324898612	1595324898610	-13.454	-2.224	2.849	1.260	-1.726	-4.815	127.738365	37.885387
1595324898631	1595324898631	-11.964	-2.167	2.168	0.644	-1.742	-4.592	127.738365	37.885387
1595324898651	1595324898649	-10.517	-2.035	1.361	0.004	-1.671	-4.338	127.738365	37.885387
1595324898671	1595324898671	-9.351	-1.997	0.853	-0.491	-1.476	-4.100	127.738365	37.885387
1595324898692	1595324898691	-8.620	-2.308	0.530	-0.595	-1.225	-3.803	127.738365	37.885387
1595324898711	1595324898710	-8.575	-2.854	0.175	-0.286	-0.954	-3.470	127.738365	37.885387
1595324898731	1595324898729	-8.805	-3.173	0.051	0.321	-0.742	-3.145	127.738365	37.885387
1595324898750	1595324898748	-8.500	-2.964	0.051	1.068	-0.707	-2.856	127.738365	37.885387
1595324898770	1595324898767	-7.863	-2.289	0.099	1.639	-0.742	-2.575	127.738365	37.885387
1595324898789	1595324898787	-7.547	-1.460	0.185	1.791	-0.713	-2.247	127.738365	37.885387
1595324898809	1595324898806	-7.837	-0.993	0.362	1.552	-0.604	-1.810	127.738365	37.885387
1595324898829	1595324898827	-8.287	-0.902	0.626	1.022	-0.487	-1.296	127.738365	37.885387
1595324898848	1595324898848	-8.560	-1.137	1.002	0.389	-0.356	-0.757	127.738365	37.885387
1595324898868	1595324898868	-8.865	-1.635	1.625	-0.187	-0.164	-0.200	127.738365	37.885387
1595324898889	1595324898887	-9.610	-2.160	2.018	-0.639	0.081	0.355	127.738365	37.885387
1595324898909	1595324898909	-10.544	-2.401	1.859	-0.903	0.312	0.906	127.738365	37.885387
1595324898929	1595324898929	-11.083	-2.102	1.308	-1.018	0.496	1.467	127.738365	37.885387
1595324898946	1595324898945	-10.489	-1.712	1.146	-1.188	0.638	2.073	127.738365	37.885387
1595324898970	1595324898968	-9.808	-2.342	1.352	-1.382	0.799	2.756	127.738365	37.885387
1595324898986	1595324898984	-10.292	-3.376	2.001	-1.300	1.057	3.424	127.738365	37.885387
1595324899009	1595324899005	-10.786	-3.652	2.525	-0.900	1.156	3.893	127.738365	37.885387
1595324899026	1595324899024	-10.965	-3.412	2.578	-0.503	1.171	4.202	127.738365	37.885387
1595324899049	1595324899047	-11.409	-3.266	2.569	-0.230	1.248	4.420	127.738365	37.885387
1595324899065	1595324899065	-12.242	-3.341	2.506	-0.002	1.333	4.523	127.738365	37.885387
1595324899089	1595324899087	-12.966	-3.520	2.463	0.304	1.402	4.513	127.738365	37.885387
1595324899104	1595324899104	-12.597	-3.415	2.815	0.713	1.439	4.375	127.738365	37.885387
1595324899130	1595324899129	-11.780	-2.991	3.165	0.971	1.467	4.201	127.738365	37.885387
1595324899145	1595324899143	-11.548	-2.715	3.019	0.877	1.504	4.071	127.738365	37.885387
1595324899163	1595324899162	-11.751	-2.605	2.748	0.524	1.495	3.942	127.738365	37.885387
1595324899184	1595324899181	-12.039	-2.227	2.925	-0.027	1.440	3.753	127.738365	37.885387
1595324899204	1595324899201	-12.448	-2.059	3.304	-0.803	1.345	3.539	127.738365	37.885387
1595324899224	1595324899222	-12.793	-2.895	3.402	-1.530	1.190	3.322	127.738365	37.885387
1595324899243	1595324899243	-12.537	-3.973	3.421	-1.809	1.027	3.111	127.738365	37.885387
1595324899263	1595324899263	-12.039	-4.581	3.606	-1.687	0.937	2.896	127.738365	37.885387
1595324899284	1595324899283	-11.797	-5.034	3.785	-1.473	0.880	2.669	127.738365	37.885387
1595324899302	1595324899300	-11.473	-5.484	3.886	-1.181	0.778	2.417	127.738365	37.885387
1595324899328	1595324899328	-10.807	-5.853	4.106	-0.704	0.674	2.132	127.738373	37.885399
1595324899348	1595324899347	-10.304	-5.899	4.492	-0.151	0.626	1.797	127.738373	37.885399
1595324899362	1595324899360	-10.254	-5.499	4.813	0.235	0.574	1.413	127.738373	37.885399
1595324899382	1595324899379	-10.810	-5.156	4.863	0.319	0.478	0.976	127.738373	37.885399
1595324899401	1595324899399	-11.993	-5.049	5.069	0.202	0.357	0.457	127.738373	37.885399
1595324899420	1595324899418	-13.742	-4.941	5.623	0.047	0.206	-0.151	127.738373	37.885399
1595324899441	1595324899439	-14.647	-4.323	5.992	-0.182	-0.081	-0.796	127.738373	37.885399
1595324899461	1595324899459	-12.726	-3.621	5.261	-0.580	-0.599	-1.469	127.738373	37.885399
1595324899479	1595324899478	-10.671	-3.532	4.061	-0.880	-0.948	-2.201	127.738373	37.885399
1595324899503	1595324899498	-10.474	-3.640	3.297	-0.815	-1.032	-2.952	127.738373	37.885399
1595324899519	1595324899517	-12.134	-3.822	2.808	-0.450	-1.018	-3.661	127.738373	37.885399
1595324899542	1595324899537	-14.401	-4.090	2.353	0.202	-1.026	-4.256	127.738373	37.885399
1595324899558	1595324899555	-15.946	-3.894	1.788	0.999	-1.114	-4.659	127.738373	37.885399
1595324899578	1595324899575	-16.315	-3.523	1.488	1.687	-1.221	-4.839	127.738373	37.885399
1595324899597	1595324899594	-15.651	-3.137	1.881	2.107	-1.358	-4.822	127.738373	37.885399
1595324899616	1595324899614	-14.468	-2.591	2.573	2.211	-1.503	-4.702	127.738373	37.885399
1595324899636	1595324899635	-13.200	-2.066	2.882	2.046	-1.646	-4.528	127.738373	37.885399
1595324899655	1595324899655	-12.072	-1.901	2.693	1.596	-1.768	-4.279	127.738373	37.885399
1595324899676	1595324899676	-10.891	-1.970	1.804	0.892	-1.843	-4.030	127.738373	37.885399
1595324899695	1595324899695	-9.935	-2.078	0.856	0.226	-1.761	-3.792	127.738373	37.885399
1595324899715	1595324899715	-9.487	-2.085	0.298	-0.189	-1.560	-3.531	127.738373	37.885399
1595324899735	1595324899734	-9.346	-2.179	-0.052	-0.328	-1.372	-3.240	127.738373	37.885399
1595324899754	1595324899752	-9.186	-2.430	-0.239	-0.231	-1.223	-2.968	127.738373	37.885399
1595324899774	1595324899772	-8.896	-2.608	-0.282	0.088	-1.108	-2.726	127.738373	37.885399
1595324899793	1595324899791	-8.603	-2.509	-0.270	0.508	-1.005	-2.487	127.738373	37.885399
1595324899813	1595324899811	-8.788	-2.172	-0.136	0.794	-0.856	-2.184	127.738373	37.885399
1595324899833	1595324899831	-9.310	-1.836	0.197	0.799	-0.692	-1.792	127.738373	37.885399
1595324899852	1595324899852	-9.487	-1.676	0.513	0.589	-0.581	-1.358	127.738373	37.885399
1595324899874	1595324899872	-9.116	-1.609	0.760	0.272	-0.460	-0.933	127.738373	37.885399
1595324899892	1595324899890	-8.754	-1.654	0.992	-0.079	-0.229	-0.541	127.738373	37.885399
1595324899911	1595324899911	-9.099	-1.565	0.956	-0.424	0.111	-0.153	127.738373	37.885399
1595324899932	1595324899932	-10.196	-1.297	0.710	-0.738	0.534	0.302	127.738373	37.885399
1595324899952	1595324899951	-11.605	-1.400	0.911	-1.032	0.989	0.891	127.738373	37.885399
1595324899971	1595324899969	-12.489	-2.591	1.826	-1.107	1.324	1.620	127.738373	37.885399
1595324899991	1595324899988	-11.504	-3.841	2.712	-0.766	1.407	2.278	127.738373	37.885399
1595324900013	1595324900011	-10.019	-3.765	3.028	-0.192	1.467	2.750	127.738373	37.885399
1595324900030	1595324900028	-9.696	-3.135	3.124	0.186	1.569	3.042	127.738373	37.885399
1595324900051	1595324900050	-10.038	-2.504	2.842	0.267	1.573	3.191	127.738373	37.885399
1595324900069	1595324900069	-10.596	-1.767	2.619	0.188	1.559	3.281	127.738373	37.885399
1595324900092	1595324900091	-11.001	-1.182	2.523	-0.054	1.514	3.371	127.738373	37.885399
1595324900110	1595324900109	-11.318	-1.146	2.549	-0.431	1.461	3.482	127.738373	37.885399
1595324900130	1595324900130	-11.490	-1.575	2.815	-0.803	1.394	3.594	127.738373	37.885399
1595324900149	1595324900146	-11.387	-2.430	2.990	-1.074	1.303	3.703	127.738373	37.885399
1595324900167	1595324900166	-11.382	-3.575	3.316	-1.154	1.272	3.824	127.738373	37.885399
1595324900188	1595324900185	-11.509	-4.466	3.960	-0.972	1.245	3.882	127.738373	37.885399
1595324900207	1595324900205	-11.334	-4.613	4.032	-0.661	1.159	3.796	127.738373	37.885399
1595324900227	1595324900225	-11.255	-4.339	3.476	-0.318	1.143	3.638	127.738373	37.885399
1595324900246	1595324900246	-11.394	-4.227	3.098	0.067	1.192	3.455	127.738373	37.885399
1595324900266	1595324900266	-11.559	-4.095	3.201	0.427	1.252	3.233	127.738373	37.885399
1595324900287	1595324900285	-11.825	-3.966	3.577	0.683	1.304	2.979	127.738373	37.885399
1595324900307	1595324900307	-12.063	-3.796	4.042	0.726	1.312	2.697	127.738373	37.885399
1595324900329	1595324900328	-11.998	-3.664	4.356	0.518	1.231	2.413	127.738373	37.885406
1595324900350	1595324900349	-11.718	-3.779	4.672	0.175	1.096	2.142	127.738373	37.885406
1595324900369	1595324900369	-11.370	-4.150	5.141	-0.108	0.924	1.877	127.738373	37.885406
1595324900386	1595324900382	-11.102	-4.390	5.467	-0.283	0.719	1.607	127.738373	37.885406
1595324900404	1595324900402	-11.011	-4.459	5.544	-0.508	0.489	1.293	127.738373	37.885406
1595324900424	1595324900422	-11.155	-4.610	5.259	-0.811	0.233	0.890	127.738373	37.885406
1595324900443	1595324900441	-11.993	-4.852	5.386	-1.020	0.064	0.358	127.738373	37.885406
1595324900469	1595324900465	-13.054	-4.938	6.222	-1.058	-0.102	-0.312	127.738373	37.885406
1595324900484	1595324900481	-13.830	-4.850	6.974	-0.949	-0.363	-1.004	127.738373	37.885406
1595324900508	1595324900505	-12.611	-4.407	6.135	-0.874	-0.806	-1.672	127.738373	37.885406
1595324900523	1595324900522	-11.061	-4.359	4.248	-0.792	-1.213	-2.405	127.738373	37.885406
1595324900549	1595324900548	-11.183	-4.428	2.973	-0.421	-1.362	-3.166	127.738373	37.885406
1595324900566	1595324900565	-12.853	-4.349	2.145	0.295	-1.384	-3.851	127.738373	37.885406
1595324900588	1595324900584	-15.165	-4.074	1.385	1.352	-1.374	-4.390	127.738373	37.885406
1595324900602	1595324900600	-17.000	-3.202	1.220	2.435	-1.440	-4.668	127.738373	37.885406
1595324900625	1595324900624	-17.218	-2.160	1.838	2.951	-1.701	-4.671	127.738373	37.885406
1595324900642	1595324900639	-15.986	-1.728	2.834	2.748	-2.051	-4.490	127.738373	37.885406
1595324900662	1595324900662	-14.492	-1.762	3.481	2.109	-2.324	-4.292	127.738373	37.885406
1595324900681	1595324900681	-13.275	-1.788	3.196	1.219	-2.498	-4.102	127.738373	37.885406
1595324900700	1595324900700	-11.955	-1.743	2.276	0.167	-2.587	-3.948	127.738373	37.885406
1595324900720	1595324900718	-10.747	-1.702	0.978	-0.861	-2.504	-3.800	127.738373	37.885406
1595324900741	1595324900738	-10.041	-1.769	0.116	-1.616	-2.214	-3.630	127.738373	37.885406
1595324900764	1595324900758	-9.705	-2.088	-0.325	-1.902	-1.860	-3.430	127.738373	37.885406
1595324900779	1595324900776	-9.547	-2.593	-0.543	-1.717	-1.523	-3.235	127.738373	37.885406
1595324900799	1595324900796	-9.322	-3.041	-0.483	-1.139	-1.232	-3.076	127.738373	37.885406
1595324900818	1595324900815	-8.845	-3.101	-0.344	-0.368	-1.022	-2.944	127.738373	37.885406
1595324900838	1595324900835	-8.441	-2.655	-0.289	0.302	-0.828	-2.785	127.738373	37.885406
1595324900857	1595324900856	-8.474	-1.827	-0.131	0.656	-0.589	-2.519	127.738373	37.885406
1595324900877	1595324900876	-8.594	-1.292	0.089	0.697	-0.363	-2.110	127.738373	37.885406
1595324900896	1595324900896	-8.302	-1.244	0.367	0.552	-0.188	-1.653	127.738373	37.885406
1595324900916	1595324900916	-8.007	-1.307	0.688	0.345	0.070	-1.173	127.738373	37.885406
1595324900936	1595324900935	-8.302	-1.568	1.165	0.144	0.440	-0.654	127.738373	37.885406
1595324900957	1595324900957	-9.027	-2.066	1.711	0.029	0.837	-0.140	127.738373	37.885406
1595324900975	1595324900973	-10.031	-2.251	2.121	0.110	1.224	0.374	127.738373	37.885406
1595324900994	1595324900993	-11.083	-1.913	2.094	0.237	1.546	0.982	127.738373	37.885406
1595324901014	1595324901012	-11.009	-1.601	2.106	0.162	1.681	1.700	127.738373	37.885406
1595324901034	1595324901032	-9.959	-2.018	2.403	-0.070	1.721	2.450	127.738373	37.885406
1595324901054	1595324901052	-10.158	-2.758	3.189	-0.206	1.846	3.205	127.738373	37.885406
1595324901074	1595324901072	-10.903	-2.646	3.747	-0.223	1.769	3.846	127.738373	37.885406
1595324901094	1595324901094	-11.083	-1.858	3.323	-0.409	1.481	4.301	127.738373	37.885406
1595324901113	1595324901113	-11.749	-1.376	2.820	-0.810	1.331	4.666	127.738373	37.885406
1595324901133	1595324901133	-13.148	-1.539	2.674	-1.158	1.232	4.932	127.738373	37.885406
1595324901154	1595324901152	-14.528	-2.272	2.801	-1.299	1.101	5.061	127.738373	37.885406
1595324901173	1595324901172	-14.650	-3.067	3.258	-1.254	0.931	5.031	127.738373	37.885406
1595324901196	1595324901190	-13.713	-3.568	3.797	-1.173	0.766	4.916	127.738373	37.885406
1595324901212	1595324901210	-12.882	-3.834	3.941	-1.219	0.637	4.792	127.738373	37.885406
1595324901231	1595324901229	-12.245	-4.042	3.615	-1.388	0.514	4.617	127.738373	37.885406
1595324901250	1595324901249	-11.562	-3.788	3.222	-1.500	0.360	4.251	127.738373	37.885406
1595324901270	1595324901268	-11.454	-3.333	2.832	-1.766	0.343	3.824	127.738373	37.885406
1595324901291	1595324901289	-11.610	-3.580	2.391	-1.967	0.293	3.337	127.738373	37.885406
1595324901309	1595324901309	-11.536	-3.973	2.073	-1.760	0.285	2.876	127.738373	37.885406
1595324901330	1595324901328	-11.639	-4.174	2.003	-1.368	0.378	2.480	127.738380	37.885414
1595324901349	1595324901347	-11.672	-4.471	2.164	-1.130	0.426	2.132	127.738380	37.885414
1595324901369	1595324901367	-11.255	-4.756	2.362	-1.024	0.406	1.867	127.738380	37.885414
1595324901389	1595324901387	-10.822	-5.137	2.710	-0.817	0.435	1.673	127.738380	37.885414
1595324901410	1595324901407	-10.345	-5.590	3.203	-0.463	0.463	1.507	127.738380	37.885414
1595324901428	1595324901426	-9.624	-5.758	3.481	-0.071	0.453	1.327	127.738380	37.885414
1595324901448	1595324901446	-9.248	-5.494	3.563	0.254	0.483	1.110	127.738380	37.885414
1595324901470	1595324901467	-9.686	-5.334	3.666	0.454	0.532	0.824	127.738380	37.885414
1595324901488	1595324901486	-10.771	-5.336	3.886	0.545	0.551	0.433	127.738380	37.885414
1595324901510	1595324901510	-12.386	-5.338	4.466	0.605	0.542	-0.066	127.738380	37.885414
1595324901526	1595324901525	-14.178	-5.190	5.230	0.591	0.433	-0.689	127.738380	37.885414
1595324901549	1595324901548	-14.104	-4.557	5.489	0.379	0.090	-1.369	127.738380	37.885414
1595324901567	1595324901567	-11.892	-3.872	4.693	0.007	-0.368	-2.094	127.738380	37.885414
1595324901594	1595324901588	-10.573	-3.676	3.618	-0.213	-0.594	-2.869	127.738380	37.885414
1595324901605	1595324901603	-11.754	-3.956	3.038	-0.064	-0.591	-3.621	127.738380	37.885414
1595324901630	1595324901627	-14.115	-4.155	2.784	0.414	-0.597	-4.286	127.738380	37.885414
1595324901644	1595324901642	-16.104	-4.186	2.614	1.082	-0.711	-4.829	127.738380	37.885414
1595324901665	1595324901663	-17.038	-3.812	2.058	1.741	-0.892	-5.169	127.738380	37.885414
1595324901684	1595324901683	-17.163	-3.281	1.591	2.273	-1.031	-5.291	127.738380	37.885414
1595324901704	1595324901703	-16.710	-2.624	1.855	2.677	-1.135	-5.263	127.738380	37.885414
1595324901724	1595324901724	-15.505	-1.728	2.394	2.565	-1.334	-5.050	127.738380	37.885414
1595324901744	1595324901744	-13.509	-1.618	2.468	2.146	-1.605	-4.844	127.738380	37.885414
1595324901764	1595324901764	-11.912	-1.731	2.015	1.490	-1.738	-4.602	127.738380	37.885414
1595324901787	1595324901787	-10.953	-1.822	1.352	0.758	-1.725	-4.312	127.738380	37.885414
1595324901803	1595324901802	-10.156	-1.836	0.741	0.100	-1.652	-4.013	127.738380	37.885414
1595324901824	1595324901822	-9.454	-1.870	0.420	-0.310	-1.495	-3.704	127.738380	37.885414
1595324901843	1595324901841	-8.867	-2.057	0.345	-0.405	-1.294	-3.397	127.738380	37.885414
1595324901863	1595324901861	-8.225	-2.298	0.221	-0.233	-1.133	-3.120	127.738380	37.885414
1595324901882	1595324901882	-7.549	-2.322	0.139	0.121	-0.981	-2.855	127.738380	37.885414
1595324901902	1595324901902	-7.058	-2.042	0.120	0.502	-0.817	-2.563	127.738380	37.885414
1595324901922	1595324901922	-6.886	-1.530	0.142	0.758	-0.647	-2.191	127.738380	37.885414
1595324901942	1595324901941	-6.965	-1.065	0.223	0.802	-0.466	-1.711	127.738380	37.885414
1595324901963	1595324901963	-7.145	-0.988	0.453	0.627	-0.259	-1.143	127.738380	37.885414
1595324901982	1595324901980	-7.509	-1.403	0.899	0.398	0.000	-0.521	127.738380	37.885414
1595324902003	1595324902001	-8.263	-1.891	1.541	0.242	0.315	0.114	127.738380	37.885414
1595324902020	1595324902018	-9.008	-2.128	2.113	0.153	0.587	0.731	127.738380	37.885414
1595324902044	1595324902036	-9.576	-2.078	2.248	0.066	0.777	1.339	127.738380	37.885414
1595324902059	1595324902056	-10.549	-1.922	1.943	-0.059	1.027	1.984	127.738380	37.885414
1595324902080	1595324902078	-11.368	-1.807	1.821	-0.293	1.253	2.645	127.738380	37.885414
1595324902099	1595324902097	-11.308	-2.021	2.073	-0.627	1.367	3.290	127.738380	37.885414
1595324902119	1595324902117	-11.195	-2.711	2.707	-0.815	1.465	3.888	127.738380	37.885414
1595324902139	1595324902137	-11.955	-3.364	3.407	-0.696	1.537	4.375	127.738380	37.885414
1595324902158	1595324902157	-12.796	-3.408	3.464	-0.484	1.458	4.666	127.738380	37.885414
1595324902178	1595324902178	-13.203	-2.988	3.086	-0.425	1.318	4.794	127.738380	37.885414
1595324902196	1595324902196	-13.289	-2.660	2.480	-0.525	1.196	4.797	127.738380	37.885414
1595324902216	1595324902214	-13.600	-2.536	2.073	-0.696	1.156	4.688	127.738380	37.885414
1595324902236	1595324902234	-14.192	-2.600	2.362	-0.819	1.186	4.479	127.738380	37.885414
1595324902255	1595324902253	-14.077	-2.780	3.081	-0.882	1.147	4.186	127.738380	37.885414
1595324902275	1595324902272	-13.016	-3.084	3.536	-0.977	1.036	3.896	127.738380	37.885414
1595324902298	1595324902298	-11.703	-3.393	3.448	-1.157	0.902	3.641	127.738380	37.885414
1595324902314	1595324902313	-10.676	-3.367	2.942	-1.467	0.760	3.372	127.738380	37.885414
1595324902334	1595324902331	-10.314	-3.053	2.533	-1.851	0.671	3.068	127.738380	37.885422
1595324902353	1595324902352	-10.484	-3.070	2.339	-2.189	0.604	2.754	127.738380	37.885422
1595324902373	1595324902371	-10.582	-3.518	2.142	-2.356	0.503	2.462	127.738380	37.885422
1595324902393	1595324902392	-10.525	-4.105	2.046	-2.266	0.428	2.208	127.738380	37.885422
1595324902412	1595324902411	-10.417	-4.675	2.303	-1.971	0.392	1.992	127.738380	37.885422
1595324902433	1595324902430	-10.290	-5.080	2.660	-1.558	0.377	1.804	127.738380	37.885422
1595324902452	1595324902450	-10.395	-5.300	2.930	-1.098	0.420	1.645	127.738380	37.885422
1595324902472	1595324902469	-10.460	-5.588	3.321	-0.627	0.465	1.497	127.738380	37.885422
1595324902494	1595324902492	-10.237	-5.856	3.714	-0.103	0.487	1.356	127.738380	37.885422
1595324902511	1595324902511	-10.048	-5.832	4.195	0.444	0.536	1.190	127.738380	37.885422
1595324902532	1595324902531	-10.189	-5.623	4.605	0.859	0.564	0.923	127.738380	37.885422
1595324902551	1595324902550	-10.925	-5.461	5.010	1.035	0.559	0.539	127.738380	37.885422
1595324902570	1595324902568	-12.046	-5.175	5.352	1.029	0.476	0.030	127.738380	37.885422
1595324902592	1595324902589	-13.541	-4.902	5.716	0.979	0.335	-0.574	127.738380	37.885422
1595324902613	1595324902612	-13.780	-4.347	5.838	0.892	0.039	-1.224	127.738380	37.885422
1595324902631	1595324902628	-11.964	-3.559	5.010	0.666	-0.422	-1.876	127.738380	37.885422
1595324902649	1595324902647	-10.836	-3.307	3.855	0.411	-0.738	-2.542	127.738380	37.885422
1595324902668	1595324902667	-11.433	-3.559	3.069	0.375	-0.892	-3.196	127.738380	37.885422
1595324902689	1595324902686	-13.220	-3.889	2.628	0.715	-0.959	-3.778	127.738380	37.885422
1595324902708	1595324902708	-15.282	-3.817	2.298	1.364	-1.012	-4.246	127.738380	37.885422
1595324902728	1595324902728	-16.413	-3.142	2.018	1.985	-1.140	-4.515	127.738380	37.885422
1595324902748	1595324902748	-16.360	-2.495	2.041	2.218	-1.352	-4.570	127.738380	37.885422
1595324902767	1595324902767	-15.646	-2.227	2.408	2.020	-1.562	-4.517	127.738380	37.885422
1595324902791	1595324902789	-14.458	-2.157	2.822	1.508	-1.742	-4.429	127.738380	37.885422
1595324902809	1595324902809	-13.119	-2.028	2.741	0.830	-1.853	-4.319	127.738380	37.885422
1595324902827	1595324902824	-11.993	-1.898	1.927	0.132	-1.823	-4.150	127.738380	37.885422
1595324902846	1595324902844	-10.980	-1.743	0.849	-0.448	-1.683	-3.942	127.738380	37.885422
1595324902865	1595324902864	-10.079	-1.810	0.343	-0.797	-1.490	-3.750	127.738380	37.885422
1595324902886	1595324902883	-9.308	-2.310	0.089	-0.832	-1.281	-3.577	127.738380	37.885422
1595324902904	1595324902903	-8.853	-2.756	-0.002	-0.536	-1.031	-3.414	127.738380	37.885422
1595324902925	1595324902924	-8.635	-2.917	0.159	0.005	-0.812	-3.235	127.738380	37.885422
1595324902944	1595324902944	-8.436	-2.706	0.262	0.582	-0.688	-3.030	127.738380	37.885422
1595324902968	1595324902966	-8.199	-2.066	0.357	0.965	-0.616	-2.751	127.738380	37.885422
1595324902984	1595324902984	-7.957	-1.144	0.396	1.018	-0.572	-2.371	127.738380	37.885422
1595324903009	1595324903009	-7.799	-0.535	0.434	0.770	-0.478	-1.868	127.738380	37.885422
1595324903024	1595324903022	-7.787	-0.519	0.777	0.332	-0.307	-1.300	127.738380	37.885422
1595324903049	1595324903045	-7.930	-0.928	1.253	-0.088	-0.076	-0.725	127.738380	37.885422
1595324903063	1595324903061	-8.285	-1.331	1.613	-0.331	0.184	-0.152	127.738380	37.885422
1595324903086	1595324903085	-8.888	-1.542	1.788	-0.399	0.467	0.426	127.738380	37.885422
1595324903103	1595324903101	-9.868	-1.527	1.565	-0.395	0.747	1.032	127.738380	37.885422
1595324903127	1595324903126	-11.404	-1.575	1.296	-0.460	1.046	1.750	127.738380	37.885422
1595324903143	1595324903143	-12.525	-2.215	1.579	-0.596	1.242	2.548	127.738380	37.885422
1595324903163	1595324903163	-12.166	-3.278	2.257	-0.585	1.259	3.309	127.738380	37.885422
1595324903183	1595324903182	-11.466	-3.880	2.834	-0.230	1.287	3.921	127.738380	37.885422
1595324903201	1595324903201	-11.600	-3.781	3.251	0.221	1.357	4.298	127.738380	37.885422
1595324903221	1595324903220	-12.197	-3.417	3.225	0.464	1.341	4.458	127.738380	37.885422
1595324903242	1595324903239	-12.671	-2.928	2.930	0.514	1.279	4.448	127.738380	37.885422
1595324903261	1595324903259	-12.824	-2.243	2.573	0.362	1.226	4.320	127.738380	37.885422
1595324903281	1595324903278	-12.808	-1.841	2.413	-0.021	1.192	4.135	127.738380	37.885422
1595324903300	1595324903298	-12.510	-1.834	2.557	-0.480	1.139	3.889	127.738380	37.885422
1595324903324	1595324903318	-12.075	-1.910	2.882	-0.891	1.069	3.629	127.738373	37.885429
1595324903345	1595324903336	-11.627	-2.205	3.124	-1.293	0.978	3.429	127.738373	37.885429
1595324903359	1595324903356	-11.224	-2.677	3.000	-1.777	0.832	3.252	127.738373	37.885429
1595324903379	1595324903376	-10.934	-2.902	2.724	-2.302	0.641	3.084	127.738373	37.885429
1595324903398	1595324903398	-10.877	-3.108	2.413	-2.808	0.481	2.916	127.738373	37.885429
1595324903418	1595324903415	-11.025	-3.767	2.101	-2.975	0.363	2.760	127.738373	37.885429
1595324903438	1595324903435	-10.987	-4.466	2.032	-2.769	0.265	2.618	127.738373	37.885429
1595324903456	1595324903454	-10.958	-5.118	2.209	-2.275	0.238	2.492	127.738373	37.885429
1595324903477	1595324903474	-10.723	-5.671	2.712	-1.570	0.242	2.369	127.738373	37.885429
1595324903495	1595324903495	-10.252	-5.863	3.000	-0.772	0.258	2.242	127.738373	37.885429
1595324903515	1595324903515	-10.359	-5.817	3.371	-0.056	0.368	2.111	127.738373	37.885429
1595324903536	1595324903535	-10.704	-5.635	3.886	0.501	0.436	1.954	127.738373	37.885429
1595324903555	1595324903555	-10.793	-5.549	4.375	0.880	0.409	1.749	127.738373	37.885429
1595324903575	1595324903574	-10.906	-5.132	4.497	1.015	0.362	1.455	127.738373	37.885429
1595324903594	1595324903594	-11.488	-4.545	4.526	0.855	0.322	1.071	127.738373	37.885429
1595324903615	1595324903615	-12.266	-4.210	4.753	0.388	0.215	0.557	127.738373	37.885429
1595324903634	1595324903632	-13.253	-4.438	5.153	-0.123	0.063	-0.082	127.738373	37.885429
1595324903653	1595324903651	-13.713	-4.701	5.465	-0.424	-0.116	-0.807	127.738373	37.885429
1595324903673	1595324903671	-11.936	-4.373	5.041	-0.590	-0.438	-1.563	127.738373	37.885429
1595324903693	1595324903691	-10.043	-4.186	4.054	-0.640	-0.676	-2.330	127.738373	37.885429
1595324903712	1595324903712	-9.993	-4.284	3.256	-0.495	-0.723	-3.073	127.738373	37.885429
1595324903732	1595324903731	-11.660	-4.596	2.595	-0.026	-0.680	-3.728	127.738373	37.885429
1595324903752	1595324903752	-13.938	-4.847	2.073	0.772	-0.649	-4.231	127.738373	37.885429
1595324903772	1595324903771	-15.847	-4.435	1.732	1.637	-0.682	-4.555	127.738373	37.885429
1595324903791	1595324903791	-16.506	-3.592	1.709	2.259	-0.837	-4.669	127.738373	37.885429
1595324903811	1595324903811	-15.845	-2.691	1.927	2.458	-1.063	-4.628	127.738373	37.885429
1595324903839	1595324903833	-14.528	-1.992	2.291	2.237	-1.282	-4.528	127.738373	37.885429
1595324903851	1595324903848	-13.076	-1.654	2.370	1.714	-1.466	-4.416	127.738373	37.885429
1595324903870	1595324903868	-11.737	-1.621	1.984	1.038	-1.565	-4.287	127.738373	37.885429
1595324903890	1595324903888	-10.668	-1.661	1.153	0.291	-1.565	-4.149	127.738373	37.885429
1595324903909	1595324903907	-10.005	-1.853	0.614	-0.312	-1.430	-3.996	127.738373	37.885429
1595324903930	1595324903928	-9.605	-2.176	0.501	-0.596	-1.217	-3.820	127.738373	37.885429
1595324903949	1595324903949	-9.413	-2.576	0.408	-0.514	-0.998	-3.640	127.738373	37.885429
1595324903970	1595324903970	-9.454	-2.907	0.307	-0.122	-0.773	-3.436	127.738373	37.885429
1595324903989	1595324903989	-9.324	-2.859	0.312	0.429	-0.630	-3.187	127.738373	37.885429
1595324904009	1595324904009	-9.059	-2.495	0.369	0.909	-0.549	-2.863	127.738373	37.885429
1595324904040	1595324904031	-8.776	-1.946	0.518	1.126	-0.447	-2.448	127.738373	37.885429
1595324904052	1595324904046	-8.318	-1.443	0.700	1.082	-0.361	-1.949	127.738373	37.885429
1595324904067	1595324904065	-7.782	-1.316	0.906	0.893	-0.225	-1.393	127.738373	37.885429
1595324904091	1595324904087	-7.681	-1.427	1.292	0.658	0.033	-0.825	127.738373	37.885429
1595324904106	1595324904104	-8.318	-1.731	1.850	0.464	0.374	-0.260	127.738373	37.885429
1595324904131	1595324904129	-9.145	-2.030	2.274	0.365	0.660	0.263	127.738373	37.885429
1595324904146	1595324904146	-9.758	-1.987	2.465	0.369	0.862	0.706	127.738373	37.885429
1595324904166	1595324904166	-10.793	-1.731	2.224	0.383	1.085	1.141	127.738373	37.885429
1595324904186	1595324904185	-11.531	-1.328	1.692	0.208	1.265	1.615	127.738373	37.885429
1595324904204	1595324904204	-10.537	-1.232	1.709	-0.198	1.286	2.079	127.738373	37.885429
1595324904226	1595324904224	-10.036	-1.963	2.322	-0.589	1.391	2.588	127.738373	37.885429
1595324904244	1595324904242	-11.303	-2.749	3.072	-0.678	1.544	3.118	127.738373	37.885429
1595324904263	1595324904262	-11.986	-2.756	3.170	-0.641	1.387	3.477	127.738373	37.885429
1595324904285	1595324904282	-11.689	-2.308	2.612	-0.803	1.147	3.721	127.738373	37.885429
1595324904303	1595324904301	-11.995	-2.090	2.092	-1.098	1.077	3.976	127.738373	37.885429
1595324904327	1595324904327	-12.994	-2.282	1.886	-1.374	1.056	4.186	127.738365	37.885441
1595324904348	1595324904345	-13.612	-2.895	2.176	-1.481	1.004	4.276	127.738365	37.885441
1595324904365	1595324904361	-13.081	-3.456	2.909	-1.335	0.930	4.257	127.738365	37.885441
1595324904384	1595324904381	-12.007	-3.633	3.400	-1.154	0.873	4.198	127.738365	37.885441
1595324904402	1595324904401	-11.179	-3.834	3.280	-1.111	0.827	4.128	127.738365	37.885441
1595324904424	1595324904421	-10.788	-3.930	2.923	-1.118	0.780	3.983	127.738365	37.885441
1595324904442	1595324904442	-10.800	-3.683	2.846	-1.086	0.771	3.743	127.738365	37.885441
1595324904467	1595324904463	-11.071	-3.499	2.798	-1.099	0.763	3.461	127.738365	37.885441
1595324904482	1595324904480	-11.423	-3.791	2.583	-1.080	0.734	3.183	127.738365	37.885441
1595324904503	1595324904502	-11.708	-4.201	2.540	-0.878	0.738	2.911	127.738365	37.885441
1595324904521	1595324904519	-11.708	-4.493	2.851	-0.580	0.766	2.636	127.738365	37.885441
1595324904544	1595324904542	-11.540	-4.831	3.364	-0.370	0.774	2.365	127.738365	37.885441
1595324904561	1595324904561	-11.126	-5.142	3.912	-0.209	0.749	2.092	127.738365	37.885441
1595324904582	1595324904582	-10.419	-5.305	4.401	0.009	0.695	1.819	127.738365	37.885441
1595324904601	1595324904599	-9.823	-5.367	4.830	0.252	0.640	1.509	127.738365	37.885441
1595324904621	1595324904619	-9.394	-5.290	5.043	0.432	0.544	1.137	127.738365	37.885441
1595324904641	1595324904638	-9.418	-4.967	4.930	0.503	0.427	0.698	127.738365	37.885441
1595324904660	1595324904656	-10.156	-4.625	4.880	0.473	0.323	0.210	127.738365	37.885441
1595324904679	1595324904676	-11.267	-4.428	5.098	0.320	0.179	-0.347	127.738365	37.885441
1595324904698	1595324904695	-12.958	-4.445	5.544	0.121	0.011	-0.969	127.738365	37.885441
1595324904718	1595324904715	-14.537	-4.339	6.035	-0.036	-0.233	-1.620	127.738365	37.885441
1595324904737	1595324904737	-13.325	-4.014	5.481	-0.223	-0.733	-2.241	127.738365	37.885441
1595324904756	1595324904757	-11.605	-4.059	4.013	-0.318	-1.110	-2.870	127.738365	37.885441
1595324904777	1595324904776	-12.139	-4.222	3.131	-0.092	-1.169	-3.486	127.738365	37.885441
1595324904795	1595324904796	-13.679	-4.165	2.672	0.471	-1.195	-4.046	127.738365	37.885441
1595324904815	1595324904815	-15.773	-3.961	2.269	1.215	-1.211	-4.507	127.738365	37.885441
1595324904839	1595324904834	-17.577	-3.432	1.912	1.866	-1.304	-4.772	127.738365	37.885441
1595324904855	1595324904855	-17.685	-2.660	1.764	2.146	-1.540	-4.785	127.738365	37.885441
1595324904875	1595324904872	-16.564	-2.248	1.845	2.031	-1.765	-4.646	127.738365	37.885441
1595324904894	1595324904892	-15.153	-2.114	1.998	1.677	-1.897	-4.461	127.738365	37.885441
1595324904914	1595324904912	-13.670	-1.927	2.032	1.178	-1.991	-4.266	127.738365	37.885441
1595324904934	1595324904933	-12.213	-1.812	1.615	0.534	-2.049	-4.091	127.738365	37.885441
1595324904953	1595324904953	-10.898	-1.757	0.916	-0.211	-2.002	-3.929	127.738365	37.885441
1595324904973	1595324904973	-9.923	-1.831	0.326	-0.801	-1.818	-3.783	127.738365	37.885441
1595324904993	1595324904993	-9.255	-2.030	0.101	-1.060	-1.542	-3.630	127.738365	37.885441
1595324905013	1595324905012	-8.673	-2.289	0.056	-0.955	-1.271	-3.492	127.738365	37.885441
1595324905037	1595324905032	-8.177	-2.567	0.099	-0.583	-1.005	-3.344	127.738365	37.885441
1595324905052	1595324905052	-7.818	-2.718	0.135	-0.056	-0.761	-3.161	127.738365	37.885441
1595324905072	1595324905070	-7.636	-2.567	0.125	0.469	-0.562	-2.913	127.738365	37.885441
1595324905093	1595324905090	-7.882	-2.248	0.190	0.841	-0.353	-2.545	127.738365	37.885441
1595324905111	1595324905109	-8.182	-1.934	0.489	0.990	-0.179	-2.055	127.738365	37.885441
1595324905131	1595324905130	-7.806	-1.755	0.784	0.976	-0.107	-1.531	127.738365	37.885441
1595324905150	1595324905150	-7.106	-1.680	1.028	0.843	0.025	-1.003	127.738365	37.885441
1595324905170	1595324905170	-6.958	-1.740	1.354	0.633	0.314	-0.467	127.738365	37.885441
1595324905190	1595324905189	-7.619	-1.851	1.744	0.430	0.685	0.062	127.738365	37.885441
1595324905210	1595324905209	-8.596	-1.740	1.970	0.295	1.043	0.584	127.738365	37.885441
