1595324816606	1595324816606	-12.086	-4.677	1.814	0.256	-0.804	-3.023	127.738213	37.884480
1595324816623	1595324816622	-13.663	-4.292	1.536	0.978	-0.821	-3.525	127.738213	37.884480
1595324816645	1595324816642	-14.834	-3.559	1.447	1.746	-0.887	-3.893	127.738213	37.884480
1595324816665	1595324816664	-15.141	-2.521	1.656	2.208	-1.025	-4.049	127.738213	37.884480
1595324816684	1595324816682	-14.168	-1.855	2.113	2.152	-1.276	-4.004	127.738213	37.884480
1595324816703	1595324816702	-12.539	-1.757	2.315	1.645	-1.531	-3.914	127.738213	37.884480
1595324816723	1595324816721	-11.143	-1.922	2.236	0.963	-1.654	-3.843	127.738213	37.884480
1595324816749	1595324816742	-9.988	-1.920	1.831	0.265	-1.686	-3.770	127.738213	37.884480
1595324816765	1595324816762	-9.109	-1.877	1.364	-0.377	-1.622	-3.698	127.738213	37.884480
1595324816784	1595324816781	-8.668	-1.980	0.786	-0.858	-1.447	-3.600	127.738213	37.884480
1595324816803	1595324816800	-8.560	-2.157	0.372	-1.046	-1.231	-3.449	127.738213	37.884480
1595324816823	1595324816821	-8.608	-2.315	0.082	-0.961	-1.034	-3.248	127.738213	37.884480
1595324816842	1595324816839	-8.733	-2.481	-0.107	-0.685	-0.853	-3.008	127.738213	37.884480
1595324816862	1595324816861	-8.987	-2.495	0.015	-0.275	-0.663	-2.706	127.738213	37.884480
1595324816881	1595324816878	-9.257	-2.337	0.326	0.197	-0.527	-2.310	127.738213	37.884480
1595324816901	1595324816897	-9.425	-1.956	0.599	0.616	-0.460	-1.809	127.738213	37.884480
1595324816920	1595324816920	-9.677	-1.532	0.877	0.873	-0.385	-1.240	127.738213	37.884480
1595324816942	1595324816937	-9.909	-1.182	1.105	0.827	-0.329	-0.642	127.738213	37.884480
1595324816961	1595324816956	-9.840	-0.825	1.232	0.524	-0.248	-0.055	127.738213	37.884480
1595324816979	1595324816976	-9.569	-0.595	1.416	0.114	-0.072	0.467	127.738213	37.884480
1595324816999	1595324816996	-9.842	-0.789	1.766	-0.175	0.254	0.913	127.738213	37.884480
1595324817017	1595324817015	-11.605	-1.268	2.149	-0.187	0.716	1.332	127.738213	37.884480
1595324817037	1595324817035	-13.018	-1.364	2.063	-0.131	1.007	1.745	127.738213	37.884480
1595324817056	1595324817055	-11.835	-1.319	2.312	-0.181	0.965	2.111	127.738213	37.884480
1595324817077	1595324817074	-10.855	-1.992	2.789	-0.200	1.052	2.541	127.738213	37.884480
1595324817097	1595324817095	-12.106	-2.804	3.457	-0.032	1.265	2.979	127.738213	37.884480
1595324817119	1595324817116	-12.518	-2.624	3.285	0.090	1.142	3.182	127.738213	37.884480
1595324817136	1595324817134	-11.452	-1.918	2.657	-0.093	0.963	3.284	127.738213	37.884480
1595324817155	1595324817153	-11.152	-1.793	2.679	-0.463	1.014	3.390	127.738213	37.884480
1595324817182	1595324817181	-11.627	-2.339	2.923	-0.723	1.067	3.400	127.738213	37.884480
1595324817195	1595324817192	-11.751	-2.768	3.127	-0.715	1.065	3.303	127.738213	37.884480
1595324817214	1595324817212	-11.296	-2.708	3.388	-0.581	1.043	3.176	127.738213	37.884480
1595324817235	1595324817232	-10.664	-2.754	3.294	-0.622	0.961	3.115	127.738213	37.884480
1595324817253	1595324817252	-10.175	-3.281	2.894	-0.793	0.834	3.121	127.738213	37.884480
1595324817274	1595324817272	-9.775	-3.539	2.545	-0.857	0.729	3.092	127.738213	37.884480
1595324817294	1595324817292	-9.605	-3.345	2.523	-0.840	0.696	2.994	127.738213	37.884480
1595324817322	1595324817322	-9.648	-3.372	2.650	-0.828	0.691	2.866	127.738213	37.884480
1595324817336	1595324817333	-9.770	-3.784	2.755	-0.767	0.676	2.735	127.738220	37.884495
1595324817352	1595324817351	-10.034	-4.169	3.009	-0.612	0.683	2.617	127.738220	37.884495
1595324817375	1595324817373	-10.455	-4.471	3.417	-0.431	0.665	2.513	127.738220	37.884495
1595324817393	1595324817391	-10.800	-4.766	3.721	-0.217	0.606	2.384	127.738220	37.884495
1595324817416	1595324817413	-10.791	-4.843	3.872	0.017	0.532	2.210	127.738220	37.884495
1595324817431	1595324817430	-10.635	-4.783	4.068	0.170	0.461	1.981	127.738220	37.884495
1595324817452	1595324817451	-10.601	-4.531	4.253	0.206	0.387	1.686	127.738220	37.884495
1595324817473	1595324817471	-10.867	-4.301	4.243	0.080	0.303	1.315	127.738220	37.884495
1595324817492	1595324817491	-11.579	-4.268	4.205	-0.255	0.237	0.824	127.738220	37.884495
1595324817510	1595324817510	-12.609	-4.476	4.348	-0.648	0.171	0.214	127.738220	37.884495
1595324817531	1595324817531	-14.348	-4.991	4.918	-0.817	0.148	-0.476	127.738220	37.884495
1595324817552	1595324817551	-14.731	-5.015	5.263	-0.762	0.002	-1.176	127.738220	37.884495
1595324817574	1595324817571	-12.000	-4.301	4.734	-0.718	-0.341	-1.879	127.738220	37.884495
1595324817590	1595324817588	-9.717	-3.985	3.632	-0.648	-0.504	-2.622	127.738220	37.884495
1595324817608	1595324817607	-9.875	-4.260	3.167	-0.303	-0.425	-3.367	127.738220	37.884495
1595324817628	1595324817626	-11.773	-4.287	2.997	0.427	-0.342	-3.996	127.738220	37.884495
1595324817649	1595324817646	-14.118	-3.889	2.940	1.258	-0.393	-4.429	127.738220	37.884495
1595324817668	1595324817667	-15.450	-3.168	2.614	1.747	-0.655	-4.654	127.738220	37.884495
1595324817689	1595324817687	-15.723	-2.485	2.360	1.807	-0.963	-4.654	127.738220	37.884495
1595324817707	1595324817707	-14.774	-1.898	2.276	1.539	-1.257	-4.529	127.738220	37.884495
1595324817727	1595324817727	-12.786	-1.484	2.156	1.063	-1.493	-4.366	127.738220	37.884495
1595324817747	1595324817747	-11.061	-1.427	1.917	0.463	-1.587	-4.158	127.738220	37.884495
1595324817768	1595324817765	-9.978	-1.685	1.457	-0.135	-1.533	-3.893	127.738220	37.884495
1595324817789	1595324817787	-9.243	-2.145	1.009	-0.533	-1.389	-3.592	127.738220	37.884495
1595324817806	1595324817804	-8.807	-2.469	0.707	-0.659	-1.196	-3.299	127.738220	37.884495
1595324817827	1595324817824	-8.527	-2.598	0.362	-0.525	-1.012	-3.019	127.738220	37.884495
1595324817845	1595324817843	-8.232	-2.533	0.024	-0.213	-0.866	-2.743	127.738220	37.884495
1595324817867	1595324817864	-8.103	-2.447	-0.172	0.180	-0.696	-2.454	127.738220	37.884495
1595324817886	1595324817885	-8.096	-2.401	-0.107	0.572	-0.540	-2.146	127.738220	37.884495
1595324817906	1595324817906	-7.899	-2.186	0.070	0.894	-0.428	-1.824	127.738220	37.884495
1595324817925	1595324817925	-7.799	-1.860	0.247	1.044	-0.286	-1.451	127.738220	37.884495
1595324817946	1595324817946	-8.282	-1.865	0.599	1.018	-0.097	-1.010	127.738220	37.884495
1595324817967	1595324817965	-9.003	-2.104	0.880	0.911	0.050	-0.534	127.738220	37.884495
1595324817988	1595324817987	-9.485	-2.124	1.107	0.780	0.166	-0.054	127.738220	37.884495
1595324818004	1595324818002	-9.770	-1.951	1.455	0.603	0.321	0.426	127.738220	37.884495
1595324818024	1595324818022	-10.357	-2.052	2.085	0.388	0.545	0.872	127.738220	37.884495
1595324818044	1595324818042	-11.686	-2.241	2.475	0.233	0.810	1.279	127.738220	37.884495
1595324818063	1595324818063	-13.121	-2.071	2.137	0.125	1.059	1.748	127.738220	37.884495
1595324818083	1595324818081	-13.524	-1.839	2.168	-0.106	1.266	2.261	127.738220	37.884495
1595324818103	1595324818103	-12.899	-2.471	2.861	-0.339	1.406	2.760	127.738220	37.884495
1595324818122	1595324818122	-11.780	-3.228	3.625	-0.247	1.458	3.114	127.738220	37.884495
1595324818143	1595324818143	-10.510	-3.161	3.790	0.058	1.418	3.213	127.738220	37.884495
1595324818167	1595324818165	-9.823	-2.251	3.395	0.291	1.438	3.174	127.738220	37.884495
1595324818182	1595324818181	-10.673	-1.633	3.510	0.396	1.588	3.126	127.738220	37.884495
1595324818201	1595324818199	-12.019	-1.791	3.850	0.369	1.581	3.025	127.738220	37.884495
1595324818221	1595324818220	-11.936	-1.982	3.939	0.253	1.364	2.852	127.738220	37.884495
1595324818241	1595324818237	-10.505	-1.956	3.841	0.012	1.113	2.716	127.738220	37.884495
1595324818260	1595324818257	-9.468	-2.073	3.766	-0.349	0.934	2.655	127.738220	37.884495
1595324818279	1595324818278	-9.253	-2.493	3.601	-0.704	0.803	2.629	127.738220	37.884495
1595324818314	1595324818314	-9.305	-2.890	3.371	-0.924	0.669	2.550	127.738228	37.884510
1595324818324	1595324818321	-9.140	-2.902	3.024	-1.034	0.535	2.400	127.738228	37.884510
1595324818342	1595324818335	-8.934	-2.828	2.664	-1.127	0.446	2.260	127.738228	37.884510
1595324818357	1595324818355	-9.219	-2.996	2.315	-1.218	0.414	2.173	127.738228	37.884510
1595324818377	1595324818375	-9.904	-3.350	2.212	-1.278	0.423	2.129	127.738228	37.884510
1595324818397	1595324818395	-10.285	-3.709	2.537	-1.287	0.404	2.080	127.738228	37.884510
1595324818418	1595324818417	-10.002	-3.994	2.959	-1.231	0.347	1.994	127.738228	37.884510
1595324818436	1595324818434	-9.490	-4.203	3.208	-1.115	0.325	1.885	127.738228	37.884510
1595324818455	1595324818454	-9.471	-4.299	3.328	-0.944	0.351	1.754	127.738228	37.884510
1595324818475	1595324818473	-10.129	-4.399	3.321	-0.688	0.401	1.609	127.738228	37.884510
1595324818495	1595324818493	-11.128	-4.634	3.587	-0.349	0.437	1.432	127.738228	37.884510
1595324818515	1595324818515	-11.428	-4.739	3.817	-0.058	0.353	1.158	127.738228	37.884510
1595324818535	1595324818535	-11.423	-4.375	3.836	-0.015	0.279	0.795	127.738228	37.884510
1595324818554	1595324818554	-12.264	-3.963	4.147	-0.242	0.294	0.374	127.738228	37.884510
1595324818577	1595324818575	-13.706	-4.131	5.014	-0.552	0.290	-0.127	127.738228	37.884510
1595324818596	1595324818593	-14.226	-4.577	6.076	-0.705	0.151	-0.681	127.738228	37.884510
1595324818613	1595324818612	-12.676	-4.672	5.853	-0.713	-0.180	-1.205	127.738228	37.884510
1595324818634	1595324818631	-10.858	-4.438	4.545	-0.622	-0.460	-1.759	127.738228	37.884510
1595324818653	1595324818651	-9.789	-4.426	3.345	-0.325	-0.624	-2.378	127.738228	37.884510
1595324818672	1595324818670	-10.805	-4.636	2.906	0.290	-0.590	-3.017	127.738228	37.884510
1595324818693	1595324818691	-12.915	-4.447	2.803	1.189	-0.572	-3.577	127.738228	37.884510
1595324818712	1595324818712	-14.314	-3.674	2.415	1.994	-0.718	-4.008	127.738228	37.884510
1595324818732	1595324818732	-15.129	-2.885	2.022	2.424	-0.885	-4.212	127.738228	37.884510
1595324818752	1595324818751	-15.158	-2.260	1.953	2.445	-1.074	-4.209	127.738228	37.884510
1595324818771	1595324818771	-14.044	-1.776	2.082	2.199	-1.281	-4.135	127.738228	37.884510
1595324818796	1595324818795	-12.451	-1.520	2.255	1.789	-1.444	-4.015	127.738228	37.884510
1595324818810	1595324818810	-11.133	-1.539	2.030	1.150	-1.564	-3.875	127.738228	37.884510
1595324818834	1595324818830	-10.199	-1.697	1.395	0.390	-1.595	-3.728	127.738228	37.884510
1595324818850	1595324818848	-9.454	-1.834	0.861	-0.236	-1.530	-3.572	127.738228	37.884510
1595324818875	1595324818870	-8.752	-1.937	0.482	-0.577	-1.407	-3.404	127.738228	37.884510
1595324818890	1595324818888	-8.247	-2.021	0.204	-0.657	-1.244	-3.235	127.738228	37.884510
1595324818911	1595324818911	-7.890	-2.198	-0.004	-0.536	-1.068	-3.064	127.738228	37.884510
1595324818928	1595324818928	-7.636	-2.251	0.010	-0.280	-0.897	-2.868	127.738228	37.884510
1595324818950	1595324818948	-7.480	-1.970	0.101	0.041	-0.730	-2.622	127.738228	37.884510
1595324818968	1595324818968	-7.590	-1.573	0.113	0.286	-0.536	-2.263	127.738228	37.884510
1595324818988	1595324818986	-8.009	-1.565	0.300	0.417	-0.310	-1.731	127.738228	37.884510
1595324819009	1595324819009	-8.309	-1.922	0.710	0.513	-0.125	-1.118	127.738228	37.884510
1595324819027	1595324819025	-8.426	-2.071	1.172	0.547	0.029	-0.533	127.738228	37.884510
1595324819047	1595324819045	-8.582	-2.001	1.610	0.495	0.225	0.060	127.738228	37.884510
1595324819066	1595324819064	-8.728	-1.839	1.922	0.390	0.425	0.638	127.738228	37.884510
1595324819087	1595324819084	-9.430	-1.652	1.955	0.294	0.686	1.158	127.738228	37.884510
1595324819106	1595324819104	-11.078	-1.647	1.689	0.103	1.003	1.697	127.738228	37.884510
1595324819125	1595324819125	-11.794	-1.446	1.903	-0.228	1.162	2.252	127.738228	37.884510
1595324819146	1595324819145	-11.145	-1.539	2.485	-0.482	1.148	2.798	127.738228	37.884510
1595324819165	1595324819165	-11.411	-2.272	2.973	-0.537	1.277	3.314	127.738228	37.884510
1595324819190	1595324819185	-12.407	-2.409	3.342	-0.546	1.282	3.690	127.738228	37.884510
1595324819208	1595324819203	-13.313	-2.181	2.930	-0.765	1.128	3.993	127.738228	37.884510
1595324819223	1595324819223	-13.672	-2.162	2.655	-1.169	1.011	4.210	127.738228	37.884510
1595324819245	1595324819242	-13.488	-2.696	2.954	-1.415	0.919	4.251	127.738228	37.884510
1595324819265	1595324819262	-13.227	-3.745	3.644	-1.257	0.895	4.113	127.738228	37.884510
1595324819285	1595324819282	-12.412	-4.052	4.195	-0.791	0.895	3.811	127.738228	37.884510
1595324819304	1595324819302	-11.234	-3.364	4.073	-0.386	0.861	3.492	127.738228	37.884510
1595324819326	1595324819324	-10.470	-2.825	3.512	-0.318	0.786	3.287	127.738235	37.884521
1595324819346	1595324819345	-10.067	-2.746	2.786	-0.514	0.674	3.131	127.738235	37.884521
1595324819366	1595324819363	-9.844	-2.785	2.449	-0.840	0.587	2.921	127.738235	37.884521
1595324819382	1595324819381	-9.713	-3.051	2.324	-1.146	0.500	2.669	127.738235	37.884521
1595324819404	1595324819402	-9.760	-3.542	2.307	-1.203	0.452	2.450	127.738235	37.884521
1595324819423	1595324819420	-10.002	-3.913	2.540	-1.015	0.462	2.271	127.738235	37.884521
1595324819445	1595324819441	-10.321	-4.179	3.084	-0.780	0.482	2.142	127.738235	37.884521
1595324819461	1595324819459	-10.254	-4.498	3.577	-0.597	0.446	2.045	127.738235	37.884521
1595324819482	1595324819480	-9.880	-4.799	3.857	-0.438	0.393	1.980	127.738235	37.884521
1595324819500	1595324819499	-9.610	-4.876	3.955	-0.260	0.351	1.926	127.738235	37.884521
1595324819520	1595324819519	-9.835	-4.850	4.070	-0.130	0.315	1.850	127.738235	37.884521
1595324819542	1595324819538	-10.355	-4.924	4.066	-0.122	0.240	1.678	127.738235	37.884521
1595324819559	1595324819558	-10.850	-4.843	3.785	-0.236	0.134	1.345	127.738235	37.884521
1595324819579	1595324819578	-11.627	-4.608	3.498	-0.470	0.102	0.869	127.738235	37.884521
1595324819605	1595324819604	-12.499	-4.584	3.714	-0.778	0.110	0.239	127.738235	37.884521
1595324819617	1595324819615	-13.215	-4.816	4.413	-0.900	0.125	-0.500	127.738235	37.884521
1595324819642	1595324819642	-13.612	-4.807	5.177	-0.737	0.137	-1.251	127.738235	37.884521
1595324819656	1595324819655	-12.249	-4.287	5.230	-0.599	-0.053	-1.955	127.738235	37.884521
1595324819677	1595324819675	-10.690	-4.268	4.475	-0.579	-0.300	-2.616	127.738235	37.884521
1595324819697	1595324819695	-10.980	-4.819	3.436	-0.368	-0.381	-3.239	127.738235	37.884521
1595324819716	1595324819714	-12.968	-5.171	2.801	0.258	-0.346	-3.823	127.738235	37.884521
1595324819737	1595324819736	-14.999	-5.005	2.327	1.206	-0.395	-4.310	127.738235	37.884521
1595324819756	1595324819756	-16.022	-4.205	1.689	2.153	-0.533	-4.647	127.738235	37.884521
1595324819776	1595324819775	-16.164	-3.135	1.455	2.820	-0.687	-4.774	127.738235	37.884521
1595324819796	1595324819795	-15.457	-2.138	1.867	3.084	-0.903	-4.730	127.738235	37.884521
1595324819818	1595324819814	-14.271	-1.525	2.418	2.909	-1.157	-4.619	127.738235	37.884521
1595324819836	1595324819834	-12.942	-1.273	2.679	2.331	-1.395	-4.467	127.738235	37.884521
1595324819854	1595324819852	-11.576	-1.326	2.319	1.447	-1.592	-4.287	127.738235	37.884521
1595324819876	1595324819875	-10.340	-1.597	1.503	0.488	-1.654	-4.086	127.738235	37.884521
1595324819894	1595324819892	-9.495	-1.822	0.781	-0.264	-1.546	-3.882	127.738235	37.884521
1595324819916	1595324819914	-8.927	-1.930	0.384	-0.656	-1.336	-3.666	127.738235	37.884521
1595324819933	1595324819933	-8.560	-2.085	0.144	-0.704	-1.104	-3.437	127.738235	37.884521
1595324819956	1595324819956	-8.268	-2.198	0.080	-0.484	-0.877	-3.194	127.738235	37.884521
1595324819972	1595324819973	-7.803	-2.040	0.077	-0.102	-0.707	-2.919	127.738235	37.884521
1595324819993	1595324819993	-7.391	-1.474	0.048	0.284	-0.558	-2.532	127.738235	37.884521
1595324820015	1595324820015	-7.355	-1.041	0.094	0.572	-0.361	-1.982	127.738235	37.884521
1595324820054	1595324820054	-7.727	-1.199	0.437	0.737	-0.119	-1.335	127.738235	37.884521
1595324820054	1595324820054	-8.476	-1.709	0.961	0.802	0.124	-0.642	127.738235	37.884521
1595324820069	1595324820068	-9.509	-2.006	1.548	0.818	0.360	0.070	127.738235	37.884521
1595324820090	1595324820088	-10.450	-1.836	1.812	0.777	0.552	0.735	127.738235	37.884521
1595324820109	1595324820107	-11.361	-1.407	1.965	0.606	0.749	1.335	127.738235	37.884521
1595324820129	1595324820127	-12.446	-1.278	1.943	0.297	0.971	1.844	127.738235	37.884521
1595324820149	1595324820147	-12.352	-1.161	1.723	-0.193	1.068	2.258	127.738235	37.884521
1595324820168	1595324820166	-11.385	-1.482	1.804	-0.713	1.121	2.669	127.738235	37.884521
1595324820189	1595324820186	-11.945	-2.514	2.602	-0.971	1.298	3.133	127.738235	37.884521
1595324820211	1595324820206	-12.961	-3.194	3.230	-0.843	1.268	3.488	127.738235	37.884521
1595324820230	1595324820225	-12.879	-2.924	2.913	-0.660	1.028	3.694	127.738235	37.884521
1595324820248	1595324820245	-12.338	-2.282	2.315	-0.749	0.873	3.833	127.738235	37.884521
1595324820266	1595324820265	-12.278	-2.095	1.888	-1.040	0.810	3.933	127.738235	37.884521
1595324820291	1595324820288	-12.558	-2.366	1.989	-1.278	0.809	3.947	127.738235	37.884521
1595324820306	1595324820304	-12.252	-2.634	2.566	-1.361	0.787	3.862	127.738235	37.884521
1595324820328	1595324820326	-11.480	-2.804	3.050	-1.401	0.727	3.767	127.738235	37.884521
1595324820346	1595324820344	-10.963	-3.166	2.863	-1.528	0.651	3.728	127.738235	37.884521
1595324820366	1595324820363	-10.805	-3.458	2.192	-1.680	0.537	3.697	127.738235	37.884521
1595324820386	1595324820383	-10.860	-3.331	1.788	-1.778	0.462	3.623	127.738235	37.884521
1595324820404	1595324820403	-10.850	-3.204	1.744	-1.909	0.412	3.487	127.738235	37.884521
1595324820425	1595324820422	-10.898	-3.611	1.728	-2.023	0.383	3.325	127.738235	37.884521
1595324820447	1595324820444	-11.267	-4.270	1.938	-1.918	0.410	3.180	127.738235	37.884521
1595324820465	1595324820464	-11.538	-4.811	2.557	-1.541	0.453	3.040	127.738243	37.884529
1595324820486	1595324820483	-11.401	-5.226	3.191	-1.074	0.466	2.902	127.738243	37.884529
1595324820505	1595324820503	-11.241	-5.520	3.572	-0.612	0.469	2.776	127.738243	37.884529
1595324820525	1595324820523	-11.147	-5.583	3.745	-0.178	0.459	2.640	127.738243	37.884529
1595324820545	1595324820543	-11.028	-5.659	3.984	0.157	0.428	2.433	127.738243	37.884529
1595324820565	1595324820563	-10.882	-5.559	4.274	0.379	0.381	2.108	127.738243	37.884529
1595324820586	1595324820582	-10.688	-5.099	4.413	0.416	0.332	1.660	127.738243	37.884529
1595324820604	1595324820604	-10.826	-4.708	4.346	0.144	0.299	1.070	127.738243	37.884529
1595324820624	1595324820624	-11.713	-4.785	4.600	-0.306	0.287	0.345	127.738243	37.884529
1595324820644	1595324820641	-13.040	-5.245	5.556	-0.522	0.248	-0.479	127.738243	37.884529
1595324820663	1595324820662	-12.508	-5.096	6.085	-0.487	0.035	-1.279	127.738243	37.884529
1595324820683	1595324820681	-10.347	-4.608	5.309	-0.508	-0.319	-2.031	127.738243	37.884529
1595324820703	1595324820700	-9.583	-4.864	3.934	-0.447	-0.530	-2.759	127.738243	37.884529
1595324820722	1595324820720	-10.879	-5.173	2.868	-0.051	-0.562	-3.453	127.738243	37.884529
1595324820742	1595324820740	-13.505	-5.233	2.224	0.711	-0.547	-4.062	127.738243	37.884529
1595324820762	1595324820760	-16.156	-4.773	1.783	1.616	-0.612	-4.563	127.738243	37.884529
1595324820781	1595324820780	-17.872	-3.719	1.673	2.343	-0.779	-4.858	127.738243	37.884529
1595324820801	1595324820799	-17.716	-2.572	1.938	2.566	-1.068	-4.943	127.738243	37.884529
1595324820821	1595324820819	-16.063	-1.851	2.317	2.303	-1.377	-4.933	127.738243	37.884529
1595324820840	1595324820840	-14.511	-1.496	2.513	1.753	-1.546	-4.917	127.738243	37.884529
1595324820860	1595324820857	-13.184	-1.381	2.221	1.027	-1.618	-4.857	127.738243	37.884529
1595324820878	1595324820876	-11.928	-1.501	1.567	0.187	-1.602	-4.763	127.738243	37.884529
1595324820898	1595324820896	-10.750	-1.781	0.803	-0.515	-1.477	-4.616	127.738243	37.884529
1595324820919	1595324820916	-9.868	-2.164	0.326	-0.877	-1.239	-4.395	127.738243	37.884529
1595324820938	1595324820936	-9.430	-2.608	0.039	-0.852	-0.943	-4.125	127.738243	37.884529
1595324820957	1595324820957	-9.145	-2.984	-0.088	-0.454	-0.684	-3.830	127.738243	37.884529
1595324820977	1595324820977	-8.802	-3.008	-0.143	0.209	-0.491	-3.528	127.738243	37.884529
1595324820997	1595324820996	-8.611	-2.550	-0.117	0.924	-0.331	-3.178	127.738243	37.884529
1595324821016	1595324821016	-8.639	-1.886	-0.014	1.422	-0.212	-2.726	127.738243	37.884529
1595324821036	1595324821036	-8.603	-1.185	0.192	1.528	-0.166	-2.191	127.738243	37.884529
1595324821061	1595324821055	-8.594	-0.828	0.463	1.291	-0.102	-1.546	127.738243	37.884529
1595324821078	1595324821075	-8.862	-1.213	0.930	0.897	0.061	-0.819	127.738243	37.884529
1595324821095	1595324821093	-9.130	-1.757	1.610	0.530	0.256	-0.147	127.738243	37.884529
1595324821115	1595324821113	-9.205	-1.764	2.058	0.302	0.430	0.417	127.738243	37.884529
1595324821134	1595324821133	-9.432	-1.288	2.305	0.131	0.642	0.915	127.738243	37.884529
1595324821153	1595324821153	-10.769	-1.177	2.413	0.008	0.918	1.420	127.738243	37.884529
1595324821174	1595324821174	-12.295	-1.383	1.965	-0.147	1.118	1.937	127.738243	37.884529
1595324821194	1595324821193	-11.775	-1.546	1.826	-0.351	1.111	2.401	127.738243	37.884529
1595324821213	1595324821213	-10.910	-2.011	2.506	-0.505	1.147	2.853	127.738243	37.884529
1595324821236	1595324821236	-11.524	-2.461	3.175	-0.521	1.233	3.305	127.738243	37.884529
1595324821255	1595324821255	-11.806	-2.361	3.021	-0.581	1.098	3.602	127.738243	37.884529
1595324821273	1595324821270	-11.349	-1.918	2.353	-0.911	0.899	3.790	127.738243	37.884529
1595324821308	1595324821308	-11.401	-1.872	2.027	-1.340	0.863	3.983	127.738243	37.884529
1595324821318	1595324821318	-12.127	-2.545	2.125	-1.596	0.872	4.129	127.738251	37.884541
1595324821335	1595324821331	-12.513	-3.472	2.477	-1.531	0.831	4.144	127.738251	37.884541
1595324821352	1595324821349	-12.137	-3.973	2.820	-1.162	0.781	4.059	127.738251	37.884541
1595324821375	1595324821372	-11.607	-3.983	2.818	-0.745	0.765	3.971	127.738251	37.884541
1595324821391	1595324821389	-11.394	-3.959	2.595	-0.503	0.760	3.903	127.738251	37.884541
1595324821412	1595324821410	-11.392	-3.688	2.477	-0.422	0.742	3.803	127.738251	37.884541
1595324821430	1595324821427	-11.488	-3.084	2.686	-0.578	0.742	3.643	127.738251	37.884541
1595324821455	1595324821448	-11.646	-2.948	3.158	-1.001	0.695	3.466	127.738251	37.884541
1595324821469	1595324821467	-11.895	-3.568	3.558	-1.441	0.598	3.319	127.738251	37.884541
1595324821490	1595324821487	-12.158	-4.450	3.893	-1.599	0.494	3.203	127.738251	37.884541
1595324821509	1595324821506	-12.075	-5.022	4.226	-1.521	0.367	3.082	127.738251	37.884541
1595324821528	1595324821526	-11.514	-5.405	4.418	-1.342	0.209	2.942	127.738251	37.884541
1595324821549	1595324821547	-10.965	-5.904	4.447	-1.093	0.083	2.761	127.738251	37.884541
1595324821567	1595324821567	-10.798	-6.309	4.557	-0.780	0.025	2.476	127.738251	37.884541
1595324821588	1595324821587	-10.671	-6.275	4.597	-0.469	-0.031	2.061	127.738251	37.884541
1595324821607	1595324821607	-10.237	-6.138	4.288	-0.282	-0.084	1.522	127.738251	37.884541
1595324821627	1595324821627	-9.835	-6.153	4.075	-0.217	-0.068	0.817	127.738251	37.884541
1595324821653	1595324821647	-9.928	-5.956	4.269	-0.116	0.011	-0.007	127.738251	37.884541
1595324821666	1595324821664	-11.459	-5.614	4.758	0.107	0.118	-0.875	127.738251	37.884541
1595324821686	1595324821684	-13.370	-5.355	4.971	0.371	0.086	-1.661	127.738251	37.884541
1595324821705	1595324821703	-13.284	-5.137	4.617	0.444	-0.234	-2.325	127.738251	37.884541
1595324821725	1595324821723	-12.281	-5.029	3.738	0.461	-0.578	-2.936	127.738251	37.884541
1595324821745	1595324821743	-12.264	-4.723	2.789	0.660	-0.720	-3.554	127.738251	37.884541
1595324821764	1595324821764	-13.565	-4.438	2.101	1.061	-0.733	-4.146	127.738251	37.884541
1595324821787	1595324821785	-15.498	-4.028	1.814	1.688	-0.704	-4.623	127.738251	37.884541
1595324821805	1595324821805	-16.945	-3.218	1.864	2.271	-0.762	-4.911	127.738251	37.884541
1595324821827	1595324821827	-16.935	-2.454	1.996	2.432	-0.988	-4.987	127.738251	37.884541
1595324821845	1595324821845	-15.629	-2.195	2.053	2.140	-1.253	-4.930	127.738251	37.884541
1595324821865	1595324821865	-14.127	-2.200	2.140	1.628	-1.396	-4.843	127.738251	37.884541
1595324821885	1595324821883	-12.968	-2.217	2.046	1.094	-1.425	-4.738	127.738251	37.884541
1595324821904	1595324821903	-11.849	-2.203	1.553	0.553	-1.419	-4.593	127.738251	37.884541
1595324821923	1595324821921	-10.783	-2.167	0.925	0.081	-1.351	-4.403	127.738251	37.884541
1595324821945	1595324821942	-9.954	-2.265	0.489	-0.181	-1.183	-4.184	127.738251	37.884541
1595324821962	1595324821961	-9.370	-2.466	0.319	-0.181	-0.998	-3.942	127.738251	37.884541
1595324821984	1595324821982	-8.996	-2.495	0.211	0.066	-0.826	-3.710	127.738251	37.884541
1595324822003	1595324822002	-8.802	-2.322	0.197	0.450	-0.663	-3.461	127.738251	37.884541
1595324822021	1595324822021	-8.659	-1.874	0.257	0.834	-0.538	-3.157	127.738251	37.884541
1595324822042	1595324822041	-8.357	-1.216	0.228	1.096	-0.455	-2.757	127.738251	37.884541
1595324822062	1595324822061	-8.146	-0.646	0.377	1.088	-0.346	-2.274	127.738251	37.884541
1595324822086	1595324822078	-8.282	-0.727	0.784	0.847	-0.184	-1.720	127.738251	37.884541
1595324822102	1595324822099	-8.611	-1.185	1.335	0.577	-0.010	-1.123	127.738251	37.884541
1595324822120	1595324822117	-8.980	-1.431	1.845	0.416	0.162	-0.518	127.738251	37.884541
1595324822140	1595324822137	-9.739	-1.273	2.317	0.310	0.376	0.056	127.738251	37.884541
1595324822159	1595324822157	-10.709	-0.435	2.408	0.087	0.556	0.643	127.738251	37.884541
1595324822180	1595324822176	-11.303	0.473	1.941	-0.406	0.669	1.298	127.738251	37.884541
1595324822199	1595324822197	-12.012	-0.164	1.821	-1.174	0.900	2.020	127.738251	37.884541
1595324822217	1595324822217	-12.752	-1.994	2.307	-1.850	1.089	2.762	127.738251	37.884541
1595324822237	1595324822237	-12.149	-3.113	2.854	-2.040	1.002	3.413	127.738251	37.884541
1595324822260	1595324822261	-11.114	-3.154	2.983	-1.872	0.866	3.892	127.738251	37.884541
1595324822278	1595324822277	-11.147	-3.242	2.820	-1.656	0.854	4.211	127.738251	37.884541
1595324822299	1595324822295	-11.713	-3.333	2.662	-1.404	0.860	4.372	127.738251	37.884541
1595324822326	1595324822324	-12.077	-3.307	2.794	-1.045	0.842	4.402	127.738258	37.884552
1595324822336	1595324822333	-12.309	-3.422	2.897	-0.637	0.843	4.333	127.738258	37.884552
1595324822355	1595324822354	-12.228	-3.525	3.004	-0.217	0.872	4.192	127.738258	37.884552
1595324822376	1595324822375	-11.658	-3.364	3.086	0.123	0.871	4.005	127.738258	37.884552
1595324822395	1595324822393	-11.179	-3.099	2.954	0.205	0.852	3.858	127.738258	37.884552
1595324822417	1595324822416	-11.035	-3.060	2.707	-0.006	0.802	3.750	127.738258	37.884552
1595324822435	1595324822434	-11.116	-3.120	2.475	-0.321	0.718	3.562	127.738258	37.884552
1595324822454	1595324822454	-11.102	-2.955	2.755	-0.599	0.663	3.313	127.738258	37.884552
1595324822477	1595324822476	-11.222	-3.178	2.849	-0.990	0.608	3.044	127.738258	37.884552
1595324822496	1595324822493	-11.236	-3.697	2.724	-1.195	0.524	2.767	127.738258	37.884552
1595324822512	1595324822511	-11.423	-3.961	2.516	-1.189	0.514	2.535	127.738258	37.884552
1595324822533	1595324822530	-11.835	-4.126	2.516	-1.158	0.538	2.317	127.738258	37.884552
1595324822552	1595324822550	-11.847	-4.349	2.626	-1.174	0.505	2.110	127.738258	37.884552
1595324822572	1595324822572	-11.732	-4.749	2.957	-1.098	0.489	1.912	127.738258	37.884552
1595324822592	1595324822591	-11.514	-4.938	3.474	-0.860	0.501	1.705	127.738258	37.884552
1595324822611	1595324822611	-11.255	-4.898	3.896	-0.627	0.504	1.524	127.738258	37.884552
1595324822631	1595324822629	-11.377	-4.981	4.039	-0.500	0.492	1.339	127.738258	37.884552
1595324822651	1595324822651	-11.519	-5.278	4.142	-0.400	0.449	1.107	127.738258	37.884552
1595324822671	1595324822671	-11.653	-5.496	4.569	-0.235	0.425	0.768	127.738258	37.884552
1595324822690	1595324822690	-12.039	-5.583	5.575	-0.025	0.396	0.321	127.738258	37.884552
1595324822710	1595324822708	-12.400	-5.913	6.694	0.235	0.247	-0.199	127.738258	37.884552
1595324822729	1595324822728	-11.227	-5.652	6.310	0.507	-0.120	-0.753	127.738258	37.884552
1595324822750	1595324822747	-9.610	-4.701	4.674	0.728	-0.491	-1.421	127.738258	37.884552
1595324822768	1595324822767	-9.224	-3.779	3.405	0.904	-0.702	-2.202	127.738258	37.884552
1595324822793	1595324822791	-10.438	-3.187	2.569	1.089	-0.836	-2.935	127.738258	37.884552
1595324822808	1595324822808	-12.522	-3.194	2.049	1.477	-0.964	-3.570	127.738258	37.884552
1595324822830	1595324822830	-14.250	-3.091	1.867	1.998	-1.144	-4.070	127.738258	37.884552
1595324822848	1595324822848	-15.486	-2.588	2.140	2.283	-1.361	-4.334	127.738258	37.884552
1595324822869	1595324822867	-15.385	-2.047	2.892	2.133	-1.651	-4.413	127.738258	37.884552
1595324822887	1595324822887	-14.125	-1.764	3.239	1.638	-1.930	-4.384	127.738258	37.884552
1595324822908	1595324822905	-12.985	-1.855	2.997	0.943	-2.058	-4.350	127.738258	37.884552
1595324822927	1595324822925	-12.144	-2.150	2.192	0.117	-2.082	-4.280	127.738258	37.884552
1595324822947	1595324822944	-11.250	-2.217	1.150	-0.661	-2.005	-4.153	127.738258	37.884552
1595324822965	1595324822964	-10.513	-2.172	0.460	-1.140	-1.799	-3.969	127.738258	37.884552
1595324822985	1595324822984	-10.122	-2.310	0.072	-1.267	-1.531	-3.740	127.738258	37.884552
1595324823005	1595324823005	-9.974	-2.665	-0.083	-1.036	-1.275	-3.510	127.738258	37.884552
1595324823025	1595324823025	-9.909	-2.945	0.013	-0.485	-1.045	-3.265	127.738258	37.884552
1595324823045	1595324823044	-9.818	-2.818	0.154	0.225	-0.877	-2.972	127.738258	37.884552
1595324823065	1595324823065	-9.432	-2.121	0.345	0.821	-0.792	-2.620	127.738258	37.884552
1595324823086	1595324823085	-8.891	-1.170	0.420	1.071	-0.733	-2.184	127.738258	37.884552
1595324823107	1595324823107	-8.754	-0.739	0.714	0.946	-0.569	-1.676	127.738258	37.884552
1595324823124	1595324823122	-9.202	-1.067	1.273	0.671	-0.283	-1.121	127.738258	37.884552
1595324823145	1595324823143	-9.564	-1.575	1.950	0.540	-0.005	-0.565	127.738258	37.884552
1595324823164	1595324823162	-9.416	-1.371	2.274	0.619	0.210	-0.071	127.738258	37.884552
1595324823184	1595324823182	-9.183	-0.732	2.470	0.654	0.477	0.373	127.738258	37.884552
1595324823203	1595324823202	-9.811	-0.543	2.542	0.523	0.789	0.834	127.738258	37.884552
1595324823223	1595324823223	-11.325	-0.765	2.130	0.290	1.090	1.372	127.738258	37.884552
1595324823243	1595324823243	-11.164	-0.693	1.948	-0.033	1.161	1.863	127.738258	37.884552
1595324823263	1595324823262	-10.038	-0.981	2.288	-0.430	1.180	2.311	127.738258	37.884552
1595324823286	1595324823285	-11.088	-1.817	2.966	-0.710	1.404	2.856	127.738258	37.884552
1595324823306	1595324823306	-12.443	-2.366	3.199	-0.848	1.383	3.302	127.738258	37.884552
1595324823327	1595324823320	-11.742	-2.241	2.530	-1.049	1.083	3.543	127.738258	37.884552
1595324823346	1595324823340	-11.322	-2.148	2.080	-1.271	1.012	3.749	127.738258	37.884563
1595324823367	1595324823360	-11.914	-2.622	2.406	-1.387	1.055	3.887	127.738258	37.884563
1595324823381	1595324823378	-11.880	-3.329	2.798	-1.299	0.981	3.823	127.738258	37.884563
1595324823401	1595324823397	-11.195	-3.590	3.074	-0.934	0.955	3.679	127.738258	37.884563
1595324823420	1595324823417	-10.834	-3.465	3.179	-0.507	1.011	3.594	127.738258	37.884563
1595324823440	1595324823436	-10.834	-3.511	3.074	-0.289	1.011	3.552	127.738258	37.884563
1595324823462	1595324823457	-10.625	-3.630	3.040	-0.205	0.952	3.480	127.738258	37.884563
1595324823479	1595324823476	-10.486	-3.391	3.261	-0.185	0.929	3.330	127.738258	37.884563
1595324823499	1595324823499	-10.874	-3.288	3.606	-0.244	0.942	3.153	127.738258	37.884563
1595324823518	1595324823515	-11.188	-3.611	3.814	-0.336	0.895	2.961	127.738258	37.884563
1595324823537	1595324823535	-11.188	-3.956	3.867	-0.350	0.819	2.775	127.738258	37.884563
1595324823556	1595324823554	-10.937	-4.167	3.881	-0.285	0.747	2.594	127.738258	37.884563
1595324823577	1595324823574	-10.482	-4.229	3.944	-0.223	0.663	2.385	127.738258	37.884563
1595324823596	1595324823595	-10.060	-4.112	4.236	-0.222	0.587	2.161	127.738258	37.884563
1595324823615	1595324823615	-9.887	-4.169	4.509	-0.303	0.505	1.953	127.738258	37.884563
1595324823637	1595324823635	-10.089	-4.562	4.677	-0.452	0.394	1.705	127.738258	37.884563
1595324823655	1595324823655	-10.297	-4.960	4.648	-0.604	0.264	1.353	127.738258	37.884563
1595324823675	1595324823675	-10.496	-4.972	4.638	-0.676	0.182	0.896	127.738258	37.884563
1595324823697	1595324823697	-11.322	-4.795	4.918	-0.688	0.150	0.345	127.738258	37.884563
1595324823714	1595324823714	-13.148	-4.902	5.565	-0.683	0.122	-0.304	127.738258	37.884563
1595324823734	1595324823732	-14.017	-4.421	5.596	-0.853	-0.096	-0.986	127.738258	37.884563
1595324823754	1595324823751	-12.422	-3.494	4.825	-1.393	-0.603	-1.721	127.738258	37.884563
1595324823774	1595324823771	-10.707	-3.597	3.884	-1.976	-0.925	-2.462	127.738258	37.884563
1595324823795	1595324823793	-11.320	-4.603	3.524	-1.959	-0.841	-3.217	127.738258	37.884563
1595324823812	1595324823811	-13.337	-5.140	3.637	-1.202	-0.630	-3.948	127.738258	37.884563
1595324823836	1595324823836	-14.705	-4.926	3.244	-0.236	-0.554	-4.546	127.738258	37.884563
1595324823852	1595324823852	-15.644	-4.462	2.652	0.535	-0.511	-4.909	127.738258	37.884563
1595324823875	1595324823873	-15.699	-3.731	2.346	1.113	-0.546	-5.038	127.738258	37.884563
1595324823892	1595324823891	-14.477	-2.835	2.140	1.451	-0.648	-5.014	127.738258	37.884563
1595324823921	1595324823920	-12.827	-2.215	2.058	1.530	-0.742	-4.858	127.738258	37.884563
1595324823931	1595324823930	-11.272	-1.975	1.874	1.363	-0.834	-4.578	127.738258	37.884563
1595324823953	1595324823950	-10.067	-1.958	1.438	1.055	-0.864	-4.247	127.738258	37.884563
1595324823970	1595324823968	-9.291	-2.102	1.124	0.841	-0.801	-3.911	127.738258	37.884563
1595324823991	1595324823988	-8.948	-2.143	0.896	0.831	-0.667	-3.557	127.738258	37.884563
1595324824009	1595324824008	-8.807	-2.071	0.726	0.941	-0.550	-3.183	127.738258	37.884563
1595324824029	1595324824029	-8.627	-1.891	0.592	1.060	-0.498	-2.825	127.738258	37.884563
1595324824050	1595324824049	-8.357	-1.652	0.511	1.130	-0.483	-2.453	127.738258	37.884563
1595324824069	1595324824068	-8.093	-1.410	0.540	1.112	-0.462	-2.064	127.738258	37.884563
1595324824089	1595324824088	-8.153	-1.343	0.599	0.995	-0.380	-1.638	127.738258	37.884563
1595324824108	1595324824107	-8.673	-1.609	0.750	0.841	-0.231	-1.170	127.738258	37.884563
1595324824130	1595324824126	-9.221	-1.889	0.992	0.731	-0.094	-0.698	127.738258	37.884563
1595324824148	1595324824146	-9.681	-1.985	1.323	0.682	0.056	-0.242	127.738258	37.884563
1595324824168	1595324824165	-10.259	-1.982	1.677	0.647	0.247	0.179	127.738258	37.884563
1595324824187	1595324824185	-10.817	-1.795	2.008	0.588	0.429	0.520	127.738258	37.884563
1595324824206	1595324824204	-11.607	-1.458	2.092	0.497	0.627	0.793	127.738258	37.884563
1595324824226	1595324824226	-12.453	-0.892	1.737	0.298	0.868	1.083	127.738258	37.884563
1595324824247	1595324824246	-11.270	-0.301	1.641	-0.165	0.962	1.360	127.738258	37.884563
1595324824266	1595324824266	-9.806	-0.811	1.979	-0.731	1.107	1.684	127.738258	37.884563
1595324824289	1595324824284	-10.865	-2.241	2.796	-0.872	1.510	2.145	127.738258	37.884563
1595324824304	1595324824302	-11.857	-2.543	2.954	-0.606	1.591	2.503	127.738258	37.884563
1595324824327	1595324824327	-11.004	-1.848	2.454	-0.521	1.406	2.731	127.738258	37.884575
1595324824348	1595324824348	-10.764	-1.745	1.982	-0.807	1.401	2.989	127.738258	37.884575
1595324824370	1595324824367	-11.564	-2.255	1.979	-1.065	1.477	3.256	127.738258	37.884575
1595324824386	1595324824382	-12.060	-2.804	2.283	-1.096	1.450	3.405	127.738258	37.884575
1595324824405	1595324824403	-11.981	-3.223	2.674	-0.918	1.424	3.466	127.738258	37.884575
1595324824424	1595324824422	-11.502	-3.355	3.115	-0.669	1.412	3.492	127.738258	37.884575
1595324824448	1595324824445	-10.783	-3.482	3.385	-0.538	1.339	3.513	127.738258	37.884575
1595324824464	1595324824462	-10.120	-3.760	3.328	-0.474	1.241	3.510	127.738258	37.884575
1595324824484	1595324824483	-9.899	-3.820	3.155	-0.287	1.208	3.406	127.738258	37.884575
1595324824503	1595324824503	-10.067	-3.424	3.239	-0.082	1.190	3.225	127.738258	37.884575
1595324824523	1595324824523	-10.410	-3.182	3.328	-0.063	1.144	2.983	127.738258	37.884575
1595324824544	1595324824544	-10.855	-3.379	3.220	-0.141	1.074	2.744	127.738258	37.884575
1595324824566	1595324824562	-11.224	-3.525	3.421	-0.198	1.031	2.475	127.738258	37.884575
1595324824582	1595324824580	-11.054	-3.491	4.018	-0.243	0.942	2.186	127.738258	37.884575
1595324824602	1595324824600	-10.640	-3.551	4.506	-0.403	0.829	1.905	127.738258	37.884575
1595324824622	1595324824619	-10.486	-3.841	4.923	-0.627	0.696	1.619	127.738258	37.884575
1595324824643	1595324824638	-10.426	-4.090	5.244	-0.763	0.533	1.315	127.738258	37.884575
1595324824661	1595324824659	-10.477	-4.399	5.292	-0.781	0.371	0.983	127.738258	37.884575
1595324824680	1595324824679	-10.913	-4.538	5.163	-0.684	0.237	0.594	127.738258	37.884575
1595324824701	1595324824699	-11.861	-4.440	5.237	-0.562	0.129	0.169	127.738258	37.884575
1595324824730	1595324824730	-13.169	-4.378	5.752	-0.532	-0.003	-0.294	127.738258	37.884575
1595324824743	1595324824736	-13.998	-4.555	6.579	-0.577	-0.250	-0.785	127.738258	37.884575
1595324824758	1595324824755	-12.654	-4.761	6.447	-0.584	-0.667	-1.239	127.738258	37.884575
1595324824777	1595324824775	-10.762	-4.888	4.976	-0.355	-1.040	-1.698	127.738258	37.884575
1595324824798	1595324824795	-10.726	-4.553	3.790	0.165	-1.199	-2.227	127.738258	37.884575
1595324824821	1595324824817	-11.797	-3.779	3.151	0.665	-1.329	-2.803	127.738258	37.884575
1595324824838	1595324824837	-13.289	-3.412	2.655	1.028	-1.468	-3.354	127.738258	37.884575
1595324824857	1595324824856	-15.074	-3.187	2.183	1.397	-1.566	-3.794	127.738258	37.884575
1595324824877	1595324824877	-16.367	-2.624	1.938	1.679	-1.661	-4.039	127.738258	37.884575
1595324824897	1595324824896	-16.001	-2.021	2.015	1.604	-1.847	-4.084	127.738258	37.884575
1595324824918	1595324824917	-14.470	-1.733	2.080	1.223	-2.028	-4.042	127.738258	37.884575
1595324824935	1595324824935	-13.251	-1.786	2.118	0.662	-2.091	-3.971	127.738258	37.884575
1595324824956	1595324824955	-12.118	-1.918	1.833	0.041	-2.096	-3.906	127.738258	37.884575
1595324824975	1595324824973	-10.779	-1.932	1.335	-0.545	-2.044	-3.824	127.738258	37.884575
1595324824995	1595324824992	-9.542	-1.846	0.781	-0.999	-1.904	-3.712	127.738258	37.884575
1595324825014	1595324825012	-8.690	-1.956	0.331	-1.221	-1.662	-3.551	127.738258	37.884575
1595324825033	1595324825032	-8.199	-2.255	0.144	-1.152	-1.375	-3.350	127.738258	37.884575
1595324825053	1595324825053	-7.928	-2.519	0.123	-0.786	-1.087	-3.154	127.738258	37.884575
1595324825073	1595324825073	-7.949	-2.593	0.343	-0.200	-0.805	-2.928	127.738258	37.884575
1595324825093	1595324825093	-8.079	-2.306	0.429	0.437	-0.622	-2.632	127.738258	37.884575
1595324825112	1595324825112	-8.225	-1.738	0.425	0.895	-0.490	-2.245	127.738258	37.884575
1595324825132	1595324825132	-8.455	-1.216	0.614	1.017	-0.364	-1.754	127.738258	37.884575
1595324825152	1595324825152	-8.584	-1.120	0.964	0.890	-0.245	-1.184	127.738258	37.884575
1595324825174	1595324825174	-8.539	-1.355	1.347	0.709	-0.082	-0.623	127.738258	37.884575
1595324825192	1595324825190	-8.817	-1.561	1.780	0.589	0.179	-0.090	127.738258	37.884575
1595324825211	1595324825209	-9.844	-1.573	2.135	0.501	0.531	0.436	127.738258	37.884575
1595324825230	1595324825228	-11.236	-1.254	2.286	0.304	0.859	0.936	127.738258	37.884575
1595324825251	1595324825248	-12.645	-0.995	1.627	-0.162	1.120	1.399	127.738258	37.884575
1595324825272	1595324825272	-13.629	-1.276	1.378	-0.786	1.371	1.905	127.738258	37.884575
1595324825294	1595324825293	-13.004	-1.982	2.238	-1.221	1.401	2.393	127.738258	37.884575
1595324825311	1595324825310	-11.804	-2.615	3.019	-1.323	1.321	2.833	127.738258	37.884575
1595324825334	1595324825333	-11.097	-2.864	3.019	-1.300	1.221	3.202	127.738258	37.884586
1595324825351	1595324825348	-10.407	-2.363	2.291	-1.438	1.010	3.451	127.738258	37.884586
1595324825370	1595324825370	-10.407	-2.083	1.843	-1.648	0.935	3.692	127.738258	37.884586
1595324825389	1595324825386	-11.277	-2.722	2.188	-1.623	0.942	3.897	127.738258	37.884586
1595324825409	1595324825406	-11.948	-3.472	2.640	-1.267	0.854	3.947	127.738258	37.884586
1595324825427	1595324825426	-11.559	-3.585	2.834	-0.790	0.742	3.879	127.738258	37.884586
1595324825448	1595324825445	-10.917	-3.338	3.086	-0.487	0.695	3.812	127.738258	37.884586
1595324825469	1595324825467	-10.632	-3.300	3.256	-0.481	0.657	3.784	127.738258	37.884586
1595324825488	1595324825486	-10.525	-3.554	3.258	-0.610	0.583	3.747	127.738258	37.884586
1595324825506	1595324825504	-10.656	-3.834	3.086	-0.705	0.526	3.619	127.738258	37.884586
1595324825526	1595324825526	-10.975	-3.678	3.012	-0.733	0.503	3.383	127.738258	37.884586
1595324825546	1595324825546	-11.327	-3.508	2.978	-0.759	0.494	3.137	127.738258	37.884586
1595324825566	1595324825566	-11.447	-3.590	2.839	-0.802	0.442	2.899	127.738258	37.884586
1595324825587	1595324825586	-11.533	-3.841	2.858	-0.821	0.410	2.685	127.738258	37.884586
1595324825605	1595324825603	-11.368	-4.136	3.184	-0.839	0.371	2.480	127.738258	37.884586
1595324825624	1595324825623	-10.882	-4.419	3.534	-0.851	0.301	2.272	127.738258	37.884586
1595324825645	1595324825642	-10.390	-4.797	3.802	-0.802	0.238	2.096	127.738258	37.884586
1595324825664	1595324825664	-10.172	-5.262	3.855	-0.640	0.185	1.913	127.738258	37.884586
1595324825686	1595324825686	-10.426	-5.664	3.759	-0.325	0.168	1.679	127.738258	37.884586
1595324825705	1595324825705	-11.109	-5.638	3.728	0.020	0.191	1.343	127.738258	37.884586
1595324825727	1595324825727	-11.605	-5.317	3.766	0.228	0.182	0.898	127.738258	37.884586
1595324825745	1595324825744	-12.264	-5.041	3.972	0.228	0.179	0.333	127.738258	37.884586
1595324825766	1595324825766	-14.003	-5.044	4.633	0.186	0.219	-0.342	127.738258	37.884586
1595324825786	1595324825782	-14.523	-4.828	5.290	0.221	0.062	-1.031	127.738258	37.884586
1595324825803	1595324825801	-12.070	-4.153	4.818	0.188	-0.367	-1.721	127.738258	37.884586
1595324825823	1595324825822	-9.986	-3.561	3.668	0.072	-0.639	-2.452	127.738258	37.884586
1595324825843	1595324825840	-10.036	-3.384	2.844	-0.012	-0.721	-3.191	127.738258	37.884586
1595324825863	1595324825862	-12.218	-3.693	2.513	0.185	-0.686	-3.852	127.738258	37.884586
1595324825882	1595324825882	-14.501	-3.774	2.190	0.687	-0.710	-4.395	127.738258	37.884586
1595324825902	1595324825902	-15.565	-3.350	1.747	1.207	-0.823	-4.760	127.738258	37.884586
1595324825920	1595324825920	-15.536	-2.847	1.543	1.512	-0.913	-4.884	127.738258	37.884586
1595324825942	1595324825940	-14.520	-2.430	1.749	1.577	-1.012	-4.836	127.738258	37.884586
1595324825965	1595324825959	-13.042	-2.215	2.185	1.494	-1.099	-4.702	127.738258	37.884586
1595324825981	1595324825979	-11.799	-2.234	2.224	1.245	-1.169	-4.499	127.738258	37.884586
1595324826000	1595324825997	-10.676	-2.272	1.783	0.812	-1.223	-4.254	127.738258	37.884586
1595324826020	1595324826016	-9.655	-2.277	1.265	0.366	-1.192	-3.996	127.738258	37.884586
1595324826040	1595324826036	-8.874	-2.308	0.698	0.058	-1.059	-3.730	127.738258	37.884586
1595324826057	1595324826056	-8.453	-2.330	0.350	-0.015	-0.889	-3.470	127.738258	37.884586
1595324826077	1595324826076	-8.227	-2.325	0.101	0.160	-0.711	-3.229	127.738258	37.884586
1595324826097	1595324826097	-8.163	-2.260	-0.088	0.496	-0.551	-2.976	127.738258	37.884586
1595324826117	1595324826117	-8.163	-2.018	0.015	0.884	-0.407	-2.674	127.738258	37.884586
1595324826137	1595324826137	-8.390	-1.623	0.257	1.203	-0.289	-2.271	127.738258	37.884586
1595324826156	1595324826156	-8.968	-1.364	0.547	1.334	-0.154	-1.746	127.738258	37.884586
1595324826176	1595324826176	-9.519	-1.261	0.930	1.223	-0.045	-1.158	127.738258	37.884586
1595324826197	1595324826197	-9.792	-1.379	1.373	0.943	0.037	-0.565	127.738258	37.884586
1595324826214	1595324826214	-9.969	-1.623	1.773	0.595	0.194	0.012	127.738258	37.884586
1595324826235	1595324826233	-10.314	-1.795	2.099	0.293	0.422	0.552	127.738258	37.884586
1595324826254	1595324826253	-10.826	-1.853	2.248	0.093	0.686	1.041	127.738258	37.884586
1595324826275	1595324826273	-11.897	-1.891	2.058	-0.055	0.995	1.505	127.738258	37.884586
1595324826295	1595324826293	-12.760	-1.954	2.032	-0.247	1.238	1.980	127.738258	37.884586
1595324826314	1595324826314	-12.086	-2.234	2.324	-0.439	1.285	2.424	127.738266	37.884598
1595324826336	1595324826334	-11.365	-2.648	2.846	-0.509	1.323	2.825	127.738266	37.884598
1595324826354	1595324826352	-11.643	-2.993	3.256	-0.432	1.351	3.166	127.738266	37.884598
1595324826375	1595324826375	-11.765	-2.852	3.000	-0.405	1.233	3.373	127.738266	37.884598
1595324826393	1595324826391	-11.610	-2.466	2.631	-0.503	1.117	3.499	127.738266	37.884598
1595324826416	1595324826413	-11.586	-2.385	2.672	-0.613	1.037	3.570	127.738266	37.884598
1595324826433	1595324826430	-11.452	-2.596	2.887	-0.637	0.932	3.543	127.738266	37.884598
