1595324826452	1595324826451	-10.781	-2.603	3.124	-0.597	0.820	3.408	127.738266	37.884598
1595324826472	1595324826469	-9.849	-2.279	3.249	-0.663	0.731	3.241	127.738266	37.884598
1595324826492	1595324826489	-9.313	-2.157	3.172	-0.967	0.660	3.121	127.738266	37.884598
1595324826509	1595324826508	-9.296	-2.473	3.215	-1.374	0.574	3.038	127.738266	37.884598
1595324826529	1595324826528	-9.260	-2.703	3.266	-1.692	0.425	2.910	127.738266	37.884598
1595324826550	1595324826547	-9.229	-2.734	3.158	-1.970	0.294	2.751	127.738266	37.884598
1595324826569	1595324826567	-9.497	-3.135	2.969	-2.217	0.200	2.617	127.738266	37.884598
1595324826592	1595324826591	-9.883	-3.851	2.842	-2.268	0.122	2.503	127.738266	37.884598
1595324826609	1595324826609	-10.026	-4.589	3.052	-2.011	0.073	2.391	127.738266	37.884598
1595324826629	1595324826626	-9.804	-5.099	3.280	-1.495	0.055	2.259	127.738266	37.884598
1595324826648	1595324826646	-9.784	-5.434	3.474	-0.834	0.114	2.140	127.738266	37.884598
1595324826667	1595324826667	-10.079	-5.576	3.685	-0.159	0.203	1.997	127.738266	37.884598
1595324826688	1595324826685	-10.333	-5.437	3.915	0.442	0.256	1.815	127.738266	37.884598
1595324826706	1595324826705	-10.994	-5.216	4.231	0.879	0.314	1.572	127.738266	37.884598
1595324826726	1595324826725	-11.559	-4.807	4.341	1.015	0.304	1.226	127.738266	37.884598
1595324826747	1595324826744	-11.689	-4.062	4.231	0.771	0.239	0.784	127.738266	37.884598
1595324826766	1595324826764	-11.907	-3.582	4.255	0.262	0.190	0.269	127.738266	37.884598
1595324826794	1595324826786	-12.750	-3.875	4.710	-0.197	0.163	-0.297	127.738266	37.884598
1595324826809	1595324826807	-13.093	-4.373	5.357	-0.362	0.066	-0.867	127.738266	37.884598
1595324826827	1595324826823	-11.727	-4.483	5.280	-0.360	-0.213	-1.436	127.738266	37.884598
1595324826845	1595324826843	-10.333	-4.311	4.255	-0.297	-0.472	-2.038	127.738266	37.884598
1595324826866	1595324826863	-10.278	-4.121	3.194	-0.145	-0.589	-2.672	127.738266	37.884598
1595324826885	1595324826882	-11.972	-4.112	2.578	0.206	-0.576	-3.271	127.738266	37.884598
1595324826904	1595324826903	-13.888	-3.954	2.202	0.805	-0.590	-3.778	127.738266	37.884598
1595324826925	1595324826922	-14.837	-3.343	1.881	1.425	-0.659	-4.136	127.738266	37.884598
1595324826946	1595324826946	-14.781	-2.598	1.831	1.772	-0.761	-4.253	127.738266	37.884598
1595324826964	1595324826962	-13.845	-2.172	2.032	1.762	-0.909	-4.211	127.738266	37.884598
1595324826987	1595324826982	-12.407	-2.030	2.310	1.475	-1.033	-4.107	127.738266	37.884598
1595324827004	1595324827002	-10.929	-2.080	2.444	1.060	-1.110	-3.984	127.738266	37.884598
1595324827024	1595324827021	-9.554	-2.188	2.113	0.606	-1.135	-3.845	127.738266	37.884598
1595324827044	1595324827041	-8.457	-2.227	1.495	0.195	-1.081	-3.685	127.738266	37.884598
1595324827062	1595324827061	-7.727	-2.186	0.911	-0.026	-0.935	-3.510	127.738266	37.884598
1595324827083	1595324827081	-7.396	-2.167	0.614	-0.006	-0.741	-3.304	127.738266	37.884598
1595324827102	1595324827100	-7.408	-2.239	0.518	0.196	-0.558	-3.075	127.738266	37.884598
1595324827122	1595324827120	-7.643	-2.358	0.408	0.527	-0.409	-2.811	127.738266	37.884598
1595324827143	1595324827140	-7.851	-2.234	0.372	0.942	-0.305	-2.486	127.738266	37.884598
1595324827162	1595324827159	-7.995	-1.783	0.511	1.305	-0.236	-2.096	127.738266	37.884598
1595324827181	1595324827181	-8.522	-1.331	0.846	1.452	-0.136	-1.606	127.738266	37.884598
1595324827201	1595324827201	-9.653	-1.271	1.285	1.363	0.003	-1.020	127.738266	37.884598
1595324827221	1595324827219	-11.016	-1.565	1.795	1.133	0.114	-0.406	127.738266	37.884598
1595324827240	1595324827238	-11.744	-1.537	2.164	0.825	0.148	0.146	127.738266	37.884598
1595324827260	1595324827257	-11.519	-1.053	2.183	0.415	0.196	0.652	127.738266	37.884598
1595324827280	1595324827277	-11.703	-0.854	2.168	-0.129	0.414	1.141	127.738266	37.884598
1595324827300	1595324827296	-13.184	-1.309	2.212	-0.646	0.761	1.587	127.738266	37.884598
1595324827320	1595324827320	-13.708	-1.879	2.396	-0.918	0.949	1.962	127.738266	37.884609
1595324827345	1595324827335	-12.453	-2.569	3.067	-0.914	0.982	2.288	127.738266	37.884609
1595324827356	1595324827355	-11.746	-3.240	3.903	-0.667	1.027	2.578	127.738266	37.884609
1595324827377	1595324827376	-11.480	-3.161	3.749	-0.323	0.946	2.719	127.738266	37.884609
1595324827398	1595324827396	-11.128	-2.260	2.890	-0.271	0.826	2.752	127.738266	37.884609
1595324827419	1595324827416	-10.771	-1.470	2.317	-0.596	0.747	2.757	127.738266	37.884609
1595324827437	1595324827435	-10.479	-1.489	2.224	-1.003	0.679	2.703	127.738266	37.884609
1595324827456	1595324827454	-10.175	-1.793	2.456	-1.224	0.634	2.610	127.738266	37.884609
1595324827475	1595324827474	-9.540	-1.891	2.722	-1.322	0.578	2.506	127.738266	37.884609
1595324827496	1595324827493	-8.862	-2.009	2.686	-1.537	0.484	2.453	127.738266	37.884609
1595324827516	1595324827515	-8.512	-2.447	2.492	-1.874	0.375	2.520	127.738266	37.884609
1595324827535	1595324827535	-8.361	-3.008	2.279	-2.099	0.255	2.642	127.738266	37.884609
1595324827555	1595324827555	-8.366	-3.305	2.219	-2.152	0.159	2.709	127.738266	37.884609
1595324827574	1595324827574	-8.692	-3.357	2.248	-2.097	0.119	2.747	127.738266	37.884609
1595324827599	1595324827594	-9.236	-3.733	2.384	-1.947	0.112	2.794	127.738266	37.884609
1595324827619	1595324827612	-9.813	-4.414	2.664	-1.634	0.131	2.832	127.738266	37.884609
1595324827635	1595324827633	-10.216	-5.010	3.033	-1.114	0.175	2.861	127.738266	37.884609
1595324827652	1595324827651	-10.309	-5.243	3.232	-0.466	0.225	2.863	127.738266	37.884609
1595324827672	1595324827671	-10.589	-5.259	3.484	0.175	0.318	2.829	127.738266	37.884609
1595324827693	1595324827690	-11.255	-5.329	3.939	0.691	0.403	2.718	127.738266	37.884609
1595324827713	1595324827711	-11.648	-5.302	4.162	1.021	0.404	2.463	127.738266	37.884609
1595324827733	1595324827732	-11.756	-4.843	4.126	1.084	0.383	2.065	127.738266	37.884609
1595324827752	1595324827752	-12.120	-4.210	4.025	0.809	0.380	1.556	127.738266	37.884609
1595324827771	1595324827771	-12.467	-3.822	4.001	0.269	0.338	0.938	127.738266	37.884609
1595324827798	1595324827793	-13.040	-3.810	4.478	-0.268	0.312	0.223	127.738266	37.884609
1595324827812	1595324827809	-13.641	-4.117	5.280	-0.563	0.270	-0.492	127.738266	37.884609
1595324827835	1595324827833	-12.422	-4.423	5.584	-0.637	0.044	-1.125	127.738266	37.884609
1595324827850	1595324827848	-10.137	-4.792	4.691	-0.549	-0.292	-1.711	127.738266	37.884609
1595324827874	1595324827871	-9.250	-5.077	3.208	-0.213	-0.444	-2.313	127.738266	37.884609
1595324827890	1595324827887	-10.309	-4.950	2.245	0.332	-0.413	-2.929	127.738266	37.884609
1595324827912	1595324827910	-12.101	-4.682	1.859	1.069	-0.405	-3.466	127.738266	37.884609
1595324827929	1595324827928	-13.560	-4.205	1.522	1.965	-0.469	-3.882	127.738266	37.884609
1595324827950	1595324827949	-14.719	-3.194	1.481	2.721	-0.531	-4.119	127.738266	37.884609
1595324827968	1595324827968	-14.669	-2.035	2.041	2.956	-0.737	-4.190	127.738266	37.884609
1595324827990	1595324827990	-13.002	-1.331	2.489	2.609	-1.105	-4.177	127.738266	37.884609
1595324828009	1595324828009	-11.497	-1.223	2.430	1.905	-1.320	-4.151	127.738266	37.884609
1595324828031	1595324828031	-10.699	-1.438	2.089	1.082	-1.377	-4.075	127.738266	37.884609
1595324828047	1595324828045	-9.847	-1.668	1.479	0.294	-1.408	-3.972	127.738266	37.884609
1595324828067	1595324828065	-9.095	-1.944	0.954	-0.299	-1.321	-3.832	127.738266	37.884609
1595324828087	1595324828084	-8.821	-2.246	0.664	-0.611	-1.113	-3.641	127.738266	37.884609
1595324828106	1595324828104	-8.965	-2.576	0.499	-0.586	-0.876	-3.412	127.738266	37.884609
1595324828125	1595324828125	-8.980	-2.797	0.489	-0.272	-0.684	-3.153	127.738266	37.884609
1595324828146	1595324828145	-8.534	-2.572	0.480	0.236	-0.580	-2.858	127.738266	37.884609
1595324828165	1595324828164	-7.911	-1.640	0.451	0.737	-0.499	-2.478	127.738266	37.884609
1595324828185	1595324828184	-7.593	-0.186	0.365	0.986	-0.379	-1.929	127.738266	37.884609
1595324828204	1595324828204	-7.696	0.332	0.657	0.875	-0.196	-1.212	127.738266	37.884609
1595324828224	1595324828224	-8.464	-0.871	1.323	0.516	0.039	-0.487	127.738266	37.884609
1595324828245	1595324828242	-9.931	-2.143	2.147	0.291	0.293	0.202	127.738266	37.884609
1595324828263	1595324828262	-11.732	-2.061	2.643	0.417	0.498	0.885	127.738266	37.884609
1595324828288	1595324828282	-12.678	-1.053	2.418	0.552	0.585	1.460	127.738266	37.884609
1595324828303	1595324828302	-12.546	-0.650	2.315	0.445	0.694	1.795	127.738266	37.884609
1595324828327	1595324828324	-13.701	-1.022	2.025	0.173	1.040	2.110	127.738266	37.884617
1595324828348	1595324828348	-14.798	-1.501	2.111	-0.040	1.321	2.453	127.738266	37.884617
1595324828365	1595324828363	-13.919	-2.057	2.851	-0.164	1.310	2.693	127.738266	37.884617
1595324828384	1595324828381	-12.927	-2.816	3.817	-0.109	1.260	2.897	127.738266	37.884617
1595324828404	1595324828402	-12.410	-3.055	3.869	0.075	1.157	2.986	127.738266	37.884617
1595324828422	1595324828421	-11.739	-2.464	3.045	0.040	0.990	2.920	127.738266	37.884617
1595324828448	1595324828444	-10.989	-1.839	2.319	-0.247	0.881	2.818	127.738266	37.884617
1595324828462	1595324828460	-10.472	-1.791	2.075	-0.489	0.829	2.697	127.738266	37.884617
1595324828482	1595324828480	-10.132	-1.817	2.188	-0.538	0.817	2.546	127.738266	37.884617
1595324828502	1595324828499	-9.701	-1.668	2.547	-0.567	0.781	2.391	127.738266	37.884617
1595324828520	1595324828517	-9.135	-1.743	2.657	-0.831	0.659	2.287	127.738266	37.884617
1595324828541	1595324828539	-8.637	-2.186	2.434	-1.295	0.504	2.287	127.738266	37.884617
1595324828560	1595324828558	-8.381	-2.672	2.142	-1.703	0.372	2.356	127.738266	37.884617
1595324828579	1595324828576	-8.395	-2.967	2.039	-1.921	0.286	2.377	127.738266	37.884617
1595324828601	1595324828596	-8.594	-3.115	2.252	-1.967	0.248	2.359	127.738266	37.884617
1595324828623	1595324828616	-8.891	-3.362	2.454	-1.907	0.232	2.338	127.738266	37.884617
1595324828639	1595324828636	-9.336	-3.848	2.645	-1.754	0.239	2.340	127.738266	37.884617
1595324828658	1595324828656	-9.653	-4.373	2.925	-1.444	0.270	2.347	127.738266	37.884617
1595324828677	1595324828675	-9.650	-4.713	3.242	-0.973	0.297	2.357	127.738266	37.884617
1595324828697	1595324828695	-9.717	-4.969	3.711	-0.417	0.358	2.340	127.738266	37.884617
1595324828715	1595324828714	-10.132	-5.147	4.138	0.129	0.420	2.255	127.738266	37.884617
1595324828737	1595324828735	-10.805	-5.144	4.399	0.569	0.450	2.078	127.738266	37.884617
1595324828756	1595324828756	-11.662	-4.833	4.497	0.854	0.461	1.786	127.738266	37.884617
1595324828775	1595324828776	-12.281	-4.287	4.475	0.879	0.432	1.387	127.738266	37.884617
1595324828796	1595324828794	-12.925	-3.887	4.564	0.616	0.373	0.874	127.738266	37.884617
1595324828815	1595324828815	-14.058	-3.887	5.024	0.282	0.305	0.267	127.738266	37.884617
1595324828836	1595324828835	-14.310	-3.951	5.896	0.073	0.132	-0.387	127.738266	37.884617
1595324828863	1595324828863	-12.173	-3.721	6.052	-0.125	-0.249	-1.049	127.738266	37.884617
1595324828877	1595324828877	-10.091	-3.554	4.940	-0.372	-0.593	-1.714	127.738266	37.884617
1595324828896	1595324828893	-9.645	-3.693	3.632	-0.468	-0.782	-2.388	127.738266	37.884617
1595324828916	1595324828912	-11.006	-3.997	2.825	-0.253	-0.827	-3.019	127.738266	37.884617
1595324828934	1595324828931	-12.733	-4.119	2.183	0.301	-0.885	-3.574	127.738266	37.884617
1595324828956	1595324828956	-13.991	-3.817	1.474	1.008	-0.950	-4.010	127.738266	37.884617
1595324828973	1595324828973	-14.894	-3.079	1.203	1.611	-0.974	-4.248	127.738266	37.884617
1595324828994	1595324828993	-14.499	-2.267	1.632	1.845	-1.107	-4.324	127.738266	37.884617
1595324829012	1595324829012	-12.877	-1.757	2.149	1.672	-1.326	-4.336	127.738266	37.884617
1595324829034	1595324829034	-11.433	-1.582	2.446	1.204	-1.440	-4.320	127.738266	37.884617
1595324829063	1595324829055	-10.386	-1.661	2.178	0.581	-1.464	-4.250	127.738266	37.884617
1595324829071	1595324829069	-9.521	-1.863	1.589	-0.089	-1.407	-4.147	127.738266	37.884617
1595324829091	1595324829089	-8.874	-2.076	0.966	-0.600	-1.215	-4.000	127.738266	37.884617
1595324829110	1595324829108	-8.474	-2.243	0.516	-0.823	-0.953	-3.778	127.738266	37.884617
1595324829129	1595324829128	-8.254	-2.428	0.271	-0.701	-0.691	-3.497	127.738266	37.884617
1595324829150	1595324829149	-8.311	-2.579	0.132	-0.252	-0.432	-3.162	127.738266	37.884617
1595324829169	1595324829167	-8.510	-2.466	0.175	0.422	-0.245	-2.763	127.738266	37.884617
1595324829189	1595324829189	-8.709	-2.013	0.398	1.074	-0.151	-2.302	127.738266	37.884617
1595324829209	1595324829209	-8.977	-1.462	0.597	1.501	-0.095	-1.740	127.738266	37.884617
1595324829229	1595324829229	-9.478	-1.137	0.908	1.593	-0.021	-1.081	127.738266	37.884617
1595324829249	1595324829248	-10.149	-1.345	1.368	1.435	0.084	-0.387	127.738266	37.884617
1595324829268	1595324829266	-10.829	-1.781	1.852	1.175	0.223	0.240	127.738266	37.884617
1595324829293	1595324829291	-11.385	-1.666	2.123	0.895	0.370	0.766	127.738266	37.884617
1595324829311	1595324829305	-12.137	-1.079	2.053	0.556	0.564	1.212	127.738266	37.884617
1595324829328	1595324829327	-13.045	-0.684	1.828	0.059	0.774	1.573	127.738266	37.884624
1595324829350	1595324829348	-13.030	-0.806	1.790	-0.551	0.911	1.861	127.738266	37.884624
1595324829371	1595324829369	-11.912	-1.345	2.082	-1.021	0.981	2.126	127.738266	37.884624
1595324829389	1595324829386	-11.181	-2.033	2.638	-1.138	1.069	2.415	127.738266	37.884624
1595324829406	1595324829404	-11.306	-2.478	2.930	-0.989	1.139	2.661	127.738266	37.884624
1595324829425	1595324829423	-11.674	-2.493	2.839	-0.847	1.112	2.822	127.738266	37.884624
1595324829453	1595324829445	-11.373	-2.234	2.600	-0.821	0.987	2.917	127.738266	37.884624
1595324829465	1595324829463	-10.716	-2.095	2.343	-0.860	0.918	2.966	127.738266	37.884624
1595324829485	1595324829483	-10.446	-2.272	2.360	-0.848	0.957	2.986	127.738266	37.884624
1595324829504	1595324829502	-10.232	-2.382	2.683	-0.743	0.985	2.950	127.738266	37.884624
1595324829524	1595324829522	-9.880	-2.337	3.127	-0.675	0.953	2.908	127.738266	37.884624
1595324829545	1595324829542	-9.447	-2.306	3.158	-0.828	0.835	2.914	127.738266	37.884624
1595324829565	1595324829565	-9.099	-2.512	2.707	-1.163	0.680	2.964	127.738266	37.884624
1595324829586	1595324829585	-9.128	-2.778	2.348	-1.454	0.583	3.005	127.738266	37.884624
1595324829604	1595324829604	-9.454	-2.984	2.442	-1.573	0.545	2.991	127.738266	37.884624
1595324829624	1595324829624	-9.763	-3.362	2.724	-1.584	0.499	2.944	127.738266	37.884624
1595324829648	1595324829648	-10.129	-3.973	3.026	-1.448	0.463	2.885	127.738266	37.884624
1595324829663	1595324829662	-10.539	-4.603	3.500	-1.097	0.470	2.813	127.738266	37.884624
1595324829683	1595324829681	-10.901	-5.015	4.020	-0.608	0.486	2.722	127.738266	37.884624
1595324829702	1595324829700	-11.104	-5.101	4.375	-0.102	0.483	2.596	127.738266	37.884624
1595324829723	1595324829720	-11.155	-4.926	4.480	0.288	0.451	2.417	127.738266	37.884624
1595324829742	1595324829740	-11.088	-4.682	4.564	0.487	0.407	2.157	127.738266	37.884624
1595324829761	1595324829761	-10.913	-4.268	4.581	0.477	0.330	1.808	127.738266	37.884624
1595324829781	1595324829781	-11.090	-3.848	4.449	0.229	0.253	1.368	127.738266	37.884624
1595324829801	1595324829800	-11.502	-3.676	4.248	-0.207	0.168	0.824	127.738266	37.884624
1595324829821	1595324829819	-11.845	-3.712	4.327	-0.617	0.102	0.203	127.738266	37.884624
1595324829840	1595324829839	-12.082	-3.975	5.012	-0.788	0.046	-0.445	127.738266	37.884624
1595324829865	1595324829865	-11.763	-4.603	5.759	-0.716	-0.098	-1.056	127.738266	37.884624
1595324829885	1595324829877	-10.565	-5.142	5.381	-0.531	-0.413	-1.594	127.738266	37.884624
1595324829900	1595324829897	-10.170	-5.552	3.927	-0.131	-0.681	-2.120	127.738266	37.884624
1595324829917	1595324829915	-11.524	-5.355	2.691	0.480	-0.755	-2.716	127.738266	37.884624
1595324829938	1595324829936	-13.339	-4.629	2.101	1.216	-0.808	-3.319	127.738266	37.884624
1595324829957	1595324829955	-14.738	-3.774	1.816	1.967	-0.892	-3.842	127.738266	37.884624
1595324829977	1595324829977	-15.905	-2.907	2.006	2.482	-0.975	-4.193	127.738266	37.884624
1595324829997	1595324829997	-16.094	-2.073	2.367	2.509	-1.178	-4.344	127.738266	37.884624
1595324830016	1595324830016	-14.925	-1.546	2.583	2.042	-1.450	-4.373	127.738266	37.884624
1595324830036	1595324830036	-13.380	-1.419	2.485	1.277	-1.629	-4.383	127.738266	37.884624
1595324830056	1595324830056	-12.075	-1.633	2.073	0.480	-1.680	-4.355	127.738266	37.884624
1595324830077	1595324830077	-10.884	-1.798	1.455	-0.219	-1.631	-4.275	127.738266	37.884624
1595324830097	1595324830093	-9.847	-1.968	0.889	-0.716	-1.470	-4.163	127.738266	37.884624
1595324830115	1595324830112	-9.102	-2.183	0.535	-0.902	-1.217	-4.005	127.738266	37.884624
1595324830135	1595324830133	-8.656	-2.416	0.156	-0.749	-0.955	-3.792	127.738266	37.884624
1595324830154	1595324830152	-8.649	-2.658	0.063	-0.343	-0.679	-3.514	127.738266	37.884624
1595324830175	1595324830175	-8.881	-2.574	0.127	0.256	-0.442	-3.165	127.738266	37.884624
1595324830194	1595324830192	-8.888	-1.886	0.353	0.940	-0.313	-2.731	127.738266	37.884624
1595324830220	1595324830211	-8.663	-1.067	0.614	1.498	-0.272	-2.207	127.738266	37.884624
1595324830253	1595324830251	-8.711	-0.693	0.892	1.713	-0.205	-1.627	127.738266	37.884624
1595324830263	1595324830262	-9.217	-0.665	1.148	1.559	-0.111	-1.027	127.738266	37.884624
1595324830276	1595324830276	-9.746	-0.804	1.383	1.215	-0.006	-0.442	127.738266	37.884624
1595324830305	1595324830298	-9.969	-0.622	1.704	0.888	0.137	0.082	127.738266	37.884624
1595324830325	1595324830325	-10.132	-0.255	2.094	0.591	0.348	0.526	127.738266	37.884636
1595324830334	1595324830330	-11.073	-0.320	2.281	0.232	0.635	0.923	127.738266	37.884636
1595324830350	1595324830348	-13.102	-0.785	2.080	-0.154	0.965	1.353	127.738266	37.884636
1595324830372	1595324830370	-14.156	-1.141	1.962	-0.521	1.144	1.780	127.738266	37.884636
1595324830391	1595324830388	-12.954	-1.654	2.494	-0.852	1.137	2.166	127.738266	37.884636
1595324830411	1595324830409	-11.864	-2.502	3.254	-0.975	1.177	2.552	127.738266	37.884636
1595324830429	1595324830428	-11.866	-2.993	3.476	-0.805	1.199	2.860	127.738266	37.884636
1595324830451	1595324830450	-11.543	-2.643	2.949	-0.640	1.078	3.007	127.738266	37.884636
1595324830469	1595324830469	-10.843	-2.013	2.391	-0.712	0.976	3.080	127.738266	37.884636
1595324830491	1595324830489	-10.587	-1.934	2.087	-0.898	0.945	3.134	127.738266	37.884636
1595324830508	1595324830507	-10.896	-2.224	2.113	-0.987	0.960	3.152	127.738266	37.884636
1595324830528	1595324830526	-10.860	-2.325	2.427	-0.948	0.931	3.125	127.738266	37.884636
1595324830548	1595324830546	-10.144	-2.239	2.717	-0.992	0.817	3.086	127.738266	37.884636
1595324830568	1595324830566	-9.533	-2.437	2.573	-1.242	0.685	3.130	127.738266	37.884636
1595324830588	1595324830586	-9.432	-2.933	2.197	-1.556	0.583	3.232	127.738266	37.884636
1595324830607	1595324830607	-9.796	-3.125	1.910	-1.770	0.524	3.275	127.738266	37.884636
1595324830627	1595324830627	-10.525	-3.261	1.965	-1.843	0.541	3.256	127.738266	37.884636
1595324830647	1595324830646	-11.095	-3.743	2.396	-1.798	0.540	3.183	127.738266	37.884636
1595324830667	1595324830666	-11.282	-4.306	2.767	-1.572	0.518	3.091	127.738266	37.884636
1595324830686	1595324830686	-11.483	-4.799	3.014	-1.134	0.576	3.020	127.738266	37.884636
1595324830705	1595324830705	-11.821	-5.195	3.493	-0.590	0.665	2.941	127.738266	37.884636
1595324830725	1595324830723	-11.751	-5.456	4.066	-0.011	0.680	2.844	127.738266	37.884636
1595324830745	1595324830743	-11.356	-5.477	4.439	0.520	0.662	2.662	127.738266	37.884636
1595324830765	1595324830763	-11.047	-5.228	4.586	0.878	0.639	2.367	127.738266	37.884636
1595324830787	1595324830783	-10.872	-4.507	4.657	0.949	0.592	1.961	127.738266	37.884636
1595324830805	1595324830805	-11.030	-3.841	4.775	0.662	0.510	1.462	127.738266	37.884636
1595324830828	1595324830826	-11.356	-3.602	4.777	0.099	0.378	0.869	127.738266	37.884636
1595324830845	1595324830844	-11.789	-3.647	5.108	-0.533	0.231	0.205	127.738266	37.884636
1595324830867	1595324830865	-12.443	-3.827	5.977	-1.113	0.039	-0.488	127.738266	37.884636
1595324830885	1595324830884	-11.830	-4.045	5.980	-1.519	-0.328	-1.121	127.738266	37.884636
1595324830905	1595324830904	-10.196	-4.258	4.677	-1.566	-0.693	-1.730	127.738266	37.884636
1595324830924	1595324830922	-9.521	-4.220	3.364	-1.280	-0.831	-2.398	127.738266	37.884636
1595324830945	1595324830942	-10.764	-4.141	2.700	-0.793	-0.766	-3.077	127.738266	37.884636
1595324830963	1595324830961	-13.102	-4.224	2.569	-0.066	-0.682	-3.683	127.738266	37.884636
1595324830984	1595324830981	-15.275	-3.860	2.533	0.740	-0.710	-4.160	127.738266	37.884636
1595324831002	1595324831002	-16.298	-3.108	2.437	1.314	-0.861	-4.400	127.738266	37.884636
1595324831022	1595324831022	-15.558	-2.483	2.454	1.443	-1.097	-4.440	127.738266	37.884636
1595324831042	1595324831040	-14.168	-2.301	2.921	1.211	-1.285	-4.418	127.738266	37.884636
1595324831062	1595324831061	-12.934	-2.052	3.261	0.763	-1.415	-4.376	127.738266	37.884636
1595324831081	1595324831081	-11.595	-1.721	3.072	0.175	-1.487	-4.266	127.738266	37.884636
1595324831103	1595324831097	-10.113	-1.783	2.506	-0.479	-1.501	-4.108	127.738266	37.884636
1595324831122	1595324831122	-8.963	-2.112	1.915	-1.003	-1.398	-3.906	127.738266	37.884636
1595324831141	1595324831137	-8.476	-2.447	1.373	-1.148	-1.183	-3.666	127.738266	37.884636
1595324831160	1595324831156	-8.412	-2.502	0.990	-0.931	-0.959	-3.419	127.738266	37.884636
1595324831179	1595324831176	-8.278	-2.449	0.884	-0.500	-0.800	-3.159	127.738266	37.884636
1595324831199	1595324831196	-7.978	-2.344	0.777	-0.001	-0.693	-2.892	127.738266	37.884636
1595324831218	1595324831217	-7.983	-2.071	0.657	0.466	-0.562	-2.566	127.738266	37.884636
1595324831238	1595324831237	-8.369	-1.673	0.671	0.801	-0.413	-2.122	127.738266	37.884636
1595324831258	1595324831257	-8.740	-1.429	0.729	0.929	-0.296	-1.585	127.738266	37.884636
1595324831277	1595324831277	-9.133	-1.587	1.090	0.862	-0.172	-1.007	127.738266	37.884636
1595324831296	1595324831294	-9.681	-1.944	1.685	0.664	-0.037	-0.421	127.738266	37.884636
1595324831319	1595324831313	-10.019	-2.174	1.965	0.434	0.065	0.155	127.738266	37.884636
1595324831336	1595324831333	-9.962	-1.949	1.814	0.165	0.160	0.666	127.738266	37.884640
1595324831356	1595324831353	-9.964	-1.561	1.469	-0.159	0.328	1.120	127.738266	37.884640
1595324831377	1595324831375	-10.841	-1.604	1.452	-0.512	0.599	1.556	127.738266	37.884640
1595324831395	1595324831393	-12.362	-1.994	2.061	-0.757	0.852	2.008	127.738266	37.884640
1595324831417	1595324831415	-12.599	-2.540	2.916	-0.815	0.878	2.432	127.738266	37.884640
1595324831435	1595324831434	-10.949	-2.986	3.268	-0.801	0.712	2.718	127.738266	37.884640
1595324831454	1595324831454	-10.014	-3.254	3.160	-0.712	0.750	2.928	127.738266	37.884640
1595324831474	1595324831474	-10.362	-3.403	3.601	-0.419	0.965	2.996	127.738266	37.884640
1595324831495	1595324831494	-11.018	-3.467	4.116	0.126	1.096	2.891	127.738266	37.884640
1595324831513	1595324831512	-11.210	-3.357	4.233	0.823	1.150	2.693	127.738266	37.884640
1595324831533	1595324831530	-10.637	-3.060	4.183	1.435	1.194	2.476	127.738266	37.884640
1595324831552	1595324831550	-9.528	-2.615	4.082	1.726	1.206	2.316	127.738266	37.884640
1595324831572	1595324831570	-8.826	-2.090	4.080	1.641	1.212	2.250	127.738266	37.884640
1595324831592	1595324831590	-9.118	-1.949	4.133	1.351	1.212	2.233	127.738266	37.884640
1595324831611	1595324831611	-9.667	-2.092	4.133	1.059	1.151	2.192	127.738266	37.884640
1595324831631	1595324831631	-9.667	-1.946	4.049	0.763	1.019	2.124	127.738266	37.884640
1595324831651	1595324831651	-9.703	-1.877	3.740	0.363	0.910	2.095	127.738266	37.884640
1595324831671	1595324831671	-10.010	-2.061	3.335	-0.081	0.818	2.098	127.738266	37.884640
1595324831691	1595324831690	-10.278	-2.251	3.062	-0.485	0.728	2.135	127.738266	37.884640
1595324831712	1595324831711	-10.541	-2.569	3.086	-0.865	0.654	2.203	127.738266	37.884640
1595324831730	1595324831728	-10.733	-3.000	3.203	-1.173	0.581	2.299	127.738266	37.884640
1595324831750	1595324831747	-10.379	-3.520	3.443	-1.384	0.478	2.407	127.738266	37.884640
1595324831768	1595324831767	-9.574	-4.172	3.651	-1.451	0.365	2.478	127.738266	37.884640
1595324831793	1595324831789	-9.279	-4.953	3.721	-1.261	0.332	2.514	127.738266	37.884640
1595324831808	1595324831807	-10.151	-5.635	3.922	-0.747	0.390	2.490	127.738266	37.884640
1595324831832	1595324831832	-11.559	-6.028	4.166	-0.000	0.429	2.349	127.738266	37.884640
1595324831848	1595324831847	-12.475	-5.655	4.391	0.637	0.405	2.052	127.738266	37.884640
1595324831869	1595324831869	-13.023	-4.864	4.787	0.893	0.378	1.601	127.738266	37.884640
1595324831888	1595324831887	-13.689	-4.215	5.479	0.694	0.289	1.026	127.738266	37.884640
1595324831908	1595324831907	-14.087	-4.026	6.267	0.187	0.069	0.327	127.738266	37.884640
1595324831927	1595324831927	-12.623	-4.009	6.054	-0.423	-0.338	-0.439	127.738266	37.884640
1595324831951	1595324831951	-10.352	-4.042	4.602	-0.856	-0.729	-1.238	127.738266	37.884640
1595324831967	1595324831964	-9.233	-3.978	3.457	-0.967	-0.892	-2.060	127.738266	37.884640
1595324831986	1595324831984	-10.031	-4.095	3.014	-0.807	-0.874	-2.863	127.738266	37.884640
1595324832005	1595324832003	-11.849	-4.505	2.559	-0.335	-0.811	-3.556	127.738266	37.884640
1595324832025	1595324832023	-13.495	-4.517	2.142	0.312	-0.785	-4.090	127.738266	37.884640
1595324832045	1595324832043	-14.676	-4.114	1.919	0.887	-0.770	-4.394	127.738266	37.884640
1595324832064	1595324832065	-14.712	-3.520	1.936	1.223	-0.819	-4.485	127.738266	37.884640
1595324832085	1595324832085	-13.517	-2.988	2.121	1.372	-0.910	-4.448	127.738266	37.884640
1595324832104	1595324832104	-11.873	-2.564	2.039	1.388	-0.998	-4.345	127.738266	37.884640
1595324832124	1595324832122	-10.460	-2.272	1.610	1.241	-1.048	-4.186	127.738266	37.884640
1595324832155	1595324832146	-9.461	-2.224	1.122	0.952	-1.040	-4.004	127.738266	37.884640
1595324832166	1595324832163	-8.893	-2.289	0.748	0.657	-0.946	-3.814	127.738266	37.884640
1595324832185	1595324832185	-8.702	-2.366	0.599	0.555	-0.818	-3.604	127.738266	37.884640
1595324832203	1595324832201	-8.728	-2.502	0.343	0.652	-0.706	-3.392	127.738266	37.884640
1595324832222	1595324832222	-8.934	-2.564	0.092	0.875	-0.592	-3.154	127.738266	37.884640
1595324832243	1595324832241	-9.152	-2.442	0.084	1.137	-0.505	-2.884	127.738266	37.884640
1595324832262	1595324832261	-9.380	-2.080	0.187	1.304	-0.447	-2.579	127.738266	37.884640
1595324832283	1595324832280	-9.880	-1.697	0.530	1.301	-0.348	-2.161	127.738266	37.884640
1595324832301	1595324832300	-10.252	-1.448	0.861	1.153	-0.277	-1.625	127.738266	37.884640
1595324832327	1595324832325	-10.259	-1.379	1.177	0.914	-0.219	-1.045	127.738266	37.884651
1595324832348	1595324832346	-10.767	-1.616	1.644	0.633	0.003	-0.468	127.738266	37.884651
1595324832364	1595324832361	-11.595	-1.755	1.934	0.390	0.274	0.063	127.738266	37.884651
1595324832381	1595324832379	-11.945	-1.254	1.668	0.231	0.473	0.496	127.738266	37.884651
1595324832401	1595324832397	-12.578	-0.380	1.122	0.020	0.782	0.891	127.738266	37.884651
1595324832420	1595324832417	-13.107	-0.351	1.323	-0.321	1.132	1.272	127.738266	37.884651
1595324832442	1595324832438	-12.422	-1.690	2.377	-0.549	1.284	1.597	127.738266	37.884651
1595324832459	1595324832459	-11.825	-2.986	3.369	-0.267	1.397	1.951	127.738266	37.884651
1595324832479	1595324832478	-11.126	-2.907	3.534	0.274	1.353	2.142	127.738266	37.884651
1595324832499	1595324832497	-10.280	-2.037	2.878	0.393	1.193	2.174	127.738266	37.884651
1595324832517	1595324832517	-9.919	-1.331	1.984	0.072	1.105	2.279	127.738266	37.884651
1595324832542	1595324832537	-10.060	-1.060	1.388	-0.348	1.071	2.407	127.738266	37.884651
1595324832557	1595324832555	-10.165	-1.149	1.215	-0.718	1.043	2.495	127.738266	37.884651
1595324832575	1595324832575	-9.727	-1.391	1.495	-1.021	0.961	2.568	127.738266	37.884651
1595324832596	1595324832594	-9.183	-1.736	1.941	-1.331	0.872	2.668	127.738266	37.884651
1595324832615	1595324832614	-9.042	-2.327	2.075	-1.734	0.799	2.853	127.738266	37.884651
1595324832636	1595324832634	-9.262	-3.111	1.955	-2.073	0.691	3.079	127.738266	37.884651
1595324832655	1595324832653	-9.530	-3.542	1.867	-2.210	0.574	3.213	127.738266	37.884651
1595324832675	1595324832675	-9.835	-3.599	1.900	-2.161	0.523	3.258	127.738266	37.884651
1595324832696	1595324832695	-10.371	-3.774	2.070	-1.956	0.545	3.269	127.738266	37.884651
1595324832714	1595324832714	-11.080	-4.232	2.248	-1.629	0.589	3.248	127.738266	37.884651
1595324832742	1595324832742	-11.605	-4.763	2.626	-1.170	0.648	3.175	127.738266	37.884651
1595324832754	1595324832752	-11.636	-4.965	3.170	-0.615	0.713	3.040	127.738266	37.884651
1595324832773	1595324832772	-11.404	-4.977	3.747	-0.089	0.776	2.842	127.738266	37.884651
1595324832795	1595324832793	-11.272	-5.008	4.248	0.352	0.835	2.574	127.738266	37.884651
1595324832813	1595324832811	-11.250	-4.989	4.703	0.744	0.845	2.248	127.738266	37.884651
1595324832837	1595324832835	-11.229	-4.682	4.911	1.031	0.786	1.857	127.738266	37.884651
1595324832852	1595324832852	-11.277	-4.071	4.938	1.088	0.673	1.426	127.738266	37.884651
1595324832876	1595324832874	-11.318	-3.561	4.954	0.807	0.485	0.935	127.738266	37.884651
1595324832893	1595324832891	-11.502	-3.194	4.976	0.187	0.262	0.394	127.738266	37.884651
1595324832918	1595324832912	-12.434	-3.266	5.441	-0.531	0.080	-0.174	127.738266	37.884651
1595324832932	1595324832931	-13.236	-4.009	6.030	-1.083	-0.149	-0.744	127.738266	37.884651
1595324832955	1595324832955	-12.470	-4.792	5.766	-1.305	-0.479	-1.274	127.738266	37.884651
1595324832972	1595324832971	-10.704	-4.972	4.514	-1.149	-0.785	-1.791	127.738266	37.884651
1595324832991	1595324832989	-9.916	-4.893	3.143	-0.668	-0.903	-2.343	127.738266	37.884651
1595324833009	1595324833008	-10.750	-4.962	2.442	0.070	-0.861	-2.875	127.738266	37.884651
1595324833030	1595324833028	-12.609	-5.104	2.197	1.084	-0.815	-3.320	127.738266	37.884651
1595324833050	1595324833047	-14.520	-4.620	1.929	2.156	-0.854	-3.612	127.738266	37.884651
1595324833069	1595324833069	-15.510	-3.551	1.625	2.833	-1.019	-3.694	127.738266	37.884651
1595324833089	1595324833089	-15.086	-2.627	1.591	2.909	-1.291	-3.613	127.738266	37.884651
1595324833108	1595324833108	-13.759	-2.109	1.718	2.580	-1.563	-3.488	127.738266	37.884651
1595324833128	1595324833128	-12.271	-1.671	1.814	2.034	-1.758	-3.409	127.738266	37.884651
1595324833148	1595324833148	-10.917	-1.302	1.541	1.298	-1.881	-3.375	127.738266	37.884651
1595324833175	1595324833165	-9.854	-1.153	1.062	0.446	-1.913	-3.363	127.738266	37.884651
1595324833189	1595324833187	-9.190	-1.362	0.616	-0.348	-1.823	-3.362	127.738266	37.884651
1595324833207	1595324833205	-8.874	-1.807	0.290	-0.861	-1.636	-3.329	127.738266	37.884651
1595324833226	1595324833224	-8.812	-2.301	0.230	-1.022	-1.412	-3.259	127.738266	37.884651
1595324833247	1595324833244	-8.872	-2.761	0.312	-0.847	-1.177	-3.153	127.738266	37.884651
1595324833265	1595324833265	-9.011	-3.108	0.353	-0.397	-0.956	-2.986	127.738266	37.884651
1595324833289	1595324833285	-9.329	-3.163	0.326	0.185	-0.753	-2.716	127.738266	37.884651
1595324833308	1595324833303	-9.751	-2.845	0.360	0.734	-0.583	-2.333	127.738266	37.884651
1595324833326	1595324833324	-9.885	-2.251	0.413	1.102	-0.468	-1.831	127.738266	37.884663
1595324833346	1595324833345	-9.358	-1.731	0.628	1.191	-0.361	-1.264	127.738266	37.884663
1595324833371	1595324833368	-8.419	-1.503	1.146	1.016	-0.197	-0.730	127.738266	37.884663
1595324833386	1595324833382	-8.148	-1.709	1.886	0.765	0.135	-0.223	127.738266	37.884663
1595324833405	1595324833403	-9.066	-1.937	2.564	0.588	0.543	0.262	127.738266	37.884663
1595324833425	1595324833422	-10.048	-1.707	2.621	0.506	0.807	0.687	127.738266	37.884663
1595324833448	1595324833445	-10.934	-1.443	2.307	0.435	1.015	1.062	127.738266	37.884663
1595324833464	1595324833463	-12.436	-1.304	1.689	0.242	1.313	1.435	127.738266	37.884663
1595324833486	1595324833484	-12.908	-1.568	1.907	0.048	1.482	1.745	127.738266	37.884663
1595324833503	1595324833503	-11.751	-2.188	2.590	0.040	1.458	1.957	127.738266	37.884663
1595324833524	1595324833524	-10.836	-2.354	3.170	0.239	1.482	2.126	127.738266	37.884663
1595324833543	1595324833543	-10.618	-1.946	3.153	0.343	1.458	2.205	127.738266	37.884663
1595324833565	1595324833565	-10.455	-1.501	2.650	0.085	1.335	2.248	127.738266	37.884663
1595324833583	1595324833580	-10.290	-1.312	2.224	-0.394	1.252	2.324	127.738266	37.884663
1595324833602	1595324833600	-10.388	-1.429	1.948	-0.856	1.216	2.383	127.738266	37.884663
1595324833622	1595324833620	-10.711	-1.757	1.871	-1.154	1.211	2.422	127.738266	37.884663
1595324833642	1595324833639	-10.793	-2.179	2.137	-1.259	1.192	2.466	127.738266	37.884663
1595324833662	1595324833660	-10.441	-2.608	2.504	-1.347	1.133	2.536	127.738266	37.884663
1595324833680	1595324833678	-9.902	-3.103	2.652	-1.467	1.056	2.656	127.738266	37.884663
1595324833701	1595324833699	-9.473	-3.525	2.700	-1.507	0.981	2.784	127.738266	37.884663
1595324833719	1595324833719	-9.324	-3.535	2.746	-1.462	0.937	2.836	127.738266	37.884663
1595324833740	1595324833738	-9.483	-3.412	2.770	-1.316	0.927	2.813	127.738266	37.884663
1595324833763	1595324833758	-9.739	-3.391	2.825	-1.160	0.918	2.758	127.738266	37.884663
1595324833778	1595324833778	-10.127	-3.599	2.897	-1.045	0.913	2.686	127.738266	37.884663
1595324833798	1595324833796	-10.659	-4.021	3.052	-0.843	0.934	2.609	127.738266	37.884663
1595324833818	1595324833815	-11.162	-4.371	3.431	-0.487	0.965	2.502	127.738266	37.884663
1595324833837	1595324833835	-11.581	-4.617	4.039	-0.057	0.986	2.363	127.738266	37.884663
1595324833857	1595324833855	-11.344	-4.641	4.535	0.303	0.936	2.180	127.738266	37.884663
1595324833876	1595324833875	-10.786	-4.423	4.861	0.551	0.863	1.939	127.738266	37.884663
1595324833897	1595324833897	-10.596	-4.296	5.280	0.759	0.789	1.651	127.738266	37.884663
1595324833919	1595324833916	-10.582	-4.220	5.637	0.861	0.629	1.279	127.738266	37.884663
1595324833937	1595324833935	-10.846	-3.784	5.695	0.725	0.424	0.837	127.738266	37.884663
1595324833956	1595324833956	-11.466	-3.293	5.625	0.319	0.193	0.354	127.738266	37.884663
1595324833975	1595324833975	-12.709	-3.269	5.848	-0.228	-0.052	-0.166	127.738266	37.884663
1595324833996	1595324833996	-14.173	-3.779	6.171	-0.657	-0.326	-0.719	127.738266	37.884663
1595324834015	1595324834013	-14.259	-4.268	5.731	-0.840	-0.700	-1.296	127.738266	37.884663
1595324834034	1595324834032	-12.508	-4.263	4.698	-0.746	-1.069	-1.876	127.738266	37.884663
1595324834053	1595324834052	-11.389	-4.038	3.884	-0.457	-1.239	-2.461	127.738266	37.884663
1595324834073	1595324834071	-11.691	-4.059	3.371	0.009	-1.301	-3.008	127.738266	37.884663
1595324834093	1595324834093	-12.750	-4.047	2.808	0.645	-1.351	-3.439	127.738266	37.884663
1595324834113	1595324834113	-14.027	-3.748	2.250	1.268	-1.414	-3.716	127.738266	37.884663
1595324834133	1595324834132	-14.880	-3.214	1.778	1.695	-1.524	-3.853	127.738266	37.884663
1595324834152	1595324834152	-14.781	-2.610	1.491	1.857	-1.669	-3.839	127.738266	37.884663
1595324834175	1595324834175	-13.775	-2.116	1.455	1.771	-1.811	-3.740	127.738266	37.884663
1595324834196	1595324834192	-12.510	-1.843	1.550	1.490	-1.913	-3.616	127.738266	37.884663
1595324834212	1595324834211	-11.337	-1.719	1.493	1.051	-1.982	-3.480	127.738266	37.884663
1595324834231	1595324834229	-10.388	-1.709	1.174	0.500	-1.980	-3.331	127.738266	37.884663
1595324834251	1595324834248	-9.624	-1.867	0.815	-0.050	-1.900	-3.195	127.738266	37.884663
1595324834270	1595324834268	-8.910	-2.059	0.482	-0.437	-1.752	-3.079	127.738266	37.884663
1595324834295	1595324834290	-8.361	-2.255	0.290	-0.554	-1.540	-2.954	127.738266	37.884663
1595324834314	1595324834314	-8.184	-2.509	0.151	-0.411	-1.282	-2.826	127.738266	37.884663
1595324834334	1595324834332	-8.397	-2.722	0.125	-0.070	-1.002	-2.669	127.738266	37.884678
1595324834351	1595324834347	-8.704	-2.722	0.336	0.384	-0.776	-2.440	127.738266	37.884678
1595324834371	1595324834369	-8.510	-2.397	0.549	0.818	-0.661	-2.151	127.738266	37.884678
1595324834389	1595324834387	-8.017	-1.872	0.585	1.075	-0.564	-1.798	127.738266	37.884678
1595324834411	1595324834407	-7.794	-1.431	0.702	1.057	-0.395	-1.384	127.738266	37.884678
1595324834429	1595324834428	-7.928	-1.379	1.057	0.826	-0.176	-0.939	127.738266	37.884678
1595324834448	1595324834445	-8.055	-1.510	1.546	0.572	0.045	-0.511	127.738266	37.884678
1595324834467	1595324834465	-8.064	-1.482	1.943	0.411	0.282	-0.117	127.738266	37.884678
1595324834488	1595324834486	-8.256	-1.333	2.178	0.318	0.558	0.255	127.738266	37.884678
1595324834508	1595324834506	-9.207	-1.240	2.188	0.258	0.891	0.630	127.738266	37.884678
1595324834526	1595324834526	-10.889	-1.137	1.847	0.157	1.264	1.047	127.738266	37.884678
1595324834546	1595324834546	-12.654	-1.484	1.831	-0.050	1.602	1.532	127.738266	37.884678
1595324834566	1595324834566	-13.878	-2.442	2.638	-0.263	1.794	2.057	127.738266	37.884678
1595324834586	1595324834584	-13.030	-3.029	3.381	-0.266	1.718	2.479	127.738266	37.884678
1595324834605	1595324834605	-11.236	-2.763	3.479	-0.135	1.591	2.736	127.738266	37.884678
1595324834624	1595324834623	-11.020	-2.452	3.290	-0.204	1.612	2.893	127.738266	37.884678
1595324834645	1595324834643	-11.648	-2.009	3.021	-0.504	1.561	2.934	127.738266	37.884678
1595324834664	1595324834662	-11.677	-1.369	2.561	-0.912	1.392	2.911	127.738266	37.884678
1595324834685	1595324834683	-11.318	-1.156	1.984	-1.384	1.246	2.898	127.738266	37.884678
1595324834704	1595324834702	-11.195	-1.628	1.747	-1.797	1.176	2.908	127.738266	37.884678
1595324834725	1595324834724	-11.056	-2.464	1.946	-1.993	1.109	2.892	127.738266	37.884678
1595324834745	1595324834745	-10.616	-3.137	2.458	-2.007	1.042	2.863	127.738266	37.884678
1595324834764	1595324834764	-10.117	-3.551	2.775	-1.930	0.986	2.879	127.738266	37.884678
1595324834789	1595324834784	-9.748	-3.875	2.837	-1.799	0.907	2.906	127.738266	37.884678
1595324834809	1595324834804	-9.672	-3.985	2.715	-1.614	0.854	2.890	127.738266	37.884678
1595324834824	1595324834822	-9.851	-3.942	2.576	-1.329	0.842	2.839	127.738266	37.884678
1595324834844	1595324834841	-10.278	-3.954	2.580	-0.992	0.860	2.774	127.738266	37.884678
1595324834863	1595324834862	-10.719	-4.014	2.751	-0.730	0.871	2.665	127.738266	37.884678
1595324834883	1595324834880	-11.073	-4.133	3.007	-0.498	0.882	2.518	127.738266	37.884678
1595324834903	1595324834903	-11.519	-4.172	3.505	-0.273	0.920	2.353	127.738266	37.884678
1595324834922	1595324834920	-11.761	-4.227	4.035	-0.153	0.910	2.144	127.738266	37.884678
1595324834942	1595324834941	-11.595	-4.299	4.406	-0.119	0.849	1.923	127.738266	37.884678
1595324834961	1595324834959	-10.906	-4.174	4.605	-0.113	0.755	1.664	127.738266	37.884678
1595324834981	1595324834979	-10.129	-4.109	4.811	-0.086	0.655	1.367	127.738266	37.884678
1595324835001	1595324834997	-9.777	-4.212	5.067	0.013	0.567	1.027	127.738266	37.884678
1595324835019	1595324835017	-9.974	-4.409	5.414	0.144	0.466	0.662	127.738266	37.884678
1595324835039	1595324835036	-10.642	-4.538	5.606	0.256	0.323	0.269	127.738266	37.884678
1595324835059	1595324835055	-12.022	-4.615	5.683	0.324	0.166	-0.133	127.738266	37.884678
1595324835078	1595324835076	-14.168	-4.780	6.198	0.393	-0.008	-0.578	127.738266	37.884678
1595324835098	1595324835097	-15.752	-4.718	6.727	0.462	-0.305	-1.026	127.738266	37.884678
1595324835118	1595324835118	-14.460	-3.983	6.205	0.395	-0.792	-1.484	127.738266	37.884678
1595324835137	1595324835137	-11.698	-3.362	4.907	0.247	-1.239	-2.024	127.738266	37.884678
1595324835156	1595324835156	-10.470	-3.319	3.881	0.253	-1.423	-2.605	127.738266	37.884678
1595324835176	1595324835176	-10.625	-3.441	3.103	0.511	-1.516	-3.155	127.738266	37.884678
1595324835196	1595324835195	-12.178	-3.597	2.559	1.004	-1.525	-3.531	127.738266	37.884678
1595324835216	1595324835215	-14.274	-3.642	2.080	1.565	-1.558	-3.699	127.738266	37.884678
1595324835236	1595324835234	-15.649	-3.300	1.744	1.951	-1.691	-3.694	127.738266	37.884678
1595324835255	1595324835253	-15.603	-2.684	1.723	2.039	-1.906	-3.550	127.738266	37.884678
1595324835274	1595324835272	-14.331	-2.172	1.843	1.829	-2.129	-3.348	127.738266	37.884678
1595324835295	1595324835293	-12.949	-1.922	1.807	1.325	-2.298	-3.161	127.738266	37.884678
1595324835322	1595324835316	-11.890	-1.752	1.459	0.609	-2.393	-3.034	127.738266	37.884686
1595324835336	1595324835334	-10.862	-1.556	0.930	-0.143	-2.393	-2.971	127.738266	37.884686
1595324835353	1595324835352	-9.931	-1.582	0.501	-0.757	-2.283	-2.942	127.738266	37.884686
1595324835376	1595324835375	-9.317	-1.889	0.230	-1.161	-2.057	-2.918	127.738266	37.884686
1595324835393	1595324835391	-8.922	-2.411	0.235	-1.274	-1.780	-2.891	127.738266	37.884686
1595324835417	1595324835412	-8.500	-2.859	0.425	-1.034	-1.499	-2.868	127.738266	37.884686
1595324835433	1595324835432	-8.153	-3.094	0.587	-0.517	-1.197	-2.791	127.738266	37.884686
1595324835456	1595324835452	-8.299	-3.118	0.662	0.098	-0.887	-2.630	127.738266	37.884686
1595324835472	1595324835470	-8.572	-2.861	0.702	0.633	-0.640	-2.387	127.738266	37.884686
1595324835494	1595324835492	-8.081	-2.193	0.719	0.957	-0.542	-2.101	127.738266	37.884686
1595324835511	1595324835509	-7.137	-1.513	0.731	1.003	-0.419	-1.773	127.738266	37.884686
1595324835532	1595324835530	-6.718	-1.350	1.050	0.842	-0.108	-1.362	127.738266	37.884686
1595324835550	1595324835550	-6.754	-1.688	1.591	0.705	0.275	-0.905	127.738266	37.884686
1595324835570	1595324835570	-7.109	-2.109	2.168	0.758	0.658	-0.468	127.738266	37.884686
1595324835590	1595324835588	-7.993	-2.143	2.640	0.942	1.044	-0.039	127.738266	37.884686
1595324835611	1595324835611	-9.547	-1.951	2.734	1.048	1.399	0.447	127.738266	37.884686
1595324835633	1595324835633	-11.888	-1.724	2.145	0.901	1.734	0.984	127.738266	37.884686
1595324835650	1595324835647	-13.402	-1.470	1.840	0.467	1.934	1.503	127.738266	37.884686
1595324835669	1595324835667	-12.652	-1.817	2.463	-0.109	1.919	1.989	127.738266	37.884686
1595324835691	1595324835688	-11.536	-2.744	3.237	-0.419	1.911	2.434	127.738266	37.884686
1595324835707	1595324835706	-11.246	-3.113	3.512	-0.312	1.916	2.721	127.738266	37.884686
1595324835727	1595324835727	-11.210	-2.560	3.316	-0.229	1.800	2.805	127.738266	37.884686
1595324835748	1595324835748	-11.373	-1.803	2.990	-0.479	1.639	2.812	127.738266	37.884686
1595324835767	1595324835767	-11.361	-1.232	2.401	-0.961	1.418	2.790	127.738266	37.884686
1595324835789	1595324835789	-11.327	-1.072	1.783	-1.521	1.249	2.775	127.738266	37.884686
1595324835806	1595324835804	-11.497	-1.597	1.720	-2.005	1.160	2.771	127.738266	37.884686
1595324835831	1595324835826	-11.399	-2.490	2.123	-2.320	1.066	2.766	127.738266	37.884686
1595324835846	1595324835844	-10.889	-3.187	2.621	-2.464	0.997	2.838	127.738266	37.884686
1595324835867	1595324835864	-10.323	-3.827	2.933	-2.423	0.919	2.993	127.738266	37.884686
1595324835885	1595324835883	-9.945	-4.339	2.918	-2.199	0.835	3.114	127.738266	37.884686
1595324835905	1595324835904	-9.801	-4.361	2.648	-1.796	0.803	3.155	127.738266	37.884686
1595324835924	1595324835923	-10.026	-4.095	2.516	-1.278	0.833	3.150	127.738266	37.884686
1595324835947	1595324835946	-10.455	-3.927	2.609	-0.854	0.887	3.112	127.738266	37.884686
1595324835965	1595324835965	-10.757	-4.088	2.763	-0.577	0.900	3.027	127.738266	37.884686
1595324835985	1595324835984	-11.138	-4.416	3.040	-0.308	0.924	2.902	127.738266	37.884686
1595324836005	1595324836003	-11.811	-4.601	3.543	-0.001	0.975	2.732	127.738266	37.884686
1595324836025	1595324836023	-12.005	-4.445	4.150	0.205	0.953	2.500	127.738266	37.884686
1595324836045	1595324836042	-11.409	-4.160	4.576	0.181	0.847	2.225	127.738266	37.884686
1595324836063	1595324836061	-10.709	-4.042	4.787	-0.034	0.728	1.918	127.738266	37.884686
1595324836084	1595324836081	-10.290	-4.066	4.902	-0.273	0.603	1.563	127.738266	37.884686
1595324836102	1595324836101	-10.283	-4.105	4.950	-0.438	0.468	1.157	127.738266	37.884686
1595324836122	1595324836120	-10.649	-4.241	4.930	-0.554	0.323	0.709	127.738266	37.884686
1595324836145	1595324836143	-11.097	-4.363	4.811	-0.670	0.160	0.217	127.738266	37.884686
1595324836162	1595324836162	-12.271	-4.615	5.170	-0.716	0.042	-0.311	127.738266	37.884686
1595324836182	1595324836182	-13.679	-4.888	6.008	-0.639	-0.122	-0.840	127.738266	37.884686
1595324836202	1595324836202	-13.196	-4.783	5.740	-0.567	-0.514	-1.325	127.738266	37.884686
1595324836225	1595324836225	-11.710	-4.601	4.449	-0.449	-0.884	-1.833	127.738266	37.884686
1595324836242	1595324836239	-10.882	-4.270	3.496	-0.144	-1.066	-2.380	127.738266	37.884686
1595324836260	1595324836258	-11.231	-4.054	3.067	0.319	-1.127	-2.922	127.738266	37.884686
1595324836280	1595324836277	-12.882	-4.129	2.894	0.943	-1.129	-3.382	127.738266	37.884686
