1595324885535	1595324885532	-10.115	-2.938	3.309	-1.137	0.937	2.816	127.738327	37.885258
1595324885554	1595324885552	-10.010	-3.099	3.122	-1.385	0.799	2.743	127.738327	37.885258
1595324885581	1595324885571	-9.887	-3.396	3.038	-1.504	0.698	2.621	127.738327	37.885258
1595324885593	1595324885591	-9.698	-3.777	3.081	-1.385	0.637	2.496	127.738327	37.885258
1595324885613	1595324885611	-9.722	-4.066	3.175	-1.099	0.627	2.397	127.738327	37.885258
1595324885633	1595324885631	-10.163	-4.502	3.455	-0.784	0.648	2.335	127.738327	37.885258
1595324885652	1595324885650	-10.242	-5.044	3.891	-0.428	0.586	2.254	127.738327	37.885258
1595324885672	1595324885670	-9.835	-5.240	4.061	0.034	0.506	2.127	127.738327	37.885258
1595324885695	1595324885693	-9.677	-5.128	4.351	0.518	0.506	1.966	127.738327	37.885258
1595324885713	1595324885709	-9.763	-4.991	4.679	0.825	0.439	1.743	127.738327	37.885258
1595324885738	1595324885729	-10.510	-4.960	4.818	0.937	0.344	1.433	127.738327	37.885258
1595324885750	1595324885749	-11.643	-4.593	4.736	0.847	0.220	1.004	127.738327	37.885258
1595324885770	1595324885768	-12.764	-4.098	4.703	0.502	0.051	0.466	127.738327	37.885258
1595324885791	1595324885788	-13.550	-3.690	4.928	-0.002	-0.141	-0.202	127.738327	37.885258
1595324885810	1595324885808	-13.802	-3.355	5.323	-0.492	-0.346	-0.955	127.738327	37.885258
1595324885830	1595324885827	-13.759	-3.233	5.508	-0.842	-0.555	-1.699	127.738327	37.885258
1595324885848	1595324885847	-12.642	-3.556	4.930	-1.018	-0.861	-2.394	127.738327	37.885258
1595324885868	1595324885867	-11.653	-4.011	3.735	-0.993	-1.131	-3.056	127.738327	37.885258
1595324885889	1595324885886	-12.125	-4.452	2.463	-0.709	-1.211	-3.628	127.738327	37.885258
1595324885909	1595324885906	-13.720	-4.835	1.512	-0.058	-1.185	-4.117	127.738327	37.885258
1595324885929	1595324885926	-15.728	-4.799	1.055	0.986	-1.106	-4.466	127.738327	37.885258
1595324885947	1595324885946	-16.918	-4.035	1.220	2.079	-1.116	-4.612	127.738327	37.885258
1595324885969	1595324885967	-16.674	-3.008	1.744	2.729	-1.299	-4.541	127.738327	37.885258
1595324885988	1595324885985	-15.718	-2.334	2.367	2.706	-1.529	-4.332	127.738327	37.885258
1595324886010	1595324886007	-14.312	-1.944	2.631	2.159	-1.769	-4.128	127.738327	37.885258
1595324886027	1595324886024	-12.721	-1.738	2.346	1.334	-1.932	-3.981	127.738327	37.885258
1595324886049	1595324886048	-11.217	-1.565	1.500	0.390	-1.972	-3.867	127.738327	37.885258
1595324886065	1595324886064	-9.923	-1.436	0.590	-0.504	-1.872	-3.767	127.738327	37.885258
1595324886089	1595324886085	-8.944	-1.575	0.154	-1.122	-1.624	-3.657	127.738327	37.885258
1595324886105	1595324886103	-8.199	-1.961	-0.055	-1.336	-1.340	-3.537	127.738327	37.885258
1595324886129	1595324886127	-7.779	-2.502	-0.167	-1.109	-1.016	-3.403	127.738327	37.885258
1595324886145	1595324886143	-7.552	-2.909	-0.095	-0.528	-0.706	-3.235	127.738327	37.885258
1595324886163	1595324886162	-7.346	-2.854	0.063	0.255	-0.474	-3.020	127.738327	37.885258
1595324886184	1595324886182	-7.147	-2.097	0.147	0.991	-0.326	-2.716	127.738327	37.885258
1595324886204	1595324886202	-6.910	-0.943	0.130	1.410	-0.221	-2.283	127.738327	37.885258
1595324886223	1595324886221	-6.919	-0.171	0.374	1.331	-0.082	-1.716	127.738327	37.885258
1595324886242	1595324886241	-7.142	-0.380	0.781	0.909	0.116	-1.047	127.738327	37.885258
1595324886262	1595324886261	-7.430	-1.163	1.275	0.474	0.369	-0.339	127.738327	37.885258
1595324886285	1595324886281	-7.892	-1.724	1.716	0.256	0.668	0.351	127.738327	37.885258
1595324886303	1595324886301	-8.642	-2.030	2.159	0.225	0.996	1.022	127.738327	37.885258
1595324886332	1595324886328	-9.533	-2.255	2.628	0.304	1.285	1.614	127.738327	37.885277
1595324886347	1595324886345	-11.217	-2.404	2.583	0.413	1.563	2.143	127.738327	37.885277
1595324886366	1595324886362	-12.884	-2.006	2.267	0.393	1.772	2.672	127.738327	37.885277
1595324886383	1595324886381	-12.640	-1.558	2.171	0.103	1.750	3.162	127.738327	37.885277
1595324886403	1595324886400	-12.003	-1.805	2.513	-0.358	1.747	3.651	127.738327	37.885277
1595324886422	1595324886420	-12.987	-2.703	3.359	-0.616	1.818	4.175	127.738327	37.885277
1595324886442	1595324886441	-13.883	-3.245	3.730	-0.670	1.659	4.506	127.738327	37.885277
1595324886463	1595324886463	-13.921	-3.072	3.417	-0.782	1.407	4.633	127.738327	37.885277
1595324886483	1595324886481	-13.869	-2.909	3.091	-0.972	1.249	4.632	127.738327	37.885277
1595324886504	1595324886504	-13.773	-2.957	3.028	-1.154	1.137	4.468	127.738327	37.885277
1595324886529	1595324886522	-13.263	-3.015	3.481	-1.189	1.071	4.157	127.738327	37.885277
1595324886545	1595324886540	-12.168	-2.861	4.142	-1.118	1.013	3.784	127.738327	37.885277
1595324886560	1595324886557	-10.946	-2.797	4.274	-1.143	0.916	3.465	127.738327	37.885277
1595324886581	1595324886576	-10.180	-3.096	3.845	-1.337	0.767	3.219	127.738327	37.885277
1595324886600	1595324886596	-9.835	-3.257	3.208	-1.649	0.598	2.960	127.738327	37.885277
1595324886620	1595324886617	-9.698	-3.209	2.707	-1.953	0.450	2.667	127.738327	37.885277
1595324886639	1595324886637	-10.050	-3.506	2.451	-2.026	0.377	2.387	127.738327	37.885277
1595324886658	1595324886657	-10.496	-4.093	2.437	-1.786	0.354	2.135	127.738327	37.885277
1595324886677	1595324886676	-10.620	-4.577	2.475	-1.383	0.336	1.935	127.738327	37.885277
1595324886697	1595324886697	-10.448	-4.831	2.569	-0.978	0.337	1.824	127.738327	37.885277
1595324886720	1595324886720	-10.319	-5.013	2.861	-0.613	0.373	1.735	127.738327	37.885277
1595324886737	1595324886734	-10.122	-5.113	3.349	-0.297	0.413	1.630	127.738327	37.885277
1595324886756	1595324886754	-9.533	-5.161	3.680	-0.021	0.408	1.522	127.738327	37.885277
1595324886776	1595324886773	-9.200	-5.178	3.848	0.230	0.425	1.364	127.738327	37.885277
1595324886795	1595324886793	-9.732	-5.228	3.922	0.475	0.478	1.110	127.738327	37.885277
1595324886814	1595324886813	-10.963	-5.255	3.963	0.667	0.499	0.742	127.738327	37.885277
1595324886835	1595324886835	-12.249	-5.175	4.169	0.775	0.467	0.234	127.738327	37.885277
1595324886854	1595324886854	-12.932	-4.905	4.744	0.777	0.378	-0.412	127.738327	37.885277
1595324886874	1595324886873	-13.042	-4.177	5.687	0.674	0.264	-1.117	127.738327	37.885277
1595324886894	1595324886894	-12.738	-3.403	6.495	0.477	0.044	-1.782	127.738327	37.885277
1595324886913	1595324886911	-12.269	-3.326	6.179	0.160	-0.336	-2.385	127.738327	37.885277
1595324886934	1595324886931	-12.034	-4.004	4.586	0.004	-0.728	-2.978	127.738327	37.885277
1595324886953	1595324886951	-12.585	-4.416	2.897	0.286	-0.947	-3.544	127.738327	37.885277
1595324886971	1595324886971	-14.099	-4.411	2.027	0.924	-1.015	-4.069	127.738327	37.885277
1595324886993	1595324886990	-15.423	-4.059	1.507	1.903	-1.081	-4.481	127.738327	37.885277
1595324887012	1595324887010	-16.327	-2.979	1.368	2.944	-1.133	-4.661	127.738327	37.885277
1595324887032	1595324887031	-16.482	-1.721	1.910	3.464	-1.298	-4.603	127.738327	37.885277
1595324887051	1595324887051	-15.155	-1.038	2.777	3.253	-1.635	-4.329	127.738327	37.885277
1595324887071	1595324887071	-13.215	-1.072	3.210	2.456	-1.960	-3.999	127.738327	37.885277
1595324887092	1595324887092	-11.679	-1.472	2.952	1.367	-2.151	-3.746	127.738327	37.885277
1595324887110	1595324887110	-10.412	-1.762	2.049	0.252	-2.214	-3.551	127.738327	37.885277
1595324887131	1595324887128	-9.408	-1.767	0.966	-0.688	-2.123	-3.383	127.738327	37.885277
1595324887149	1595324887148	-8.762	-1.788	0.338	-1.291	-1.873	-3.219	127.738327	37.885277
1595324887169	1595324887167	-8.373	-2.097	0.051	-1.435	-1.581	-3.053	127.738327	37.885277
1595324887189	1595324887187	-8.103	-2.507	-0.126	-1.130	-1.292	-2.917	127.738327	37.885277
1595324887208	1595324887207	-8.064	-2.835	-0.143	-0.505	-0.997	-2.782	127.738327	37.885277
1595324887229	1595324887227	-8.093	-2.861	0.048	0.230	-0.756	-2.608	127.738327	37.885277
1595324887248	1595324887248	-8.021	-2.346	0.250	0.821	-0.621	-2.378	127.738327	37.885277
1595324887268	1595324887268	-8.017	-1.563	0.379	1.049	-0.495	-2.030	127.738327	37.885277
1595324887288	1595324887288	-8.084	-1.223	0.655	0.924	-0.316	-1.552	127.738327	37.885277
1595324887307	1595324887306	-8.086	-1.415	1.110	0.615	-0.092	-1.021	127.738327	37.885277
1595324887328	1595324887328	-8.105	-1.836	1.675	0.330	0.206	-0.498	127.738335	37.885288
1595324887347	1595324887344	-8.496	-2.066	2.259	0.132	0.567	0.037	127.738335	37.885288
1595324887367	1595324887365	-9.176	-2.143	2.873	-0.011	0.904	0.577	127.738335	37.885288
1595324887386	1595324887384	-10.137	-2.272	2.906	-0.057	1.178	1.116	127.738335	37.885288
1595324887405	1595324887403	-11.387	-2.265	2.360	-0.058	1.441	1.717	127.738335	37.885288
1595324887426	1595324887423	-11.248	-1.997	2.044	-0.193	1.557	2.294	127.738335	37.885288
1595324887445	1595324887445	-10.273	-2.229	2.116	-0.433	1.587	2.845	127.738335	37.885288
1595324887467	1595324887466	-10.656	-2.991	2.952	-0.472	1.728	3.421	127.738335	37.885288
1595324887485	1595324887484	-11.665	-3.628	3.773	-0.212	1.696	3.857	127.738335	37.885288
1595324887509	1595324887507	-11.734	-3.333	3.764	0.004	1.455	4.012	127.738335	37.885288
1595324887528	1595324887525	-11.605	-2.572	3.072	-0.083	1.270	4.054	127.738335	37.885288
1595324887552	1595324887548	-12.067	-2.246	2.319	-0.371	1.188	4.048	127.738335	37.885288
1595324887565	1595324887562	-12.494	-2.227	2.125	-0.622	1.131	3.917	127.738335	37.885288
1595324887587	1595324887585	-12.024	-2.102	2.645	-0.754	1.060	3.685	127.738335	37.885288
1595324887603	1595324887602	-11.238	-1.934	3.098	-0.985	0.982	3.469	127.738335	37.885288
1595324887627	1595324887625	-10.987	-2.294	3.052	-1.442	0.913	3.326	127.738335	37.885288
1595324887645	1595324887643	-10.898	-3.096	2.775	-1.941	0.781	3.212	127.738335	37.885288
1595324887664	1595324887664	-10.599	-3.606	2.497	-2.262	0.638	3.066	127.738335	37.885288
1595324887684	1595324887682	-10.491	-3.872	2.331	-2.316	0.589	2.879	127.738335	37.885288
1595324887702	1595324887702	-10.726	-4.445	2.396	-2.047	0.615	2.684	127.738335	37.885288
1595324887723	1595324887722	-10.822	-5.068	2.674	-1.457	0.635	2.504	127.738335	37.885288
1595324887744	1595324887744	-10.580	-5.228	2.851	-0.729	0.648	2.347	127.738335	37.885288
1595324887762	1595324887760	-10.230	-4.826	2.767	-0.164	0.668	2.202	127.738335	37.885288
1595324887781	1595324887779	-10.745	-4.464	3.043	0.097	0.742	2.068	127.738335	37.885288
1595324887801	1595324887799	-10.961	-4.440	3.642	0.195	0.729	1.909	127.738335	37.885288
1595324887820	1595324887818	-9.976	-4.378	4.006	0.193	0.608	1.696	127.738335	37.885288
1595324887840	1595324887838	-9.593	-4.375	4.308	0.088	0.594	1.460	127.738335	37.885288
1595324887860	1595324887858	-10.206	-4.627	4.494	-0.121	0.571	1.148	127.738335	37.885288
1595324887880	1595324887878	-11.351	-5.046	4.614	-0.308	0.520	0.700	127.738335	37.885288
1595324887900	1595324887898	-12.352	-5.283	4.978	-0.309	0.460	0.114	127.738335	37.885288
1595324887918	1595324887918	-12.808	-4.862	5.752	-0.130	0.368	-0.558	127.738335	37.885288
1595324887942	1595324887937	-12.796	-3.913	6.107	-0.016	0.157	-1.213	127.738335	37.885288
1595324887957	1595324887955	-12.520	-3.499	5.529	-0.179	-0.205	-1.830	127.738335	37.885288
1595324887977	1595324887975	-12.154	-3.959	4.257	-0.348	-0.595	-2.456	127.738335	37.885288
1595324887996	1595324887994	-11.993	-4.277	3.072	-0.148	-0.846	-3.086	127.738335	37.885288
1595324888016	1595324888014	-12.913	-4.177	2.458	0.408	-0.927	-3.689	127.738335	37.885288
1595324888037	1595324888035	-14.573	-3.999	2.041	1.260	-0.948	-4.184	127.738335	37.885288
1595324888055	1595324888055	-15.795	-3.178	1.862	2.171	-1.017	-4.486	127.738335	37.885288
1595324888075	1595324888075	-15.888	-2.195	2.063	2.676	-1.193	-4.548	127.738335	37.885288
1595324888098	1595324888095	-15.064	-1.748	2.597	2.606	-1.445	-4.413	127.738335	37.885288
1595324888114	1595324888114	-13.835	-1.728	3.074	2.109	-1.677	-4.204	127.738335	37.885288
1595324888136	1595324888135	-12.525	-1.807	3.064	1.382	-1.845	-4.020	127.738335	37.885288
1595324888154	1595324888152	-11.270	-1.839	2.492	0.532	-1.938	-3.866	127.738335	37.885288
1595324888174	1595324888172	-10.218	-1.843	1.514	-0.307	-1.903	-3.719	127.738335	37.885288
1595324888193	1595324888191	-9.461	-1.863	0.767	-0.924	-1.733	-3.559	127.738335	37.885288
1595324888214	1595324888211	-8.898	-2.066	0.465	-1.123	-1.497	-3.386	127.738335	37.885288
1595324888233	1595324888231	-8.522	-2.337	0.341	-0.946	-1.249	-3.205	127.738335	37.885288
1595324888252	1595324888252	-8.256	-2.648	0.355	-0.492	-1.022	-3.000	127.738335	37.885288
1595324888272	1595324888272	-7.887	-2.742	0.302	0.090	-0.865	-2.776	127.738335	37.885288
1595324888292	1595324888290	-7.547	-2.320	0.226	0.613	-0.743	-2.494	127.738335	37.885288
1595324888312	1595324888310	-7.547	-1.549	0.242	0.860	-0.610	-2.090	127.738335	37.885300
1595324888333	1595324888332	-7.597	-0.943	0.290	0.761	-0.491	-1.600	127.738335	37.885300
1595324888351	1595324888349	-7.801	-0.782	0.439	0.417	-0.323	-1.027	127.738335	37.885300
1595324888372	1595324888369	-8.556	-1.209	0.997	-0.014	-0.028	-0.373	127.738335	37.885300
1595324888391	1595324888388	-9.576	-1.879	1.668	-0.371	0.249	0.280	127.738335	37.885300
1595324888410	1595324888408	-10.271	-2.325	2.061	-0.539	0.450	0.896	127.738335	37.885300
1595324888431	1595324888428	-10.788	-2.325	1.807	-0.569	0.665	1.487	127.738335	37.885300
1595324888449	1595324888447	-11.988	-2.428	1.416	-0.534	0.999	2.129	127.738335	37.885300
1595324888470	1595324888469	-12.889	-2.694	1.783	-0.474	1.262	2.753	127.738335	37.885300
1595324888491	1595324888490	-12.312	-3.221	2.789	-0.323	1.290	3.269	127.738335	37.885300
1595324888510	1595324888510	-11.967	-3.793	3.824	-0.018	1.282	3.636	127.738335	37.885300
1595324888529	1595324888529	-11.998	-3.523	3.953	0.264	1.202	3.792	127.738335	37.885300
1595324888552	1595324888552	-11.641	-2.251	3.055	0.144	1.039	3.770	127.738335	37.885300
1595324888574	1595324888565	-11.392	-1.273	2.477	-0.389	0.965	3.720	127.738335	37.885300
1595324888591	1595324888588	-11.437	-1.407	2.494	-0.866	0.903	3.627	127.738335	37.885300
1595324888607	1595324888605	-11.555	-1.910	2.674	-0.974	0.865	3.469	127.738335	37.885300
1595324888630	1595324888628	-11.464	-2.140	2.878	-0.864	0.836	3.292	127.738335	37.885300
1595324888646	1595324888644	-11.234	-2.356	2.978	-0.935	0.756	3.180	127.738335	37.885300
1595324888667	1595324888665	-10.927	-2.950	2.882	-1.217	0.610	3.225	127.738335	37.885300
1595324888685	1595324888685	-10.613	-3.609	2.693	-1.452	0.454	3.307	127.738335	37.885300
1595324888706	1595324888705	-10.268	-3.659	2.545	-1.623	0.328	3.268	127.738335	37.885300
1595324888727	1595324888725	-10.220	-3.527	2.355	-1.697	0.276	3.184	127.738335	37.885300
1595324888744	1595324888744	-10.608	-3.702	2.154	-1.628	0.282	3.111	127.738335	37.885300
1595324888768	1595324888766	-10.929	-4.074	2.125	-1.440	0.292	3.051	127.738335	37.885300
1595324888786	1595324888782	-11.270	-4.548	2.317	-1.216	0.311	2.997	127.738335	37.885300
1595324888803	1595324888802	-11.583	-5.015	2.736	-0.940	0.334	2.931	127.738335	37.885300
1595324888824	1595324888822	-11.183	-5.240	3.179	-0.587	0.302	2.793	127.738335	37.885300
1595324888843	1595324888842	-10.388	-5.101	3.515	-0.295	0.292	2.595	127.738335	37.885300
1595324888864	1595324888863	-10.149	-5.041	3.687	-0.210	0.322	2.342	127.738335	37.885300
1595324888885	1595324888883	-10.525	-5.343	3.730	-0.253	0.336	1.996	127.738335	37.885300
1595324888904	1595324888904	-11.217	-5.782	3.668	-0.236	0.340	1.505	127.738335	37.885300
1595324888924	1595324888924	-12.022	-5.882	3.694	-0.126	0.381	0.847	127.738335	37.885300
1595324888943	1595324888943	-12.666	-5.628	4.097	0.033	0.419	0.049	127.738335	37.885300
1595324888971	1595324888971	-13.380	-5.013	4.799	0.177	0.433	-0.808	127.738335	37.885300
1595324888983	1595324888980	-13.636	-4.107	5.417	0.190	0.338	-1.608	127.738335	37.885300
1595324889007	1595324889004	-12.211	-3.580	5.295	-0.039	0.004	-2.318	127.738335	37.885300
1595324889022	1595324889020	-10.517	-3.762	4.315	-0.259	-0.356	-2.978	127.738335	37.885300
1595324889044	1595324889042	-10.477	-4.196	3.014	-0.205	-0.511	-3.562	127.738335	37.885300
1595324889061	1595324889061	-12.206	-4.625	2.061	0.199	-0.520	-4.071	127.738335	37.885300
1595324889083	1595324889082	-14.386	-4.852	1.471	1.061	-0.524	-4.465	127.738335	37.885300
1595324889100	1595324889101	-16.003	-4.296	1.213	2.198	-0.573	-4.707	127.738335	37.885300
1595324889121	1595324889121	-16.391	-3.295	1.510	3.148	-0.738	-4.735	127.738335	37.885300
1595324889140	1595324889140	-15.603	-2.401	2.310	3.516	-1.036	-4.555	127.738335	37.885300
1595324889164	1595324889156	-14.434	-1.795	2.995	3.242	-1.370	-4.329	127.738335	37.885300
1595324889180	1595324889176	-13.368	-1.565	3.036	2.466	-1.629	-4.121	127.738335	37.885300
1595324889199	1595324889196	-12.185	-1.530	2.420	1.401	-1.815	-3.960	127.738335	37.885300
1595324889218	1595324889215	-10.920	-1.513	1.294	0.347	-1.840	-3.834	127.738335	37.885300
1595324889238	1595324889235	-10.058	-1.549	0.575	-0.470	-1.688	-3.673	127.738335	37.885300
1595324889258	1595324889256	-9.566	-1.846	0.300	-0.954	-1.468	-3.486	127.738335	37.885300
1595324889278	1595324889276	-9.181	-2.370	0.163	-1.028	-1.241	-3.296	127.738335	37.885300
1595324889295	1595324889295	-8.702	-2.845	0.106	-0.688	-1.034	-3.112	127.738335	37.885300
1595324889317	1595324889313	-8.297	-2.998	0.017	-0.076	-0.831	-2.906	127.738342	37.885311
1595324889336	1595324889334	-8.093	-2.608	-0.014	0.561	-0.644	-2.641	127.738342	37.885311
1595324889358	1595324889353	-7.806	-1.716	0.084	0.988	-0.528	-2.298	127.738342	37.885311
1595324889375	1595324889373	-7.573	-0.847	0.238	1.033	-0.409	-1.842	127.738342	37.885311
1595324889394	1595324889393	-7.870	-0.696	0.683	0.724	-0.194	-1.273	127.738342	37.885311
1595324889414	1595324889413	-8.500	-1.302	1.294	0.319	0.052	-0.668	127.738342	37.885311
1595324889435	1595324889432	-9.095	-1.656	1.730	0.068	0.257	-0.100	127.738342	37.885311
1595324889455	1595324889452	-9.593	-1.431	1.766	-0.074	0.457	0.441	127.738342	37.885311
1595324889474	1595324889473	-10.242	-1.048	1.378	-0.299	0.685	0.993	127.738342	37.885311
1595324889494	1595324889494	-11.926	-1.213	1.081	-0.608	1.034	1.640	127.738342	37.885311
1595324889513	1595324889513	-13.890	-2.183	1.577	-0.832	1.343	2.335	127.738342	37.885311
1595324889533	1595324889532	-13.696	-3.319	2.700	-0.802	1.334	2.941	127.738342	37.885311
1595324889552	1595324889552	-11.849	-3.700	3.323	-0.480	1.210	3.382	127.738342	37.885311
1595324889572	1595324889572	-11.270	-3.575	3.543	-0.098	1.269	3.645	127.738342	37.885311
1595324889595	1595324889592	-11.612	-3.161	3.285	0.088	1.296	3.737	127.738342	37.885311
1595324889613	1595324889610	-11.780	-2.569	3.086	0.155	1.257	3.705	127.738342	37.885311
1595324889632	1595324889629	-11.725	-2.059	2.993	0.173	1.235	3.598	127.738342	37.885311
1595324889651	1595324889649	-11.785	-1.748	2.913	0.089	1.233	3.470	127.738342	37.885311
1595324889670	1595324889668	-11.624	-1.568	3.028	-0.116	1.192	3.349	127.738342	37.885311
1595324889691	1595324889689	-11.174	-1.642	3.203	-0.483	1.086	3.260	127.738342	37.885311
1595324889710	1595324889710	-10.925	-2.200	3.167	-0.948	0.947	3.261	127.738342	37.885311
1595324889730	1595324889729	-11.155	-2.742	2.846	-1.362	0.807	3.307	127.738342	37.885311
1595324889749	1595324889749	-11.586	-2.861	2.569	-1.766	0.676	3.303	127.738342	37.885311
1595324889769	1595324889769	-11.567	-3.024	2.351	-2.160	0.531	3.250	127.738342	37.885311
1595324889790	1595324889788	-11.207	-3.527	2.140	-2.404	0.414	3.182	127.738342	37.885311
1595324889811	1595324889807	-11.040	-4.141	2.209	-2.364	0.372	3.139	127.738342	37.885311
1595324889828	1595324889826	-11.114	-4.704	2.657	-2.073	0.380	3.107	127.738342	37.885311
1595324889848	1595324889846	-11.215	-5.199	3.206	-1.666	0.365	3.053	127.738342	37.885311
1595324889867	1595324889865	-11.052	-5.542	3.500	-1.206	0.327	2.971	127.738342	37.885311
1595324889887	1595324889885	-10.632	-5.585	3.587	-0.758	0.301	2.846	127.738342	37.885311
1595324889906	1595324889905	-10.199	-5.556	3.706	-0.370	0.298	2.623	127.738342	37.885311
1595324889927	1595324889926	-10.060	-5.607	3.958	0.011	0.329	2.287	127.738342	37.885311
1595324889946	1595324889946	-10.230	-5.717	4.111	0.334	0.341	1.829	127.738342	37.885311
1595324889973	1595324889967	-10.589	-5.760	4.066	0.490	0.329	1.240	127.738342	37.885311
1595324889989	1595324889988	-10.544	-5.662	4.238	0.510	0.283	0.519	127.738342	37.885311
1595324890010	1595324890007	-10.906	-5.540	4.621	0.480	0.243	-0.300	127.738342	37.885311
1595324890025	1595324890023	-13.097	-5.130	5.225	0.500	0.287	-1.171	127.738342	37.885311
1595324890054	1595324890049	-14.104	-3.870	5.563	0.387	0.079	-1.962	127.738342	37.885311
1595324890064	1595324890062	-12.403	-2.991	4.859	-0.088	-0.417	-2.665	127.738342	37.885311
1595324890089	1595324890087	-11.341	-3.302	3.452	-0.582	-0.725	-3.369	127.738342	37.885311
1595324890104	1595324890102	-12.427	-3.650	2.602	-0.622	-0.734	-4.022	127.738342	37.885311
1595324890127	1595324890127	-14.137	-3.717	2.264	-0.252	-0.702	-4.579	127.738342	37.885311
1595324890144	1595324890144	-15.697	-3.815	2.051	0.329	-0.702	-5.005	127.738342	37.885311
1595324890164	1595324890164	-16.614	-3.697	1.912	0.949	-0.754	-5.221	127.738342	37.885311
1595324890187	1595324890187	-16.427	-3.273	1.888	1.384	-0.859	-5.254	127.738342	37.885311
1595324890202	1595324890202	-15.160	-2.727	2.128	1.517	-0.996	-5.156	127.738342	37.885311
1595324890224	1595324890222	-13.696	-2.433	2.295	1.411	-1.112	-4.961	127.738342	37.885311
1595324890243	1595324890241	-12.489	-2.373	2.164	1.134	-1.171	-4.702	127.738342	37.885311
1595324890262	1595324890260	-11.313	-2.258	1.677	0.745	-1.196	-4.427	127.738342	37.885311
1595324890283	1595324890281	-10.256	-2.207	0.985	0.354	-1.148	-4.141	127.738342	37.885311
1595324890305	1595324890303	-9.492	-2.248	0.518	0.110	-0.996	-3.852	127.738342	37.885311
1595324890338	1595324890337	-9.030	-2.298	0.389	0.123	-0.823	-3.565	127.738350	37.885315
1595324890348	1595324890345	-8.766	-2.370	0.345	0.360	-0.669	-3.289	127.738350	37.885315
1595324890364	1595324890359	-8.558	-2.382	0.425	0.710	-0.550	-2.991	127.738350	37.885315
1595324890381	1595324890379	-8.093	-1.961	0.542	1.036	-0.511	-2.679	127.738350	37.885315
1595324890402	1595324890400	-7.540	-1.309	0.583	1.172	-0.480	-2.302	127.738350	37.885315
1595324890427	1595324890425	-7.286	-0.868	0.669	1.024	-0.380	-1.838	127.738350	37.885315
1595324890441	1595324890436	-7.286	-0.705	0.803	0.641	-0.245	-1.310	127.738350	37.885315
1595324890461	1595324890456	-7.379	-0.950	1.074	0.204	-0.080	-0.731	127.738350	37.885315
1595324890478	1595324890477	-7.753	-1.494	1.467	-0.123	0.156	-0.117	127.738350	37.885315
1595324890503	1595324890495	-8.534	-2.116	1.917	-0.230	0.434	0.517	127.738350	37.885315
1595324890518	1595324890517	-9.327	-2.413	2.468	-0.145	0.676	1.127	127.738350	37.885315
1595324890542	1595324890537	-10.220	-2.433	2.446	0.037	0.878	1.705	127.738350	37.885315
1595324890556	1595324890556	-11.979	-2.390	1.881	0.139	1.167	2.337	127.738350	37.885315
1595324890577	1595324890577	-13.251	-2.183	1.790	0.025	1.362	2.988	127.738350	37.885315
1595324890596	1595324890594	-12.446	-2.392	2.324	-0.227	1.317	3.538	127.738350	37.885315
1595324890616	1595324890614	-12.194	-3.168	3.048	-0.335	1.348	4.014	127.738350	37.885315
1595324890636	1595324890633	-13.112	-3.640	3.543	-0.201	1.402	4.314	127.738350	37.885315
1595324890655	1595324890654	-13.330	-3.185	3.371	-0.159	1.255	4.353	127.738350	37.885315
1595324890675	1595324890672	-12.990	-2.677	2.978	-0.309	1.123	4.278	127.738350	37.885315
1595324890694	1595324890692	-12.633	-2.641	2.736	-0.475	1.052	4.116	127.738350	37.885315
1595324890714	1595324890714	-12.419	-2.648	2.722	-0.503	1.046	3.852	127.738350	37.885315
1595324890734	1595324890734	-12.223	-2.270	3.007	-0.481	1.081	3.544	127.738350	37.885315
1595324890754	1595324890753	-11.823	-2.035	3.287	-0.664	1.034	3.290	127.738350	37.885315
1595324890774	1595324890773	-11.234	-2.629	3.088	-1.026	0.870	3.141	127.738350	37.885315
1595324890794	1595324890792	-10.577	-3.240	2.672	-1.342	0.685	3.038	127.738350	37.885315
1595324890813	1595324890811	-10.304	-3.106	2.336	-1.629	0.566	2.907	127.738350	37.885315
1595324890833	1595324890830	-10.460	-3.123	2.240	-1.883	0.494	2.762	127.738350	37.885315
1595324890852	1595324890850	-10.304	-3.566	2.202	-1.960	0.392	2.620	127.738350	37.885315
1595324890871	1595324890870	-10.223	-4.028	2.236	-1.831	0.344	2.520	127.738350	37.885315
1595324890892	1595324890891	-10.699	-4.476	2.693	-1.596	0.370	2.466	127.738350	37.885315
1595324890911	1595324890911	-10.673	-4.854	3.263	-1.351	0.297	2.408	127.738350	37.885315
1595324890932	1595324890930	-10.307	-5.171	3.601	-1.088	0.232	2.358	127.738350	37.885315
1595324890950	1595324890950	-10.055	-5.432	3.728	-0.787	0.210	2.288	127.738350	37.885315
1595324890971	1595324890970	-10.000	-5.655	3.773	-0.437	0.192	2.135	127.738350	37.885315
1595324890991	1595324890990	-10.462	-5.750	3.872	-0.087	0.229	1.864	127.738350	37.885315
1595324891010	1595324891010	-11.231	-5.702	3.843	0.134	0.254	1.446	127.738350	37.885315
1595324891031	1595324891027	-11.955	-5.583	3.785	0.171	0.256	0.847	127.738350	37.885315
1595324891051	1595324891049	-12.443	-5.518	4.214	0.170	0.265	0.108	127.738350	37.885315
1595324891068	1595324891066	-12.834	-5.288	5.132	0.283	0.247	-0.705	127.738350	37.885315
1595324891092	1595324891089	-13.006	-4.605	5.649	0.414	0.130	-1.475	127.738350	37.885315
1595324891108	1595324891108	-12.118	-3.935	5.141	0.287	-0.201	-2.168	127.738350	37.885315
1595324891130	1595324891129	-10.953	-3.992	3.718	0.081	-0.576	-2.839	127.738350	37.885315
1595324891147	1595324891147	-11.308	-4.208	2.336	0.127	-0.709	-3.489	127.738350	37.885315
1595324891167	1595324891167	-13.069	-4.284	1.567	0.550	-0.715	-4.047	127.738350	37.885315
1595324891187	1595324891187	-15.122	-4.191	1.217	1.334	-0.736	-4.479	127.738350	37.885315
1595324891210	1595324891210	-16.640	-3.559	1.268	2.225	-0.819	-4.737	127.738350	37.885315
1595324891226	1595324891224	-17.060	-2.811	1.840	2.752	-1.024	-4.774	127.738350	37.885315
1595324891245	1595324891244	-16.080	-2.272	2.533	2.709	-1.352	-4.690	127.738350	37.885315
1595324891265	1595324891263	-14.623	-1.958	2.882	2.220	-1.614	-4.595	127.738350	37.885315
1595324891287	1595324891284	-13.493	-1.839	2.624	1.454	-1.763	-4.507	127.738350	37.885315
1595324891309	1595324891308	-12.625	-1.774	1.915	0.564	-1.804	-4.401	127.738350	37.885315
1595324891324	1595324891323	-11.749	-1.716	1.035	-0.297	-1.725	-4.277	127.738358	37.885323
1595324891346	1595324891345	-10.874	-1.824	0.475	-0.917	-1.547	-4.111	127.738358	37.885323
1595324891364	1595324891362	-10.180	-2.183	0.242	-1.186	-1.323	-3.915	127.738358	37.885323
1595324891384	1595324891382	-9.667	-2.584	0.173	-1.060	-1.089	-3.724	127.738358	37.885323
1595324891403	1595324891402	-9.061	-2.751	0.171	-0.615	-0.897	-3.555	127.738358	37.885323
1595324891423	1595324891421	-8.409	-2.560	0.171	-0.034	-0.728	-3.367	127.738358	37.885323
1595324891443	1595324891441	-8.043	-2.033	0.223	0.463	-0.545	-3.081	127.738358	37.885323
1595324891468	1595324891464	-7.535	-1.228	0.350	0.709	-0.424	-2.679	127.738358	37.885323
1595324891484	1595324891482	-6.821	-0.476	0.413	0.643	-0.310	-2.171	127.738358	37.885323
1595324891508	1595324891506	-6.510	-0.538	0.698	0.376	-0.059	-1.542	127.738358	37.885323
1595324891523	1595324891523	-6.855	-1.309	1.167	0.115	0.271	-0.856	127.738358	37.885323
1595324891548	1595324891546	-7.607	-1.915	1.627	0.034	0.587	-0.170	127.738358	37.885323
1595324891562	1595324891561	-8.450	-2.104	2.099	0.111	0.881	0.506	127.738358	37.885323
1595324891584	1595324891584	-9.178	-2.131	2.207	0.216	1.129	1.192	127.738358	37.885323
1595324891601	1595324891601	-10.458	-2.267	1.936	0.320	1.424	1.948	127.738358	37.885323
1595324891627	1595324891625	-11.847	-2.265	1.991	0.364	1.702	2.704	127.738358	37.885323
1595324891641	1595324891639	-11.770	-2.145	2.212	0.233	1.747	3.372	127.738358	37.885323
1595324891661	1595324891659	-11.284	-2.416	2.688	0.011	1.764	3.989	127.738358	37.885323
1595324891681	1595324891678	-12.142	-3.063	3.428	-0.062	1.822	4.520	127.738358	37.885323
1595324891700	1595324891699	-13.294	-3.218	3.733	0.007	1.694	4.831	127.738358	37.885323
1595324891720	1595324891718	-13.862	-2.727	3.436	-0.028	1.461	4.945	127.738358	37.885323
1595324891740	1595324891738	-14.032	-2.358	2.945	-0.260	1.275	4.937	127.738358	37.885323
1595324891759	1595324891757	-14.144	-2.416	2.719	-0.546	1.156	4.799	127.738358	37.885323
1595324891779	1595324891777	-13.984	-2.514	3.203	-0.725	1.096	4.519	127.738358	37.885323
1595324891798	1595324891795	-13.241	-2.418	3.958	-0.863	1.034	4.166	127.738358	37.885323
1595324891818	1595324891817	-12.288	-2.548	4.162	-1.105	0.908	3.848	127.738358	37.885323
1595324891837	1595324891835	-11.483	-2.950	3.644	-1.440	0.711	3.561	127.738358	37.885323
1595324891856	1595324891854	-10.817	-2.957	2.990	-1.837	0.501	3.250	127.738358	37.885323
1595324891877	1595324891874	-10.357	-2.828	2.528	-2.283	0.316	2.918	127.738358	37.885323
1595324891896	1595324891895	-10.287	-3.350	2.061	-2.558	0.181	2.600	127.738358	37.885323
1595324891917	1595324891915	-10.414	-4.086	1.668	-2.438	0.123	2.324	127.738358	37.885323
1595324891936	1595324891935	-10.613	-4.514	1.570	-2.056	0.140	2.099	127.738358	37.885323
1595324891955	1595324891955	-10.668	-4.852	1.809	-1.596	0.170	1.928	127.738358	37.885323
1595324891975	1595324891975	-10.438	-5.135	2.295	-1.139	0.175	1.785	127.738358	37.885323
1595324891998	1595324891996	-9.990	-5.290	2.803	-0.703	0.203	1.662	127.738358	37.885323
1595324892018	1595324892018	-9.631	-5.324	3.165	-0.326	0.264	1.556	127.738358	37.885323
1595324892035	1595324892032	-9.411	-5.350	3.536	-0.022	0.335	1.451	127.738358	37.885323
1595324892054	1595324892051	-9.322	-5.453	3.718	0.302	0.383	1.295	127.738358	37.885323
1595324892073	1595324892071	-9.830	-5.573	3.821	0.613	0.449	1.033	127.738358	37.885323
1595324892092	1595324892091	-10.944	-5.542	3.994	0.828	0.502	0.652	127.738358	37.885323
1595324892114	1595324892112	-12.364	-5.441	4.308	0.923	0.499	0.139	127.738358	37.885323
1595324892132	1595324892132	-14.113	-5.405	5.101	0.969	0.436	-0.511	127.738358	37.885323
1595324892152	1595324892152	-14.333	-4.696	5.640	0.994	0.156	-1.187	127.738358	37.885323
1595324892172	1595324892172	-12.288	-3.465	4.911	0.774	-0.314	-1.858	127.738358	37.885323
1595324892193	1595324892193	-10.623	-2.857	3.565	0.363	-0.669	-2.575	127.738358	37.885323
1595324892216	1595324892210	-11.222	-3.125	2.446	0.163	-0.780	-3.263	127.738358	37.885323
1595324892232	1595324892229	-13.543	-3.489	2.056	0.415	-0.774	-3.887	127.738358	37.885323
1595324892251	1595324892248	-15.553	-3.439	1.895	0.987	-0.865	-4.429	127.738358	37.885323
1595324892270	1595324892268	-16.473	-3.106	1.670	1.608	-1.024	-4.771	127.738358	37.885323
1595324892291	1595324892291	-16.461	-2.852	1.792	1.979	-1.189	-4.888	127.738358	37.885323
1595324892311	1595324892311	-15.979	-2.859	2.257	2.050	-1.341	-4.868	127.738358	37.885323
1595324892330	1595324892329	-15.007	-2.533	2.746	1.876	-1.467	-4.813	127.738365	37.885330
1595324892351	1595324892351	-13.761	-2.150	2.894	1.479	-1.573	-4.689	127.738365	37.885330
1595324892369	1595324892367	-12.434	-2.073	2.425	0.832	-1.660	-4.533	127.738365	37.885330
1595324892389	1595324892386	-11.104	-2.069	1.400	0.114	-1.644	-4.357	127.738365	37.885330
1595324892408	1595324892406	-10.122	-2.080	0.563	-0.414	-1.459	-4.138	127.738365	37.885330
1595324892431	1595324892425	-9.475	-2.176	0.111	-0.647	-1.214	-3.881	127.738365	37.885330
1595324892447	1595324892445	-8.924	-2.361	-0.117	-0.561	-0.976	-3.600	127.738365	37.885330
1595324892470	1595324892467	-8.242	-2.564	-0.138	-0.187	-0.799	-3.318	127.738365	37.885330
1595324892488	1595324892485	-7.554	-2.663	-0.134	0.361	-0.672	-3.021	127.738365	37.885330
1595324892511	1595324892508	-7.401	-2.469	-0.165	0.903	-0.518	-2.658	127.738365	37.885330
1595324892527	1595324892525	-7.710	-1.949	0.008	1.229	-0.369	-2.188	127.738365	37.885330
1595324892550	1595324892548	-7.988	-1.467	0.345	1.244	-0.292	-1.633	127.738365	37.885330
1595324892565	1595324892564	-8.017	-1.266	0.674	1.006	-0.209	-1.057	127.738365	37.885330
1595324892590	1595324892588	-8.218	-1.386	1.071	0.664	-0.006	-0.469	127.738365	37.885330
1595324892606	1595324892606	-8.924	-1.606	1.462	0.321	0.293	0.090	127.738365	37.885330
1595324892633	1595324892633	-9.835	-1.649	1.895	0.076	0.608	0.572	127.738365	37.885330
1595324892644	1595324892642	-10.441	-1.431	2.190	-0.028	0.863	0.984	127.738365	37.885330
1595324892664	1595324892663	-11.023	-1.187	1.838	-0.156	1.112	1.420	127.738365	37.885330
1595324892684	1595324892682	-11.363	-1.139	1.603	-0.435	1.357	1.930	127.738365	37.885330
1595324892704	1595324892702	-11.222	-1.731	1.718	-0.731	1.521	2.492	127.738365	37.885330
1595324892724	1595324892722	-11.346	-2.718	2.487	-0.810	1.680	3.080	127.738365	37.885330
1595324892744	1595324892744	-11.737	-3.326	3.321	-0.622	1.704	3.566	127.738365	37.885330
1595324892764	1595324892764	-11.677	-3.317	3.215	-0.414	1.532	3.863	127.738365	37.885330
1595324892784	1595324892784	-11.619	-2.840	2.638	-0.366	1.379	4.068	127.738365	37.885330
1595324892804	1595324892803	-12.137	-2.504	2.286	-0.414	1.333	4.226	127.738365	37.885330
1595324892823	1595324892823	-12.851	-2.490	2.058	-0.498	1.276	4.271	127.738365	37.885330
1595324892843	1595324892841	-13.536	-2.610	2.216	-0.564	1.247	4.215	127.738365	37.885330
1595324892863	1595324892861	-13.706	-2.742	2.854	-0.612	1.214	4.098	127.738365	37.885330
1595324892883	1595324892880	-13.021	-3.091	3.395	-0.743	1.113	3.964	127.738365	37.885330
1595324892902	1595324892900	-12.058	-3.585	3.467	-0.927	1.006	3.858	127.738365	37.885330
1595324892922	1595324892919	-11.454	-3.781	3.393	-1.077	0.928	3.735	127.738365	37.885330
1595324892942	1595324892940	-11.135	-3.594	3.531	-1.227	0.854	3.552	127.738365	37.885330
1595324892963	1595324892962	-10.987	-3.561	3.488	-1.443	0.738	3.357	127.738365	37.885330
1595324892980	1595324892980	-11.183	-4.021	3.239	-1.602	0.624	3.169	127.738365	37.885330
1595324893003	1595324892998	-11.155	-4.519	3.337	-1.537	0.522	2.947	127.738365	37.885330
1595324893020	1595324893018	-10.678	-4.625	3.644	-1.377	0.418	2.684	127.738365	37.885330
1595324893042	1595324893038	-10.453	-4.843	3.829	-1.254	0.346	2.390	127.738365	37.885330
1595324893059	1595324893056	-10.441	-5.164	3.917	-1.102	0.293	2.059	127.738365	37.885330
1595324893080	1595324893076	-10.362	-5.449	4.128	-0.852	0.238	1.713	127.738365	37.885330
1595324893098	1595324893095	-10.220	-5.652	4.238	-0.565	0.170	1.340	127.738365	37.885330
1595324893118	1595324893115	-10.113	-5.767	4.051	-0.291	0.100	0.925	127.738365	37.885330
1595324893138	1595324893136	-10.460	-5.760	3.735	-0.055	0.084	0.436	127.738365	37.885330
1595324893156	1595324893156	-11.203	-5.528	3.797	0.142	0.116	-0.137	127.738365	37.885330
1595324893177	1595324893177	-12.055	-5.235	4.308	0.293	0.116	-0.766	127.738365	37.885330
1595324893196	1595324893196	-13.514	-4.965	4.871	0.428	0.096	-1.412	127.738365	37.885330
1595324893217	1595324893217	-14.262	-4.548	5.407	0.483	-0.092	-2.011	127.738365	37.885330
1595324893236	1595324893233	-12.700	-4.179	4.811	0.351	-0.574	-2.563	127.738365	37.885330
1595324893256	1595324893253	-11.873	-4.138	3.282	0.241	-0.877	-3.149	127.738365	37.885330
1595324893275	1595324893273	-12.946	-4.042	2.291	0.395	-0.939	-3.738	127.738365	37.885330
1595324893293	1595324893292	-14.683	-3.765	1.668	0.839	-0.982	-4.268	127.738365	37.885330
1595324893318	1595324893315	-16.758	-3.170	1.421	1.444	-0.973	-4.703	127.738365	37.885338
1595324893334	1595324893332	-17.668	-2.452	1.555	1.828	-1.116	-4.916	127.738365	37.885338
1595324893353	1595324893351	-16.856	-2.227	1.859	1.743	-1.364	-4.937	127.738365	37.885338
1595324893373	1595324893371	-15.550	-2.428	2.192	1.394	-1.493	-4.879	127.738365	37.885338
1595324893393	1595324893390	-14.353	-2.488	2.355	0.963	-1.530	-4.780	127.738365	37.885338
1595324893412	1595324893412	-13.047	-2.349	2.087	0.452	-1.539	-4.659	127.738365	37.885338
1595324893433	1595324893433	-11.579	-2.179	1.488	-0.098	-1.498	-4.501	127.738365	37.885338
1595324893453	1595324893453	-10.283	-2.174	0.736	-0.574	-1.348	-4.285	127.738365	37.885338
1595324893472	1595324893470	-9.423	-2.413	0.259	-0.778	-1.062	-4.052	127.738365	37.885338
1595324893493	1595324893492	-8.956	-2.711	0.127	-0.556	-0.751	-3.816	127.738365	37.885338
1595324893510	1595324893509	-8.603	-2.890	0.096	-0.002	-0.506	-3.589	127.738365	37.885338
1595324893531	1595324893530	-8.278	-2.876	0.159	0.709	-0.324	-3.355	127.738365	37.885338
1595324893550	1595324893550	-7.954	-2.368	0.369	1.378	-0.211	-3.088	127.738365	37.885338
1595324893570	1595324893570	-7.401	-1.400	0.551	1.802	-0.202	-2.749	127.738365	37.885338
1595324893591	1595324893591	-6.778	-0.499	0.532	1.867	-0.194	-2.294	127.738365	37.885338
1595324893609	1595324893609	-6.579	-0.102	0.724	1.572	-0.062	-1.712	127.738365	37.885338
1595324893634	1595324893634	-6.768	-0.387	1.107	1.065	0.117	-1.084	127.738365	37.885338
1595324893649	1595324893647	-6.965	-0.945	1.450	0.583	0.298	-0.443	127.738365	37.885338
1595324893669	1595324893667	-7.128	-1.340	1.730	0.253	0.514	0.189	127.738365	37.885338
1595324893689	1595324893686	-7.135	-1.477	1.929	0.042	0.742	0.765	127.738365	37.885338
1595324893707	1595324893706	-7.375	-1.510	1.819	-0.066	1.028	1.306	127.738365	37.885338
1595324893729	1595324893727	-9.023	-1.695	1.649	-0.156	1.493	1.954	127.738365	37.885338
1595324893747	1595324893747	-11.765	-2.119	2.013	-0.271	1.930	2.751	127.738365	37.885338
1595324893767	1595324893767	-14.190	-2.852	2.851	-0.332	2.049	3.585	127.738365	37.885338
1595324893787	1595324893786	-14.068	-3.537	3.455	-0.273	1.820	4.236	127.738365	37.885338
1595324893806	1595324893806	-13.054	-3.642	3.603	-0.187	1.603	4.639	127.738365	37.885338
1595324893828	1595324893828	-13.797	-3.460	3.486	-0.212	1.575	4.866	127.738365	37.885338
1595324893846	1595324893845	-14.786	-2.979	3.263	-0.338	1.486	4.801	127.738365	37.885338
1595324893865	1595324893864	-14.305	-2.356	3.278	-0.523	1.342	4.470	127.738365	37.885338
1595324893885	1595324893883	-12.925	-1.975	3.464	-0.735	1.261	3.999	127.738365	37.885338
1595324893904	1595324893903	-11.792	-1.743	3.785	-0.873	1.261	3.511	127.738365	37.885338
1595324893925	1595324893922	-11.411	-1.359	4.080	-0.964	1.276	3.043	127.738365	37.885338
1595324893944	1595324893942	-11.440	-1.589	3.915	-1.211	1.173	2.744	127.738365	37.885338
1595324893968	1595324893967	-11.183	-2.449	3.131	-1.623	0.916	2.605	127.738365	37.885338
1595324893984	1595324893983	-10.812	-3.008	2.434	-2.046	0.688	2.521	127.738365	37.885338
1595324894009	1595324894007	-10.585	-3.302	2.051	-2.315	0.512	2.417	127.738365	37.885338
1595324894024	1595324894024	-10.350	-3.671	1.869	-2.256	0.401	2.336	127.738365	37.885338
1595324894053	1595324894047	-10.254	-4.129	1.850	-1.886	0.384	2.333	127.738365	37.885338
1595324894063	1595324894063	-10.462	-4.632	2.106	-1.434	0.407	2.369	127.738365	37.885338
1595324894089	1595324894085	-10.616	-5.025	2.672	-1.017	0.417	2.388	127.738365	37.885338
1595324894103	1595324894101	-10.309	-5.092	3.354	-0.601	0.408	2.375	127.738365	37.885338
1595324894126	1595324894124	-9.851	-4.706	3.773	-0.266	0.423	2.356	127.738365	37.885338
1595324894144	1595324894141	-9.497	-4.272	3.869	-0.182	0.432	2.327	127.738365	37.885338
1595324894163	1595324894163	-9.552	-4.371	3.747	-0.338	0.395	2.244	127.738365	37.885338
1595324894182	1595324894182	-10.206	-4.787	3.675	-0.489	0.376	2.074	127.738365	37.885338
1595324894202	1595324894201	-10.987	-4.936	3.558	-0.489	0.350	1.781	127.738365	37.885338
1595324894221	1595324894221	-11.940	-5.017	3.488	-0.446	0.341	1.340	127.738365	37.885338
1595324894241	1595324894239	-12.963	-5.420	4.039	-0.373	0.347	0.721	127.738365	37.885338
1595324894261	1595324894261	-13.541	-5.638	4.875	-0.217	0.290	-0.054	127.738365	37.885338
1595324894281	1595324894278	-13.545	-5.235	5.553	-0.071	0.195	-0.880	127.738365	37.885338
1595324894304	1595324894296	-12.058	-4.462	5.417	-0.098	-0.084	-1.720	127.738365	37.885338
1595324894324	1595324894318	-10.388	-3.997	4.526	-0.181	-0.390	-2.528	127.738365	37.885349
1595324894344	1595324894336	-10.436	-4.004	3.282	-0.088	-0.532	-3.315	127.738365	37.885349
1595324894359	1595324894356	-12.599	-4.258	2.389	0.277	-0.532	-4.002	127.738365	37.885349
1595324894379	1595324894375	-15.246	-4.574	1.977	0.967	-0.575	-4.526	127.738365	37.885349
1595324894398	1595324894395	-16.923	-4.287	1.632	1.834	-0.718	-4.863	127.738365	37.885349
1595324894416	1595324894415	-17.311	-3.398	1.591	2.555	-0.883	-4.963	127.738365	37.885349
1595324894440	1595324894437	-16.667	-2.540	2.259	2.863	-1.098	-4.872	127.738365	37.885349
1595324894460	1595324894454	-15.301	-1.954	3.026	2.685	-1.362	-4.719	127.738365	37.885349
1595324894478	1595324894474	-13.694	-1.649	3.124	2.100	-1.598	-4.554	127.738365	37.885349
1595324894495	1595324894493	-12.225	-1.649	2.569	1.233	-1.771	-4.383	127.738365	37.885349
1595324894515	1595324894513	-11.032	-1.800	1.579	0.282	-1.791	-4.216	127.738365	37.885349
1595324894535	1595324894533	-10.103	-1.824	0.837	-0.472	-1.671	-4.050	127.738365	37.885349
1595324894554	1595324894554	-9.495	-1.954	0.439	-0.830	-1.483	-3.857	127.738365	37.885349
1595324894575	1595324894575	-9.063	-2.246	0.204	-0.845	-1.268	-3.662	127.738365	37.885349
1595324894594	1595324894594	-8.608	-2.562	0.147	-0.512	-1.066	-3.490	127.738365	37.885349
1595324894613	1595324894612	-8.115	-2.679	0.104	0.049	-0.898	-3.298	127.738365	37.885349
1595324894634	1595324894633	-7.858	-2.464	0.139	0.614	-0.737	-3.038	127.738365	37.885349
1595324894655	1595324894655	-7.959	-1.882	0.264	0.954	-0.600	-2.680	127.738365	37.885349
1595324894674	1595324894671	-8.072	-1.340	0.504	0.981	-0.504	-2.212	127.738365	37.885349
1595324894692	1595324894691	-8.146	-1.232	0.935	0.783	-0.395	-1.656	127.738365	37.885349
1595324894713	1595324894710	-8.493	-1.477	1.524	0.475	-0.201	-1.045	127.738365	37.885349
1595324894733	1595324894730	-8.843	-1.860	2.190	0.164	0.002	-0.445	127.738365	37.885349
1595324894752	1595324894751	-9.190	-1.937	2.221	-0.114	0.190	0.160	127.738365	37.885349
1595324894771	1595324894771	-10.493	-1.827	1.773	-0.410	0.540	0.911	127.738365	37.885349
1595324894791	1595324894791	-11.579	-2.052	1.986	-0.697	0.861	1.747	127.738365	37.885349
1595324894811	1595324894811	-10.925	-2.787	2.585	-0.804	0.931	2.514	127.738365	37.885349
1595324894831	1595324894830	-10.055	-3.360	3.194	-0.611	1.019	3.134	127.738365	37.885349
1595324894853	1595324894853	-10.247	-3.257	3.603	-0.339	1.098	3.552	127.738365	37.885349
1595324894870	1595324894868	-10.858	-2.739	3.311	-0.260	1.043	3.773	127.738365	37.885349
1595324894890	1595324894887	-11.722	-2.258	2.772	-0.333	0.980	3.909	127.738365	37.885349
1595324894908	1595324894908	-12.412	-1.874	2.149	-0.416	0.917	3.957	127.738365	37.885349
1595324894929	1595324894927	-12.793	-1.630	1.637	-0.574	0.895	3.952	127.738365	37.885349
1595324894948	1595324894948	-12.867	-1.851	1.665	-0.803	0.912	3.946	127.738365	37.885349
1595324894970	1595324894970	-12.530	-2.454	2.056	-0.948	0.909	3.914	127.738365	37.885349
1595324894988	1595324894988	-11.988	-3.108	2.628	-0.967	0.941	3.933	127.738365	37.885349
1595324895010	1595324895010	-11.646	-3.769	3.131	-0.926	0.951	4.038	127.738365	37.885349
1595324895028	1595324895027	-11.514	-3.997	3.196	-0.988	0.885	4.077	127.738365	37.885349
1595324895053	1595324895049	-11.593	-3.683	2.818	-1.191	0.830	4.021	127.738365	37.885349
1595324895067	1595324895065	-11.955	-3.590	2.494	-1.353	0.799	3.960	127.738365	37.885349
1595324895090	1595324895086	-12.261	-4.042	2.465	-1.325	0.764	3.849	127.738365	37.885349
1595324895106	1595324895104	-12.206	-4.500	2.619	-1.052	0.741	3.672	127.738365	37.885349
1595324895130	1595324895128	-12.077	-4.739	3.002	-0.656	0.780	3.462	127.738365	37.885349
1595324895145	1595324895145	-12.376	-4.989	3.546	-0.343	0.840	3.232	127.738365	37.885349
1595324895165	1595324895165	-12.808	-5.276	4.269	-0.147	0.853	2.963	127.738365	37.885349
1595324895185	1595324895185	-12.554	-5.389	4.607	-0.058	0.734	2.633	127.738365	37.885349
1595324895204	1595324895204	-12.252	-5.298	4.605	-0.088	0.629	2.230	127.738365	37.885349
1595324895224	1595324895224	-12.034	-5.022	4.710	-0.244	0.541	1.725	127.738365	37.885349
1595324895245	1595324895243	-12.189	-4.852	4.899	-0.502	0.440	1.094	127.738365	37.885349
1595324895265	1595324895263	-13.397	-5.130	5.426	-0.695	0.370	0.344	127.738365	37.885349
1595324895284	1595324895282	-13.313	-5.101	5.901	-0.810	0.142	-0.453	127.738365	37.885349
1595324895306	1595324895305	-11.097	-4.809	5.323	-0.907	-0.253	-1.240	127.738365	37.885349
1595324895325	1595324895323	-9.751	-4.799	4.358	-0.791	-0.472	-2.012	127.738365	37.885357
1595324895349	1595324895347	-9.602	-4.625	3.656	-0.440	-0.581	-2.728	127.738365	37.885357
1595324895371	1595324895369	-10.491	-4.711	2.940	0.076	-0.664	-3.345	127.738365	37.885357
