1595324855997	1595324855997	-12.067	-3.355	2.401	1.067	-1.084	-3.541	127.738327	37.884918
1595324856014	1595324856011	-13.699	-3.381	1.879	1.560	-1.131	-3.746	127.738327	37.884918
1595324856032	1595324856030	-14.537	-3.091	1.514	2.038	-1.248	-3.763	127.738327	37.884918
1595324856051	1595324856049	-14.453	-2.627	1.447	2.306	-1.412	-3.625	127.738327	37.884918
1595324856071	1595324856069	-13.565	-2.191	1.692	2.244	-1.615	-3.417	127.738327	37.884918
1595324856092	1595324856089	-12.403	-1.970	1.994	1.881	-1.805	-3.175	127.738327	37.884918
1595324856110	1595324856108	-11.389	-1.860	2.147	1.238	-1.963	-2.976	127.738327	37.884918
1595324856131	1595324856128	-10.553	-1.609	1.788	0.422	-2.074	-2.851	127.738327	37.884918
1595324856150	1595324856148	-9.799	-1.335	0.944	-0.449	-2.095	-2.752	127.738327	37.884918
1595324856172	1595324856172	-9.035	-1.417	0.245	-1.217	-1.996	-2.659	127.738327	37.884918
1595324856194	1595324856187	-8.340	-1.781	-0.014	-1.701	-1.799	-2.587	127.738327	37.884918
1595324856209	1595324856207	-7.801	-2.215	-0.009	-1.815	-1.524	-2.552	127.738327	37.884918
1595324856229	1595324856227	-7.456	-2.629	0.092	-1.545	-1.219	-2.514	127.738327	37.884918
1595324856248	1595324856246	-7.513	-2.890	0.156	-1.043	-0.908	-2.388	127.738327	37.884918
1595324856269	1595324856266	-7.739	-2.861	0.211	-0.508	-0.657	-2.162	127.738327	37.884918
1595324856289	1595324856286	-7.679	-2.670	0.233	-0.091	-0.482	-1.868	127.738327	37.884918
1595324856307	1595324856305	-7.422	-2.500	0.353	0.185	-0.298	-1.530	127.738327	37.884918
1595324856338	1595324856338	-7.516	-2.310	0.793	0.337	-0.034	-1.145	127.738327	37.884918
1595324856347	1595324856346	-8.258	-2.289	1.440	0.375	0.260	-0.717	127.738327	37.884930
1595324856373	1595324856371	-9.566	-2.411	1.970	0.340	0.532	-0.266	127.738327	37.884930
1595324856392	1595324856391	-10.343	-2.351	2.123	0.278	0.709	0.198	127.738327	37.884930
1595324856410	1595324856404	-10.544	-2.207	1.665	0.175	0.883	0.673	127.738327	37.884930
1595324856425	1595324856424	-12.144	-2.246	1.225	0.043	1.377	1.287	127.738327	37.884930
1595324856446	1595324856443	-13.457	-2.701	1.718	0.010	1.779	2.016	127.738327	37.884930
1595324856471	1595324856466	-12.024	-3.261	2.585	0.125	1.770	2.650	127.738327	37.884930
1595324856485	1595324856483	-10.417	-3.417	3.100	0.365	1.854	3.151	127.738327	37.884930
1595324856508	1595324856504	-10.297	-3.276	3.498	0.551	1.972	3.494	127.738327	37.884930
1595324856525	1595324856523	-10.762	-3.137	3.531	0.578	1.900	3.642	127.738327	37.884930
1595324856602	1595324856602	-11.080	-2.631	3.062	0.558	1.770	3.669	127.738327	37.884930
1595324856603	1595324856602	-11.181	-1.961	2.420	0.497	1.678	3.678	127.738327	37.884930
1595324856603	1595324856603	-11.720	-1.812	2.116	0.337	1.669	3.723	127.738327	37.884930
1595324856608	1595324856603	-12.532	-2.215	2.509	0.141	1.632	3.767	127.738327	37.884930
1595324856635	1595324856632	-12.709	-2.799	3.294	-0.021	1.482	3.723	127.738327	37.884930
1595324856644	1595324856641	-12.012	-3.146	3.860	-0.202	1.275	3.603	127.738327	37.884930
1595324856665	1595324856662	-11.025	-2.984	3.929	-0.522	1.102	3.457	127.738327	37.884930
1595324856684	1595324856681	-10.278	-2.682	3.862	-1.097	0.963	3.251	127.738327	37.884930
1595324856702	1595324856701	-9.835	-2.684	3.764	-1.804	0.824	2.942	127.738327	37.884930
1595324856722	1595324856720	-9.547	-3.111	3.587	-2.255	0.695	2.596	127.738327	37.884930
1595324856742	1595324856740	-9.411	-3.535	3.428	-2.294	0.617	2.262	127.738327	37.884930
1595324856763	1595324856761	-9.535	-3.949	3.220	-2.095	0.567	1.953	127.738327	37.884930
1595324856782	1595324856782	-9.863	-4.548	3.179	-1.778	0.500	1.648	127.738327	37.884930
1595324856802	1595324856801	-10.093	-4.960	3.230	-1.323	0.438	1.353	127.738327	37.884930
1595324856822	1595324856822	-10.149	-5.120	3.531	-0.779	0.419	1.065	127.738327	37.884930
1595324856842	1595324856839	-9.964	-5.101	3.884	-0.217	0.387	0.796	127.738327	37.884930
1595324856861	1595324856859	-9.933	-4.965	4.284	0.290	0.362	0.577	127.738327	37.884930
1595324856881	1595324856877	-10.081	-4.579	4.535	0.635	0.301	0.355	127.738327	37.884930
1595324856900	1595324856897	-10.357	-4.011	4.451	0.708	0.187	0.114	127.738327	37.884930
1595324856920	1595324856917	-11.227	-3.594	4.380	0.492	0.085	-0.182	127.738327	37.884930
1595324856940	1595324856938	-12.546	-3.618	4.564	0.124	-0.039	-0.539	127.738327	37.884930
1595324856962	1595324856958	-14.681	-4.078	5.017	-0.114	-0.154	-0.941	127.738327	37.884930
1595324856981	1595324856979	-16.106	-4.337	5.429	-0.174	-0.366	-1.369	127.738327	37.884930
1595324856997	1595324856997	-14.024	-3.942	4.748	-0.286	-0.810	-1.798	127.738327	37.884930
1595324857021	1595324857021	-11.531	-3.733	3.440	-0.360	-1.095	-2.300	127.738327	37.884930
1595324857042	1595324857035	-11.356	-3.793	2.693	-0.139	-1.091	-2.852	127.738327	37.884930
1595324857062	1595324857059	-12.740	-3.848	2.413	0.424	-1.039	-3.352	127.738327	37.884930
1595324857076	1595324857074	-14.171	-3.642	2.041	1.109	-1.055	-3.726	127.738327	37.884930
1595324857102	1595324857096	-14.726	-3.192	1.548	1.654	-1.160	-3.917	127.738327	37.884930
1595324857115	1595324857114	-14.470	-2.780	1.174	1.905	-1.295	-3.958	127.738327	37.884930
1595324857141	1595324857140	-13.656	-2.411	1.270	1.944	-1.410	-3.928	127.738327	37.884930
1595324857155	1595324857155	-12.606	-2.069	1.740	1.860	-1.491	-3.830	127.738327	37.884930
1595324857175	1595324857175	-11.643	-1.776	1.986	1.514	-1.597	-3.686	127.738327	37.884930
1595324857195	1595324857194	-10.676	-1.683	1.716	0.851	-1.704	-3.550	127.738327	37.884930
1595324857217	1595324857217	-9.677	-1.810	1.124	0.139	-1.713	-3.421	127.738327	37.884930
1595324857241	1595324857232	-8.812	-1.877	0.585	-0.395	-1.594	-3.275	127.738327	37.884930
1595324857255	1595324857253	-8.167	-1.994	0.269	-0.689	-1.393	-3.090	127.738327	37.884930
1595324857273	1595324857271	-7.743	-2.227	0.233	-0.730	-1.168	-2.894	127.738327	37.884930
1595324857294	1595324857294	-7.403	-2.562	0.197	-0.498	-0.955	-2.686	127.738327	37.884930
1595324857314	1595324857312	-7.590	-2.818	0.159	-0.079	-0.707	-2.419	127.738319	37.884945
1595324857333	1595324857330	-8.062	-2.737	0.207	0.377	-0.507	-2.093	127.738319	37.884945
1595324857353	1595324857350	-8.215	-2.195	0.192	0.678	-0.415	-1.722	127.738319	37.884945
1595324857372	1595324857370	-8.282	-1.597	0.269	0.711	-0.277	-1.267	127.738319	37.884945
1595324857392	1595324857390	-8.311	-1.462	0.585	0.521	-0.082	-0.747	127.738319	37.884945
1595324857412	1595324857409	-8.364	-1.695	0.952	0.264	0.161	-0.239	127.738319	37.884945
1595324857433	1595324857432	-8.850	-1.997	1.500	0.065	0.510	0.257	127.738319	37.884945
1595324857453	1595324857449	-9.739	-2.294	2.070	-0.042	0.854	0.752	127.738319	37.884945
1595324857470	1595324857468	-10.980	-2.591	2.281	-0.012	1.162	1.259	127.738319	37.884945
1595324857492	1595324857489	-12.592	-2.715	2.049	0.156	1.456	1.782	127.738319	37.884945
1595324857510	1595324857508	-13.018	-2.447	2.027	0.249	1.622	2.302	127.738319	37.884945
1595324857530	1595324857529	-11.900	-2.670	2.499	0.197	1.678	2.792	127.738319	37.884945
1595324857552	1595324857551	-11.193	-3.314	3.340	0.261	1.763	3.199	127.738319	37.884945
1595324857568	1595324857568	-10.946	-3.376	3.740	0.498	1.735	3.398	127.738319	37.884945
1595324857592	1595324857591	-10.786	-2.560	3.309	0.555	1.615	3.432	127.738319	37.884945
1595324857608	1595324857608	-11.121	-1.585	2.724	0.238	1.558	3.451	127.738319	37.884945
1595324857633	1595324857633	-11.569	-1.386	2.475	-0.270	1.472	3.455	127.738319	37.884945
1595324857648	1595324857645	-11.794	-1.757	2.465	-0.708	1.341	3.406	127.738319	37.884945
1595324857667	1595324857665	-11.806	-2.282	2.786	-0.935	1.253	3.295	127.738319	37.884945
1595324857687	1595324857685	-11.459	-2.720	3.249	-1.003	1.162	3.112	127.738319	37.884945
1595324857706	1595324857704	-10.721	-3.082	3.464	-1.047	1.064	2.922	127.738319	37.884945
1595324857726	1595324857726	-9.966	-3.271	3.498	-1.107	0.980	2.779	127.738319	37.884945
1595324857746	1595324857746	-9.478	-3.202	3.417	-1.231	0.900	2.634	127.738319	37.884945
1595324857766	1595324857765	-9.516	-3.194	3.345	-1.361	0.848	2.464	127.738319	37.884945
1595324857786	1595324857785	-9.782	-3.434	3.393	-1.386	0.779	2.311	127.738319	37.884945
1595324857805	1595324857805	-9.976	-3.800	3.201	-1.293	0.697	2.185	127.738319	37.884945
1595324857832	1595324857831	-10.307	-4.232	3.050	-1.052	0.641	2.095	127.738319	37.884945
1595324857845	1595324857842	-10.503	-4.498	3.246	-0.730	0.601	1.995	127.738319	37.884945
1595324857865	1595324857862	-10.417	-4.593	3.807	-0.421	0.556	1.868	127.738319	37.884945
1595324857885	1595324857882	-10.017	-4.500	4.300	-0.189	0.494	1.704	127.738319	37.884945
1595324857904	1595324857902	-9.396	-4.296	4.473	-0.109	0.411	1.508	127.738319	37.884945
1595324857924	1595324857922	-8.965	-4.241	4.487	-0.190	0.307	1.269	127.738319	37.884945
1595324857945	1595324857944	-8.922	-4.399	4.334	-0.270	0.203	0.947	127.738319	37.884945
1595324857968	1595324857967	-9.576	-4.478	4.164	-0.246	0.128	0.547	127.738319	37.884945
1595324857985	1595324857984	-11.162	-4.500	3.953	-0.178	0.083	0.073	127.738319	37.884945
1595324858008	1595324858007	-13.347	-4.442	3.896	-0.097	0.052	-0.486	127.738319	37.884945
1595324858023	1595324858023	-15.788	-4.327	4.506	-0.042	-0.007	-1.123	127.738319	37.884945
1595324858048	1595324858046	-16.928	-4.050	5.307	-0.070	-0.233	-1.745	127.738319	37.884945
1595324858063	1595324858063	-14.784	-3.616	5.151	-0.256	-0.654	-2.296	127.738319	37.884945
1595324858085	1595324858083	-11.888	-3.491	4.169	-0.441	-0.944	-2.882	127.738319	37.884945
1595324858102	1595324858100	-10.731	-3.410	3.287	-0.383	-0.976	-3.467	127.738319	37.884945
1595324858125	1595324858120	-11.377	-3.429	2.645	-0.049	-0.878	-3.978	127.738319	37.884945
1595324858142	1595324858139	-12.848	-3.662	2.216	0.566	-0.767	-4.297	127.738319	37.884945
1595324858161	1595324858162	-13.576	-3.525	1.567	1.311	-0.776	-4.410	127.738319	37.884945
1595324858181	1595324858180	-14.029	-3.168	1.368	1.919	-0.794	-4.334	127.738319	37.884945
1595324858200	1595324858198	-14.329	-2.926	1.764	2.282	-0.887	-4.062	127.738319	37.884945
1595324858219	1595324858216	-13.576	-2.493	2.274	2.330	-1.131	-3.696	127.738319	37.884945
1595324858239	1595324858236	-11.854	-1.942	2.367	2.059	-1.413	-3.325	127.738319	37.884945
1595324858258	1595324858257	-10.175	-1.515	1.927	1.414	-1.613	-2.983	127.738319	37.884945
1595324858279	1595324858277	-8.980	-1.407	1.182	0.551	-1.669	-2.683	127.738319	37.884945
1595324858297	1595324858295	-8.206	-1.472	0.525	-0.188	-1.566	-2.448	127.738319	37.884945
1595324858318	1595324858318	-7.698	-1.594	0.173	-0.581	-1.393	-2.247	127.738319	37.884956
1595324858337	1595324858335	-7.403	-1.793	0.075	-0.697	-1.193	-2.050	127.738319	37.884956
1595324858356	1595324858355	-7.250	-2.217	0.123	-0.600	-0.988	-1.870	127.738319	37.884956
1595324858376	1595324858374	-7.137	-2.449	0.137	-0.300	-0.812	-1.696	127.738319	37.884956
1595324858396	1595324858394	-7.221	-2.308	0.173	0.100	-0.626	-1.480	127.738319	37.884956
1595324858415	1595324858415	-7.753	-2.033	0.264	0.402	-0.422	-1.181	127.738319	37.884956
1595324858438	1595324858438	-8.508	-1.963	0.482	0.526	-0.218	-0.791	127.738319	37.884956
1595324858463	1595324858455	-9.135	-1.963	0.813	0.511	-0.052	-0.363	127.738319	37.884956
1595324858477	1595324858473	-9.689	-1.973	1.129	0.437	0.119	0.084	127.738319	37.884956
1595324858496	1595324858493	-10.350	-2.186	1.615	0.359	0.340	0.542	127.738319	37.884956
1595324858514	1595324858512	-10.661	-2.301	2.041	0.316	0.509	0.925	127.738319	37.884956
1595324858535	1595324858532	-10.769	-2.085	2.142	0.324	0.658	1.220	127.738319	37.884956
1595324858553	1595324858553	-11.794	-1.824	1.852	0.253	0.904	1.535	127.738319	37.884956
1595324858573	1595324858573	-12.261	-1.398	1.598	-0.006	1.055	1.852	127.738319	37.884956
1595324858596	1595324858592	-11.147	-1.355	1.622	-0.433	1.041	2.135	127.738319	37.884956
1595324858612	1595324858612	-10.884	-2.092	2.094	-0.807	1.156	2.496	127.738319	37.884956
1595324858633	1595324858632	-11.983	-2.998	2.674	-0.909	1.279	2.853	127.738319	37.884956
1595324858655	1595324858654	-11.785	-3.166	2.638	-0.853	1.139	3.031	127.738319	37.884956
1595324858673	1595324858670	-11.035	-2.845	2.367	-0.829	1.062	3.140	127.738319	37.884956
1595324858692	1595324858689	-11.260	-2.881	2.439	-0.825	1.160	3.248	127.738319	37.884956
1595324858710	1595324858709	-11.737	-3.357	2.705	-0.736	1.210	3.254	127.738319	37.884956
1595324858731	1595324858729	-11.490	-3.580	2.947	-0.460	1.207	3.152	127.738319	37.884956
1595324858750	1595324858750	-10.872	-3.336	3.175	-0.133	1.225	3.024	127.738319	37.884956
1595324858770	1595324858770	-10.340	-3.202	3.172	0.006	1.212	2.927	127.738319	37.884956
1595324858790	1595324858790	-9.825	-3.326	3.002	-0.010	1.137	2.839	127.738319	37.884956
1595324858809	1595324858809	-9.466	-3.168	2.976	-0.073	1.081	2.700	127.738319	37.884956
1595324858829	1595324858829	-9.514	-2.814	3.096	-0.227	1.055	2.518	127.738319	37.884956
1595324858853	1595324858847	-9.911	-2.878	3.220	-0.462	1.011	2.321	127.738319	37.884956
1595324858868	1595324858867	-10.218	-3.273	3.290	-0.620	0.935	2.119	127.738319	37.884956
1595324858889	1595324858886	-10.379	-3.638	3.472	-0.614	0.877	1.922	127.738319	37.884956
1595324858907	1595324858906	-10.292	-3.851	3.824	-0.558	0.804	1.721	127.738319	37.884956
1595324858928	1595324858926	-9.835	-3.911	4.214	-0.550	0.686	1.504	127.738319	37.884956
1595324858947	1595324858947	-9.329	-3.820	4.490	-0.561	0.569	1.265	127.738319	37.884956
1595324858970	1595324858970	-9.164	-3.848	4.660	-0.570	0.482	1.003	127.738319	37.884956
1595324858987	1595324858987	-9.533	-4.059	4.772	-0.526	0.396	0.727	127.738319	37.884956
1595324859015	1595324859009	-10.252	-4.301	4.753	-0.378	0.288	0.454	127.738319	37.884956
1595324859026	1595324859026	-11.320	-4.361	4.662	-0.187	0.175	0.158	127.738319	37.884956
1595324859054	1595324859050	-12.760	-4.172	4.626	-0.094	0.080	-0.167	127.738319	37.884956
1595324859065	1595324859063	-13.890	-3.927	5.067	-0.170	-0.058	-0.536	127.738319	37.884956
1595324859089	1595324859085	-14.161	-4.244	5.752	-0.308	-0.278	-0.912	127.738319	37.884956
1595324859103	1595324859102	-13.203	-4.689	5.850	-0.287	-0.529	-1.251	127.738319	37.884956
1595324859130	1595324859128	-11.152	-4.419	4.993	-0.096	-0.821	-1.629	127.738319	37.884956
1595324859145	1595324859143	-9.938	-4.002	3.702	0.167	-1.021	-2.085	127.738319	37.884956
1595324859164	1595324859162	-10.723	-3.961	2.887	0.565	-1.074	-2.556	127.738319	37.884956
1595324859185	1595324859183	-12.558	-3.810	2.549	1.181	-1.143	-2.989	127.738319	37.884956
1595324859204	1595324859204	-14.190	-3.283	2.252	1.766	-1.297	-3.322	127.738319	37.884956
1595324859224	1595324859224	-15.718	-2.725	1.941	2.038	-1.470	-3.477	127.738319	37.884956
1595324859244	1595324859244	-16.384	-2.207	1.943	1.917	-1.689	-3.494	127.738319	37.884956
1595324859264	1595324859263	-15.083	-1.649	2.164	1.414	-1.972	-3.497	127.738319	37.884956
1595324859284	1595324859283	-13.155	-1.419	2.329	0.692	-2.156	-3.539	127.738319	37.884956
1595324859303	1595324859301	-11.787	-1.379	2.482	-0.112	-2.209	-3.610	127.738319	37.884956
1595324859322	1595324859320	-10.611	-1.156	2.465	-0.897	-2.218	-3.689	127.738319	37.884968
1595324859349	1595324859348	-9.617	-1.211	1.512	-1.656	-2.169	-3.716	127.738319	37.884968
1595324859369	1595324859360	-8.886	-1.759	0.525	-2.223	-1.958	-3.640	127.738319	37.884968
1595324859382	1595324859380	-8.397	-2.430	0.094	-2.351	-1.612	-3.486	127.738319	37.884968
1595324859401	1595324859400	-8.172	-3.087	0.219	-1.921	-1.197	-3.312	127.738319	37.884968
1595324859422	1595324859419	-7.983	-3.319	0.571	-1.042	-0.849	-3.142	127.738319	37.884968
1595324859442	1595324859439	-7.811	-2.840	0.571	-0.047	-0.643	-2.890	127.738319	37.884968
1595324859462	1595324859461	-7.842	-2.069	0.475	0.660	-0.492	-2.477	127.738319	37.884968
1595324859480	1595324859478	-7.880	-1.522	0.602	0.856	-0.377	-1.945	127.738319	37.884968
1595324859502	1595324859497	-7.748	-1.585	0.820	0.686	-0.264	-1.346	127.738319	37.884968
1595324859520	1595324859516	-7.760	-2.021	1.268	0.465	-0.051	-0.724	127.738319	37.884968
1595324859541	1595324859536	-8.364	-2.471	1.958	0.368	0.252	-0.109	127.738319	37.884968
1595324859559	1595324859556	-9.581	-2.845	2.700	0.427	0.568	0.471	127.738319	37.884968
1595324859581	1595324859576	-10.716	-2.825	2.650	0.602	0.813	0.947	127.738319	37.884968
1595324859597	1595324859597	-11.804	-2.433	1.938	0.748	1.079	1.358	127.738319	37.884968
1595324859617	1595324859617	-12.743	-1.918	1.725	0.706	1.461	1.788	127.738319	37.884968
1595324859637	1595324859636	-11.811	-1.884	2.113	0.536	1.602	2.203	127.738319	37.884968
1595324859656	1595324859656	-10.489	-2.289	2.681	0.412	1.707	2.578	127.738319	37.884968
1595324859677	1595324859677	-11.013	-2.825	3.323	0.449	1.916	2.971	127.738319	37.884968
1595324859701	1595324859695	-11.713	-2.964	3.539	0.501	1.886	3.236	127.738319	37.884968
1595324859716	1595324859713	-11.385	-2.574	3.191	0.422	1.686	3.360	127.738319	37.884968
1595324859735	1595324859733	-11.083	-2.028	2.655	0.217	1.559	3.445	127.738319	37.884968
1595324859754	1595324859753	-11.629	-1.771	2.130	-0.048	1.523	3.553	127.738319	37.884968
1595324859774	1595324859774	-12.075	-1.956	2.008	-0.271	1.468	3.630	127.738319	37.884968
1595324859795	1595324859793	-11.869	-2.284	2.528	-0.404	1.386	3.645	127.738319	37.884968
1595324859815	1595324859813	-11.514	-2.593	3.079	-0.533	1.301	3.651	127.738319	37.884968
1595324859834	1595324859833	-11.217	-2.849	3.230	-0.774	1.183	3.661	127.738319	37.884968
1595324859853	1595324859853	-10.999	-2.818	3.072	-1.153	1.036	3.630	127.738319	37.884968
1595324859876	1595324859876	-11.052	-2.624	2.858	-1.642	0.916	3.533	127.738319	37.884968
1595324859893	1595324859891	-11.229	-2.885	2.679	-2.142	0.811	3.395	127.738319	37.884968
1595324859913	1595324859910	-11.497	-3.590	2.624	-2.427	0.718	3.226	127.738319	37.884968
1595324859933	1595324859930	-11.715	-4.332	2.892	-2.305	0.684	3.036	127.738319	37.884968
1595324859952	1595324859950	-11.387	-4.833	3.218	-1.911	0.636	2.811	127.738319	37.884968
1595324859971	1595324859971	-10.886	-5.187	3.263	-1.453	0.583	2.567	127.738319	37.884968
1595324859992	1595324859991	-10.781	-5.530	3.445	-0.933	0.596	2.308	127.738319	37.884968
1595324860011	1595324860011	-10.601	-5.504	4.094	-0.365	0.599	1.996	127.738319	37.884968
1595324860032	1595324860030	-10.182	-5.137	4.502	0.071	0.544	1.636	127.738319	37.884968
1595324860051	1595324860051	-10.218	-4.843	4.461	0.273	0.488	1.256	127.738319	37.884968
1595324860069	1595324860069	-10.843	-4.495	4.466	0.264	0.430	0.825	127.738319	37.884968
1595324860093	1595324860090	-11.286	-4.131	4.581	0.061	0.308	0.335	127.738319	37.884968
1595324860110	1595324860107	-12.271	-4.169	4.899	-0.258	0.204	-0.209	127.738319	37.884968
1595324860131	1595324860129	-13.794	-4.670	5.719	-0.467	0.092	-0.783	127.738319	37.884968
1595324860150	1595324860148	-12.750	-4.778	5.865	-0.499	-0.271	-1.344	127.738319	37.884968
1595324860169	1595324860168	-10.328	-4.610	4.600	-0.408	-0.661	-1.910	127.738319	37.884968
1595324860188	1595324860188	-9.851	-4.498	3.407	-0.133	-0.791	-2.518	127.738319	37.884968
1595324860208	1595324860208	-11.284	-4.507	2.784	0.365	-0.810	-3.103	127.738319	37.884968
1595324860228	1595324860227	-13.526	-4.560	2.533	1.135	-0.838	-3.613	127.738319	37.884968
1595324860247	1595324860247	-15.378	-4.095	2.298	2.009	-0.950	-3.993	127.738319	37.884968
1595324860269	1595324860269	-16.015	-3.046	1.979	2.598	-1.160	-4.178	127.738319	37.884968
1595324860287	1595324860287	-15.514	-2.239	1.871	2.700	-1.424	-4.188	127.738319	37.884968
1595324860310	1595324860304	-14.501	-1.934	1.996	2.424	-1.660	-4.128	127.738319	37.884968
1595324860326	1595324860324	-13.402	-1.764	2.164	1.932	-1.825	-4.042	127.738319	37.884972
1595324860348	1595324860348	-12.187	-1.654	2.133	1.310	-1.951	-3.968	127.738319	37.884972
1595324860370	1595324860369	-11.188	-1.690	1.675	0.621	-1.995	-3.893	127.738319	37.884972
1595324860387	1595324860383	-10.623	-1.853	0.975	-0.048	-1.924	-3.797	127.738319	37.884972
1595324860405	1595324860403	-10.299	-2.059	0.508	-0.530	-1.772	-3.670	127.738319	37.884972
1595324860424	1595324860422	-10.089	-2.279	0.341	-0.709	-1.577	-3.518	127.738319	37.884972
1595324860444	1595324860442	-9.921	-2.538	0.317	-0.581	-1.399	-3.354	127.738319	37.884972
1595324860468	1595324860466	-9.653	-2.677	0.195	-0.269	-1.264	-3.186	127.738319	37.884972
1595324860485	1595324860484	-9.236	-2.655	0.070	0.089	-1.155	-2.973	127.738319	37.884972
1595324860509	1595324860505	-8.869	-2.394	-0.050	0.317	-1.058	-2.707	127.738319	37.884972
1595324860524	1595324860522	-8.785	-1.613	-0.028	0.371	-0.930	-2.299	127.738319	37.884972
1595324860549	1595324860546	-8.527	-0.753	0.027	0.356	-0.788	-1.755	127.738319	37.884972
1595324860563	1595324860561	-8.117	-0.581	0.295	0.215	-0.539	-1.151	127.738319	37.884972
1595324860591	1595324860586	-8.038	-1.252	0.916	0.019	-0.147	-0.530	127.738319	37.884972
1595324860605	1595324860605	-8.481	-1.877	1.740	-0.100	0.296	0.053	127.738319	37.884972
1595324860626	1595324860627	-9.221	-2.195	2.355	-0.060	0.704	0.597	127.738319	37.884972
1595324860643	1595324860642	-10.618	-2.176	2.305	0.084	1.135	1.137	127.738319	37.884972
1595324860662	1595324860662	-12.340	-2.057	2.027	0.248	1.563	1.703	127.738319	37.884972
1595324860683	1595324860681	-12.396	-2.100	1.994	0.273	1.764	2.180	127.738319	37.884972
1595324860703	1595324860701	-11.100	-2.421	2.401	0.193	1.882	2.576	127.738319	37.884972
1595324860723	1595324860720	-10.855	-2.761	3.062	0.250	2.063	2.916	127.738319	37.884972
1595324860741	1595324860738	-11.114	-2.768	3.148	0.398	2.067	3.135	127.738319	37.884972
1595324860760	1595324860757	-11.102	-2.330	2.700	0.420	1.951	3.255	127.738319	37.884972
1595324860780	1595324860777	-11.248	-1.834	2.195	0.268	1.863	3.353	127.738319	37.884972
1595324860800	1595324860798	-11.684	-1.568	1.697	-0.006	1.787	3.451	127.738319	37.884972
1595324860819	1595324860819	-12.283	-1.726	1.526	-0.303	1.734	3.546	127.738319	37.884972
1595324860840	1595324860838	-12.570	-2.195	2.013	-0.547	1.658	3.598	127.738319	37.884972
1595324860858	1595324860858	-12.228	-2.701	2.681	-0.750	1.531	3.601	127.738319	37.884972
1595324860880	1595324860880	-11.842	-3.194	3.141	-0.929	1.443	3.614	127.738319	37.884972
1595324860899	1595324860899	-11.674	-3.439	3.376	-1.128	1.348	3.605	127.738319	37.884972
1595324860918	1595324860915	-11.564	-3.276	3.256	-1.417	1.232	3.514	127.738319	37.884972
1595324860937	1595324860934	-11.627	-3.264	3.105	-1.741	1.143	3.373	127.738319	37.884972
1595324860956	1595324860954	-11.600	-3.693	3.189	-1.923	1.052	3.163	127.738319	37.884972
1595324860976	1595324860974	-11.349	-4.260	3.613	-1.823	0.982	2.904	127.738319	37.884972
1595324860997	1595324860995	-11.104	-4.730	4.145	-1.444	0.936	2.603	127.738319	37.884972
1595324861021	1595324861016	-10.769	-4.926	4.485	-0.974	0.864	2.267	127.738319	37.884972
1595324861036	1595324861035	-10.393	-4.974	4.705	-0.476	0.790	1.914	127.738319	37.884972
1595324861060	1595324861057	-9.801	-4.819	4.832	-0.004	0.686	1.565	127.738319	37.884972
1595324861075	1595324861075	-9.298	-4.474	4.801	0.316	0.547	1.205	127.738319	37.884972
1595324861101	1595324861099	-9.667	-4.162	4.768	0.442	0.412	0.856	127.738319	37.884972
1595324861114	1595324861112	-10.613	-3.841	4.696	0.334	0.239	0.496	127.738319	37.884972
1595324861135	1595324861132	-11.394	-3.573	4.578	0.022	0.013	0.084	127.738319	37.884972
1595324861154	1595324861151	-12.101	-3.467	4.655	-0.381	-0.165	-0.410	127.738319	37.884972
1595324861173	1595324861171	-12.908	-3.659	5.182	-0.745	-0.295	-0.960	127.738319	37.884972
1595324861193	1595324861190	-13.277	-4.241	5.992	-0.873	-0.469	-1.467	127.738319	37.884972
1595324861212	1595324861212	-11.945	-4.857	5.822	-0.752	-0.786	-1.896	127.738319	37.884972
1595324861233	1595324861232	-10.654	-5.147	4.413	-0.394	-1.053	-2.352	127.738319	37.884972
1595324861251	1595324861252	-11.442	-4.931	2.906	0.156	-1.124	-2.841	127.738319	37.884972
1595324861271	1595324861271	-13.735	-4.464	2.097	0.843	-1.144	-3.313	127.738319	37.884972
1595324861291	1595324861289	-15.809	-3.772	1.804	1.593	-1.253	-3.736	127.738319	37.884972
1595324861310	1595324861308	-16.822	-2.883	1.613	2.138	-1.449	-4.027	127.738319	37.884972
1595324861331	1595324861328	-16.695	-2.191	1.637	2.267	-1.680	-4.096	127.738327	37.884979
1595324861349	1595324861348	-15.903	-1.889	1.919	1.971	-1.885	-4.021	127.738327	37.884979
1595324861370	1595324861368	-14.849	-1.855	2.207	1.344	-2.023	-3.953	127.738327	37.884979
1595324861390	1595324861387	-13.548	-1.886	2.061	0.553	-2.103	-3.924	127.738327	37.884979
1595324861409	1595324861407	-12.015	-1.793	1.347	-0.237	-2.096	-3.891	127.738327	37.884979
1595324861429	1595324861427	-10.625	-1.774	0.585	-0.892	-1.952	-3.829	127.738327	37.884979
1595324861447	1595324861447	-9.641	-1.982	0.111	-1.269	-1.676	-3.769	127.738327	37.884979
1595324861470	1595324861470	-9.063	-2.473	-0.023	-1.214	-1.333	-3.679	127.738327	37.884979
1595324861489	1595324861489	-8.630	-2.924	0.087	-0.764	-1.017	-3.571	127.738327	37.884979
1595324861511	1595324861509	-8.306	-3.091	0.226	-0.078	-0.756	-3.431	127.738327	37.884979
1595324861528	1595324861525	-8.196	-2.883	0.389	0.642	-0.528	-3.211	127.738327	37.884979
1595324861551	1595324861549	-7.899	-2.167	0.458	1.209	-0.407	-2.901	127.738327	37.884979
1595324861567	1595324861565	-7.310	-1.290	0.398	1.471	-0.349	-2.505	127.738327	37.884979
1595324861592	1595324861587	-7.013	-0.605	0.391	1.365	-0.214	-2.012	127.738327	37.884979
1595324861606	1595324861606	-7.324	-0.550	0.729	0.992	0.013	-1.438	127.738327	37.884979
1595324861631	1595324861631	-8.009	-1.144	1.258	0.585	0.274	-0.805	127.738327	37.884979
1595324861646	1595324861646	-8.618	-1.860	1.725	0.319	0.533	-0.160	127.738327	37.884979
1595324861665	1595324861665	-9.154	-2.356	1.970	0.258	0.782	0.432	127.738327	37.884979
1595324861685	1595324861685	-10.007	-2.385	1.907	0.311	1.059	0.988	127.738327	37.884979
1595324861704	1595324861705	-11.313	-2.001	1.574	0.347	1.353	1.536	127.738327	37.884979
1595324861729	1595324861723	-12.388	-1.743	1.471	0.199	1.605	2.096	127.738327	37.884979
1595324861745	1595324861744	-12.460	-2.203	2.027	-0.066	1.738	2.665	127.738327	37.884979
1595324861764	1595324861762	-11.749	-2.900	2.897	-0.158	1.776	3.161	127.738327	37.884979
1595324861785	1595324861782	-11.363	-3.194	3.522	-0.029	1.809	3.485	127.738327	37.884979
1595324861804	1595324861802	-11.473	-3.233	3.728	0.082	1.783	3.639	127.738327	37.884979
1595324861824	1595324861824	-11.749	-3.063	3.515	0.163	1.702	3.652	127.738327	37.884979
1595324861845	1595324861844	-11.857	-2.497	3.096	0.223	1.622	3.548	127.738327	37.884979
1595324861864	1595324861863	-11.849	-1.803	2.686	0.135	1.563	3.384	127.738327	37.884979
1595324861883	1595324861883	-11.701	-1.436	2.513	-0.137	1.497	3.206	127.738327	37.884979
1595324861903	1595324861901	-11.133	-1.417	2.722	-0.532	1.389	3.038	127.738327	37.884979
1595324861927	1595324861925	-10.496	-1.798	3.179	-0.974	1.266	2.892	127.738327	37.884979
1595324861944	1595324861941	-10.101	-2.303	3.419	-1.361	1.141	2.741	127.738327	37.884979
1595324861963	1595324861962	-10.120	-2.567	3.376	-1.700	1.035	2.614	127.738327	37.884979
1595324861981	1595324861979	-10.683	-2.701	3.330	-2.047	0.944	2.507	127.738327	37.884979
1595324862003	1595324862001	-11.210	-3.173	3.177	-2.289	0.822	2.426	127.738327	37.884979
1595324862021	1595324862020	-11.291	-3.930	3.045	-2.234	0.711	2.398	127.738327	37.884979
1595324862044	1595324862039	-11.215	-4.613	3.218	-1.866	0.654	2.396	127.738327	37.884979
1595324862061	1595324862059	-10.805	-5.013	3.558	-1.295	0.610	2.364	127.738327	37.884979
1595324862084	1595324862078	-10.331	-4.991	3.845	-0.671	0.602	2.287	127.738327	37.884979
1595324862100	1595324862100	-10.218	-4.761	4.281	-0.165	0.637	2.184	127.738327	37.884979
1595324862123	1595324862121	-10.120	-4.593	4.686	0.174	0.619	2.053	127.738327	37.884979
1595324862139	1595324862136	-9.988	-4.531	4.880	0.388	0.538	1.880	127.738327	37.884979
1595324862158	1595324862155	-10.103	-4.335	4.933	0.483	0.434	1.643	127.738327	37.884979
1595324862179	1595324862175	-10.601	-4.006	4.729	0.397	0.294	1.348	127.738327	37.884979
1595324862196	1595324862195	-11.492	-3.724	4.437	0.103	0.140	0.959	127.738327	37.884979
1595324862216	1595324862216	-12.314	-3.599	4.327	-0.343	-0.035	0.458	127.738327	37.884979
1595324862236	1595324862234	-13.557	-3.860	4.617	-0.779	-0.165	-0.137	127.738327	37.884979
1595324862256	1595324862256	-14.501	-4.193	5.302	-1.027	-0.298	-0.781	127.738327	37.884979
1595324862276	1595324862276	-12.602	-4.160	5.156	-1.155	-0.646	-1.422	127.738327	37.884979
1595324862295	1595324862293	-10.326	-4.074	4.073	-1.168	-0.873	-2.082	127.738327	37.884979
1595324862320	1595324862320	-9.868	-4.078	3.105	-0.997	-0.909	-2.740	127.738327	37.884979
1595324862335	1595324862333	-11.083	-4.330	2.489	-0.541	-0.851	-3.355	127.738335	37.884979
1595324862354	1595324862352	-12.985	-4.577	2.053	0.248	-0.797	-3.858	127.738335	37.884979
1595324862374	1595324862372	-14.518	-4.304	1.591	1.194	-0.803	-4.195	127.738335	37.884979
1595324862394	1595324862392	-15.340	-3.676	1.268	1.985	-0.878	-4.345	127.738335	37.884979
1595324862414	1595324862412	-15.258	-2.988	1.376	2.435	-1.045	-4.345	127.738335	37.884979
1595324862434	1595324862432	-14.427	-2.322	1.900	2.433	-1.242	-4.261	127.738335	37.884979
1595324862453	1595324862452	-13.232	-1.870	2.269	2.060	-1.430	-4.169	127.738335	37.884979
1595324862473	1595324862473	-12.106	-1.546	2.058	1.486	-1.540	-4.051	127.738335	37.884979
1595324862494	1595324862492	-11.018	-1.458	1.407	0.836	-1.565	-3.901	127.738335	37.884979
1595324862512	1595324862511	-9.945	-1.508	0.786	0.182	-1.498	-3.748	127.738335	37.884979
1595324862532	1595324862530	-9.193	-1.745	0.322	-0.323	-1.333	-3.578	127.738335	37.884979
1595324862551	1595324862549	-8.874	-2.057	0.075	-0.554	-1.102	-3.370	127.738335	37.884979
1595324862571	1595324862569	-8.728	-2.342	-0.081	-0.512	-0.884	-3.117	127.738335	37.884979
1595324862593	1595324862590	-8.239	-2.466	-0.093	-0.274	-0.752	-2.829	127.738335	37.884979
1595324862610	1595324862608	-7.370	-2.342	-0.033	0.047	-0.653	-2.526	127.738335	37.884979
1595324862632	1595324862630	-6.819	-2.169	0.077	0.329	-0.459	-2.175	127.738335	37.884979
1595324862650	1595324862650	-6.972	-1.970	0.211	0.491	-0.177	-1.738	127.738335	37.884979
1595324862670	1595324862669	-7.528	-1.898	0.410	0.550	0.108	-1.197	127.738335	37.884979
1595324862690	1595324862689	-7.921	-2.078	0.954	0.548	0.356	-0.607	127.738335	37.884979
1595324862711	1595324862709	-8.237	-2.423	1.524	0.539	0.598	-0.038	127.738335	37.884979
1595324862730	1595324862730	-9.020	-2.737	2.010	0.574	0.904	0.491	127.738335	37.884979
1595324862749	1595324862747	-9.962	-2.893	2.506	0.740	1.189	0.934	127.738335	37.884979
1595324862768	1595324862766	-10.738	-2.790	2.602	1.064	1.396	1.273	127.738335	37.884979
1595324862788	1595324862786	-12.079	-2.128	2.248	1.326	1.698	1.629	127.738335	37.884979
1595324862807	1595324862806	-13.457	-1.474	2.231	1.239	1.980	2.071	127.738335	37.884979
1595324862828	1595324862827	-13.291	-1.740	2.925	0.831	2.041	2.501	127.738335	37.884979
1595324862847	1595324862848	-11.964	-2.413	3.910	0.438	1.949	2.806	127.738335	37.884979
1595324862869	1595324862868	-11.044	-2.459	4.394	0.186	1.805	2.970	127.738335	37.884979
1595324862887	1595324862886	-10.596	-1.726	3.805	-0.220	1.580	3.023	127.738335	37.884979
1595324862907	1595324862905	-10.798	-1.132	2.873	-0.853	1.379	3.065	127.738335	37.884979
1595324862928	1595324862928	-11.080	-1.247	2.351	-1.454	1.186	3.088	127.738335	37.884979
1595324862946	1595324862944	-11.284	-1.908	2.233	-1.762	1.010	3.057	127.738335	37.884979
1595324862968	1595324862965	-11.540	-2.481	2.638	-1.763	0.907	2.957	127.738335	37.884979
1595324862985	1595324862982	-11.246	-2.665	2.985	-1.716	0.768	2.793	127.738335	37.884979
1595324863009	1595324863005	-10.561	-2.900	2.990	-1.793	0.625	2.684	127.738335	37.884979
1595324863024	1595324863024	-9.988	-3.336	2.930	-1.909	0.514	2.676	127.738335	37.884979
1595324863049	1595324863047	-9.638	-3.585	2.918	-1.954	0.421	2.643	127.738335	37.884979
1595324863064	1595324863064	-9.554	-3.523	2.921	-1.926	0.370	2.549	127.738335	37.884979
1595324863089	1595324863088	-9.552	-3.642	2.890	-1.826	0.334	2.467	127.738335	37.884979
1595324863103	1595324863103	-9.535	-4.098	2.794	-1.595	0.302	2.417	127.738335	37.884979
1595324863128	1595324863128	-9.737	-4.440	2.731	-1.260	0.307	2.372	127.738335	37.884979
1595324863145	1595324863143	-10.067	-4.646	2.789	-0.856	0.324	2.310	127.738335	37.884979
1595324863166	1595324863163	-10.266	-4.847	2.988	-0.392	0.339	2.209	127.738335	37.884979
1595324863184	1595324863181	-10.311	-4.876	3.364	0.035	0.385	2.063	127.738335	37.884979
1595324863203	1595324863201	-10.287	-4.866	3.841	0.350	0.416	1.872	127.738335	37.884979
1595324863221	1595324863221	-10.196	-4.840	4.020	0.559	0.392	1.612	127.738335	37.884979
1595324863243	1595324863241	-10.596	-4.843	4.059	0.703	0.403	1.287	127.738335	37.884979
1595324863262	1595324863262	-11.100	-4.943	4.243	0.806	0.374	0.841	127.738335	37.884979
1595324863282	1595324863282	-11.706	-4.838	4.447	0.855	0.330	0.268	127.738335	37.884979
1595324863313	1595324863312	-12.673	-4.349	4.907	0.811	0.316	-0.381	127.738335	37.884979
1595324863321	1595324863320	-13.989	-3.990	5.620	0.619	0.216	-1.060	127.738335	37.884979
1595324863349	1595324863342	-14.856	-3.894	6.198	0.369	-0.030	-1.722	127.738335	37.884979
1595324863367	1595324863367	-13.107	-3.772	5.649	0.124	-0.518	-2.310	127.738335	37.884979
1595324863379	1595324863376	-10.577	-3.786	3.982	0.024	-0.936	-2.867	127.738335	37.884983
1595324863399	1595324863396	-10.520	-3.891	2.806	0.215	-1.023	-3.383	127.738335	37.884983
1595324863419	1595324863416	-12.345	-3.975	2.271	0.727	-1.010	-3.827	127.738335	37.884983
1595324863439	1595324863436	-14.228	-3.777	1.893	1.474	-1.042	-4.138	127.738335	37.884983
1595324863459	1595324863455	-15.354	-3.094	1.713	2.110	-1.150	-4.287	127.738335	37.884983
1595324863477	1595324863475	-15.241	-2.320	1.673	2.352	-1.369	-4.215	127.738335	37.884983
1595324863496	1595324863496	-14.535	-1.942	1.802	2.187	-1.565	-3.980	127.738335	37.884983
1595324863516	1595324863516	-13.622	-1.886	2.128	1.729	-1.719	-3.701	127.738335	37.884983
1595324863536	1595324863536	-12.213	-1.846	2.027	1.067	-1.904	-3.453	127.738335	37.884983
1595324863556	1595324863554	-10.759	-1.728	1.486	0.285	-2.001	-3.249	127.738335	37.884983
1595324863574	1595324863574	-9.617	-1.616	0.865	-0.470	-1.962	-3.076	127.738335	37.884983
1595324863596	1595324863593	-8.647	-1.707	0.374	-1.003	-1.809	-2.943	127.738335	37.884983
1595324863614	1595324863613	-7.892	-1.997	0.147	-1.202	-1.577	-2.843	127.738335	37.884983
1595324863635	1595324863633	-7.513	-2.330	0.034	-1.074	-1.274	-2.759	127.738335	37.884983
1595324863655	1595324863655	-7.468	-2.648	0.084	-0.659	-0.940	-2.654	127.738335	37.884983
1595324863674	1595324863672	-7.590	-2.684	0.197	-0.071	-0.654	-2.497	127.738335	37.884983
1595324863694	1595324863693	-7.605	-2.176	0.226	0.493	-0.465	-2.259	127.738335	37.884983
1595324863713	1595324863713	-7.698	-1.465	0.180	0.825	-0.298	-1.880	127.738335	37.884983
1595324863733	1595324863733	-7.961	-1.094	0.393	0.827	-0.092	-1.372	127.738335	37.884983
1595324863753	1595324863751	-8.060	-1.278	0.801	0.640	0.097	-0.803	127.738335	37.884983
1595324863772	1595324863770	-8.218	-1.733	1.227	0.449	0.320	-0.207	127.738335	37.884983
1595324863793	1595324863790	-8.742	-2.188	1.582	0.346	0.603	0.397	127.738335	37.884983
1595324863811	1595324863810	-9.471	-2.289	1.797	0.301	0.865	0.962	127.738335	37.884983
1595324863832	1595324863830	-10.321	-2.229	1.800	0.287	1.082	1.472	127.738335	37.884983
1595324863851	1595324863851	-12.043	-2.224	1.591	0.250	1.375	1.972	127.738335	37.884983
1595324863871	1595324863871	-13.703	-2.169	1.596	0.110	1.625	2.507	127.738335	37.884983
1595324863891	1595324863891	-12.980	-2.325	2.027	-0.132	1.584	2.964	127.738335	37.884983
1595324863910	1595324863910	-11.507	-2.905	2.700	-0.287	1.573	3.366	127.738335	37.884983
1595324863931	1595324863928	-11.363	-3.503	3.402	-0.187	1.640	3.678	127.738335	37.884983
1595324863951	1595324863951	-11.845	-3.499	3.591	-0.004	1.577	3.803	127.738335	37.884983
1595324863970	1595324863968	-12.314	-2.969	3.340	0.066	1.446	3.808	127.738335	37.884983
1595324863990	1595324863987	-12.281	-2.339	2.849	-0.087	1.292	3.727	127.738335	37.884983
1595324864010	1595324864008	-12.017	-2.047	2.379	-0.421	1.160	3.567	127.738335	37.884983
1595324864029	1595324864026	-11.818	-1.922	2.377	-0.790	1.084	3.334	127.738335	37.884983
1595324864051	1595324864050	-11.452	-1.755	2.765	-1.126	1.016	3.053	127.738335	37.884983
1595324864068	1595324864068	-10.980	-1.913	3.012	-1.506	0.928	2.785	127.738335	37.884983
1595324864091	1595324864089	-10.517	-2.555	2.842	-1.881	0.815	2.579	127.738335	37.884983
1595324864107	1595324864106	-10.285	-3.127	2.619	-2.180	0.720	2.417	127.738335	37.884983
1595324864130	1595324864130	-10.204	-3.467	2.571	-2.370	0.636	2.273	127.738335	37.884983
1595324864151	1595324864151	-10.043	-3.973	2.501	-2.350	0.541	2.161	127.738335	37.884983
1595324864167	1595324864165	-9.741	-4.648	2.458	-2.009	0.468	2.092	127.738335	37.884983
1595324864186	1595324864184	-9.511	-5.096	2.501	-1.393	0.460	2.030	127.738335	37.884983
1595324864205	1595324864203	-9.559	-5.267	2.849	-0.652	0.517	1.948	127.738335	37.884983
1595324864225	1595324864223	-9.557	-5.087	3.342	0.036	0.563	1.835	127.738335	37.884983
1595324864246	1595324864244	-9.461	-4.692	3.915	0.524	0.583	1.680	127.738335	37.884983
1595324864265	1595324864265	-9.669	-4.395	4.451	0.786	0.593	1.482	127.738335	37.884983
1595324864286	1595324864285	-9.751	-4.081	4.818	0.832	0.527	1.260	127.738335	37.884983
1595324864304	1595324864302	-9.751	-3.750	4.756	0.674	0.392	0.999	127.738335	37.884983
1595324864328	1595324864328	-10.230	-3.707	4.490	0.400	0.272	0.684	127.738342	37.884991
1595324864346	1595324864344	-11.138	-3.767	4.202	0.163	0.156	0.302	127.738342	37.884991
1595324864372	1595324864367	-12.477	-3.930	4.152	0.026	0.076	-0.149	127.738342	37.884991
1595324864386	1595324864382	-14.286	-4.107	4.516	0.002	0.018	-0.680	127.738342	37.884991
1595324864403	1595324864402	-15.747	-4.217	5.321	0.032	-0.121	-1.231	127.738342	37.884991
1595324864423	1595324864423	-14.463	-4.009	5.673	-0.013	-0.489	-1.736	127.738342	37.884991
1595324864444	1595324864441	-11.818	-3.757	4.847	-0.111	-0.852	-2.233	127.738342	37.884991
1595324864468	1595324864465	-10.829	-3.654	3.915	-0.079	-0.998	-2.777	127.738342	37.884991
1595324864483	1595324864483	-11.306	-3.609	3.062	0.195	-1.089	-3.301	127.738342	37.884991
1595324864507	1595324864506	-13.040	-3.561	2.295	0.690	-1.130	-3.721	127.738342	37.884991
1595324864522	1595324864522	-14.745	-3.331	1.625	1.285	-1.219	-3.982	127.738342	37.884991
1595324864546	1595324864546	-15.471	-2.766	1.246	1.736	-1.376	-4.064	127.738342	37.884991
1595324864565	1595324864565	-15.265	-2.277	1.308	1.852	-1.556	-3.997	127.738342	37.884991
1595324864585	1595324864580	-14.345	-2.025	1.766	1.625	-1.751	-3.854	127.738342	37.884991
1595324864600	1595324864599	-13.143	-1.863	2.159	1.132	-1.913	-3.697	127.738342	37.884991
1595324864622	1595324864619	-11.940	-1.793	2.044	0.411	-2.029	-3.573	127.738342	37.884991
1595324864641	1595324864637	-10.726	-1.702	1.356	-0.405	-2.058	-3.490	127.738342	37.884991
1595324864660	1595324864658	-9.645	-1.647	0.662	-1.093	-1.926	-3.399	127.738342	37.884991
1595324864679	1595324864678	-8.793	-1.726	0.147	-1.525	-1.647	-3.299	127.738342	37.884991
1595324864699	1595324864698	-8.112	-2.013	-0.057	-1.606	-1.316	-3.174	127.738342	37.884991
1595324864719	1595324864717	-7.468	-2.375	-0.009	-1.323	-0.982	-3.029	127.738342	37.884991
1595324864738	1595324864737	-7.159	-2.579	0.029	-0.747	-0.640	-2.836	127.738342	37.884991
1595324864757	1595324864757	-7.334	-2.560	0.161	-0.049	-0.313	-2.557	127.738342	37.884991
1595324864778	1595324864775	-7.375	-2.351	0.257	0.569	-0.118	-2.213	127.738342	37.884991
1595324864796	1595324864795	-7.248	-2.021	0.230	1.007	0.021	-1.786	127.738342	37.884991
1595324864816	1595324864814	-7.329	-1.803	0.463	1.215	0.226	-1.258	127.738342	37.884991
1595324864836	1595324864834	-7.331	-1.851	0.858	1.265	0.409	-0.689	127.738342	37.884991
1595324864855	1595324864855	-7.272	-2.035	1.179	1.246	0.599	-0.111	127.738342	37.884991
1595324864875	1595324864875	-7.708	-2.164	1.524	1.188	0.894	0.467	127.738342	37.884991
1595324864895	1595324864895	-8.371	-2.291	2.250	1.105	1.191	0.997	127.738342	37.884991
1595324864914	1595324864913	-9.408	-2.770	3.395	1.149	1.444	1.470	127.738342	37.884991
1595324864935	1595324864934	-11.684	-3.369	3.932	1.459	1.651	1.976	127.738342	37.884991
1595324864954	1595324864954	-13.181	-2.579	3.325	1.739	1.732	2.406	127.738342	37.884991
1595324864974	1595324864974	-12.439	-1.014	2.698	1.379	1.756	2.725	127.738342	37.884991
1595324864994	1595324864992	-11.933	-0.868	3.031	0.431	1.877	3.154	127.738342	37.884991
1595324865012	1595324865012	-12.362	-1.767	4.044	-0.384	1.855	3.550	127.738342	37.884991
1595324865033	1595324865031	-12.693	-2.234	4.418	-0.821	1.647	3.718	127.738342	37.884991
1595324865053	1595324865050	-12.745	-2.104	3.812	-1.222	1.392	3.743	127.738342	37.884991
1595324865072	1595324865072	-12.570	-2.112	2.995	-1.714	1.141	3.681	127.738342	37.884991
1595324865093	1595324865092	-12.134	-2.548	2.569	-2.082	0.922	3.507	127.738342	37.884991
1595324865112	1595324865112	-11.651	-3.055	2.533	-2.081	0.803	3.208	127.738342	37.884991
1595324865132	1595324865131	-11.042	-3.182	2.707	-1.752	0.774	2.832	127.738342	37.884991
1595324865151	1595324865151	-10.146	-3.084	2.825	-1.411	0.757	2.481	127.738342	37.884991
1595324865175	1595324865169	-9.334	-3.228	2.736	-1.263	0.727	2.203	127.738342	37.884991
1595324865191	1595324865189	-8.903	-3.417	2.585	-1.213	0.697	1.996	127.738342	37.884991
1595324865210	1595324865208	-8.877	-3.355	2.487	-1.149	0.682	1.842	127.738342	37.884991
1595324865230	1595324865228	-9.265	-3.254	2.465	-1.098	0.676	1.714	127.738342	37.884991
1595324865249	1595324865247	-9.684	-3.417	2.533	-1.031	0.660	1.628	127.738342	37.884991
1595324865268	1595324865269	-9.914	-3.769	2.837	-0.850	0.654	1.607	127.738342	37.884991
1595324865290	1595324865288	-9.950	-4.172	3.340	-0.548	0.665	1.650	127.738342	37.884991
1595324865313	1595324865313	-9.859	-4.524	3.793	-0.204	0.672	1.705	127.738342	37.884991
1595324865328	1595324865326	-9.705	-4.701	4.152	0.126	0.681	1.732	127.738342	37.884998
1595324865348	1595324865347	-9.514	-4.617	4.511	0.420	0.662	1.702	127.738342	37.884998
1595324865372	1595324865369	-9.511	-4.557	4.724	0.658	0.604	1.598	127.738342	37.884998
1595324865393	1595324865391	-9.875	-4.380	4.732	0.822	0.516	1.406	127.738342	37.884998
1595324865408	1595324865405	-10.685	-4.040	4.502	0.846	0.405	1.129	127.738342	37.884998
1595324865428	1595324865426	-11.885	-3.724	4.382	0.671	0.277	0.749	127.738342	37.884998
1595324865446	1595324865445	-12.934	-3.434	4.459	0.329	0.112	0.264	127.738342	37.884998
1595324865470	1595324865468	-13.828	-3.158	4.914	-0.113	-0.067	-0.300	127.738342	37.884998
1595324865487	1595324865485	-13.967	-2.955	5.666	-0.626	-0.309	-0.896	127.738342	37.884998
1595324865509	1595324865507	-12.098	-2.909	5.510	-1.161	-0.704	-1.479	127.738342	37.884998
1595324865525	1595324865525	-10.259	-3.142	4.176	-1.542	-1.003	-2.065	127.738342	37.884998
1595324865549	1595324865547	-10.393	-3.515	2.894	-1.628	-1.073	-2.646	127.738342	37.884998
1595324865564	1595324865564	-12.115	-3.944	2.214	-1.356	-1.016	-3.174	127.738342	37.884998
1595324865592	1595324865589	-13.636	-4.181	1.780	-0.723	-0.979	-3.625	127.738342	37.884998
1595324865604	1595324865602	-14.314	-3.824	1.416	0.069	-0.949	-3.922	127.738342	37.884998
1595324865628	1595324865626	-14.149	-3.336	1.337	0.647	-0.950	-4.023	127.738342	37.884998
1595324865644	1595324865642	-13.370	-3.058	1.677	0.874	-0.998	-4.000	127.738342	37.884998
1595324865664	1595324865663	-12.463	-2.809	2.415	0.865	-1.036	-3.923	127.738342	37.884998
1595324865685	1595324865682	-11.545	-2.346	2.959	0.660	-1.100	-3.852	127.738342	37.884998
1595324865704	1595324865704	-10.182	-1.690	2.664	0.150	-1.235	-3.758	127.738342	37.884998
1595324865724	1595324865724	-8.819	-1.585	1.773	-0.542	-1.254	-3.606	127.738342	37.884998
1595324865744	1595324865743	-8.100	-2.049	1.138	-1.094	-1.057	-3.408	127.738342	37.884998
1595324865763	1595324865763	-7.909	-2.593	1.088	-1.163	-0.779	-3.193	127.738342	37.884998
1595324865787	1595324865787	-7.851	-2.902	1.124	-0.785	-0.569	-2.972	127.738342	37.884998
1595324865802	1595324865800	-7.858	-3.034	1.016	-0.170	-0.416	-2.715	127.738342	37.884998
1595324865822	1595324865820	-7.933	-2.969	0.805	0.475	-0.300	-2.405	127.738342	37.884998
